0.000 0.544
0.544 0.544
1.179 0.635
1.759 0.58
7.419 5.66
7.999 0.58
8.582 0.583
9.167 0.585
9.762 0.595
10.357 0.595
10.952 0.595
11.53 0.578
12.116 0.586
12.701 0.585
13.287 0.586
13.866 0.579
14.462 0.596
14.838 0.376
15.111 0.273
15.702 0.591
16.348 0.646
16.973 0.625
17.613 0.64
18.254 0.641
18.9 0.646
19.553 0.653
20.22 0.667
20.898 0.678
21.555 0.657
22.22 0.665
22.895 0.675
23.578 0.683
24.273 0.695
24.965 0.692
25.625 0.66
26.286 0.661
26.944 0.658
27.603 0.659
28.251 0.648
28.904 0.653
29.577 0.673
30.282 0.705
30.973 0.691
31.658 0.685
32.349 0.691
33.053 0.704
33.743 0.69
34.435 0.692
35.14 0.705
35.89 0.75
36.656 0.766
37.384 0.728
38.102 0.718
38.822 0.72
39.539 0.717
40.251 0.712
40.933 0.682
41.615 0.682
42.312 0.697
43.031 0.719
43.752 0.721
44.444 0.692
45.134 0.69
45.827 0.693
46.532 0.705
47.252 0.72
47.944 0.692
48.632 0.688
49.332 0.7
50.04 0.708
50.738 0.698
51.415 0.677
52.111 0.696
52.815 0.704
53.52 0.705
54.212 0.692
54.944 0.732
55.671 0.727
56.391 0.72
57.071 0.68
57.73 0.659
58.37 0.64
59.016 0.646
59.669 0.653
60.354 0.685
61.078 0.724
61.828 0.75
62.549 0.721
63.225 0.676
63.898 0.673
64.577 0.679
65.283 0.706
66.004 0.721
66.691 0.687
67.363 0.672
68.05 0.687
68.756 0.706
69.49 0.734
70.202 0.712
70.883 0.681
71.567 0.684
72.258 0.691
72.972 0.714
73.661 0.689
74.33 0.669
75.009 0.679
75.704 0.695
76.407 0.703
77.084 0.677
77.752 0.668
78.431 0.679
79.135 0.704
79.853 0.718
80.544 0.691
81.237 0.693
81.956 0.719
82.696 0.74
83.401 0.705
84.088 0.687
84.778 0.69
85.475 0.697
86.186 0.711
86.872 0.686
87.551 0.679
88.229 0.678
88.895 0.666
89.549 0.654
90.207 0.658
90.853 0.646
91.499 0.646
92.155 0.656
92.842 0.687
93.536 0.694
94.199 0.663
94.875 0.676
95.579 0.704
96.31 0.731
97.013 0.703
97.694 0.681
98.385 0.691
99.085 0.7
99.797 0.712
100.485 0.688
101.148 0.663
101.814 0.666
102.499 0.685
103.206 0.707
103.896 0.69
104.572 0.676
105.258 0.686
105.969 0.711
106.712 0.743
107.415 0.703
108.104 0.689
108.805 0.701
109.528 0.723
110.219 0.691
110.888 0.669
111.56 0.672
112.23 0.67
112.929 0.699
113.608 0.679
114.287 0.679
114.988 0.701
115.705 0.717
116.411 0.706
117.099 0.688
117.803 0.704
118.519 0.716
119.241 0.722
119.933 0.692
120.623 0.69
121.341 0.718
122.074 0.733
122.789 0.715
123.481 0.692
124.187 0.706
124.911 0.724
125.66 0.749
126.374 0.714
127.08 0.706
127.799 0.719
128.538 0.739
129.254 0.716
129.945 0.691
130.663 0.718
131.395 0.732
132.151 0.756
132.864 0.713
133.567 0.703
134.287 0.72
135.019 0.732
135.731 0.712
136.41 0.679
137.087 0.677
137.777 0.69
138.477 0.7
139.163 0.686
139.833 0.67
140.511 0.678
141.204 0.693
141.921 0.717
142.6 0.679
143.272 0.672
143.952 0.68
144.652 0.7
145.366 0.714
146.069 0.703
146.76 0.691
147.474 0.714
148.216 0.742
148.953 0.737
149.646 0.693
150.326 0.68
151.009 0.683
151.703 0.694
152.38 0.677
153.042 0.662
153.718 0.676
154.407 0.689
155.127 0.72
155.817 0.69
156.503 0.686
157.206 0.703
157.927 0.721
158.634 0.707
159.309 0.675
159.971 0.662
160.633 0.662
161.294 0.661
161.938 0.644
162.586 0.648
163.236 0.65
163.883 0.647
164.538 0.655
165.202 0.664
165.877 0.675
166.548 0.671
167.256 0.708
167.961 0.705
168.653 0.692
169.365 0.712
170.077 0.712
170.787 0.71
171.475 0.688
172.158 0.683
172.853 0.695
173.565 0.712
174.275 0.71
174.968 0.693
175.696 0.728
176.44 0.744
177.191 0.751
177.902 0.711
178.634 0.732
179.378 0.744
180.123 0.745
180.822 0.699
181.526 0.704
182.239 0.713
182.971 0.732
183.681 0.71
184.37 0.689
185.079 0.709
185.793 0.714
186.523 0.73
187.22 0.697
187.934 0.714
188.654 0.72
189.385 0.731
190.087 0.702
190.794 0.707
191.509 0.715
192.234 0.725
192.932 0.698
193.618 0.686
194.321 0.703
195.028 0.707
195.743 0.715
196.426 0.683
197.121 0.695
197.844 0.723
198.569 0.725
199.267 0.698
199.967 0.7
200.685 0.718
201.409 0.724
202.112 0.703
202.799 0.687
203.501 0.702
204.204 0.703
204.919 0.715
205.604 0.685
206.274 0.67
206.961 0.687
207.652 0.691
208.359 0.707
209.042 0.683
209.721 0.679
210.42 0.699
211.128 0.708
211.831 0.703
212.506 0.675
213.191 0.685
213.893 0.702
214.604 0.711
215.297 0.693
215.979 0.682
216.683 0.704
217.392 0.709
218.082 0.69
218.752 0.67
219.433 0.681
220.127 0.694
220.816 0.689
221.486 0.67
222.166 0.68
222.855 0.689
223.555 0.7
224.227 0.672
224.903 0.676
225.593 0.69
226.293 0.7
226.98 0.687
227.652 0.672
228.335 0.683
229.031 0.696
229.749 0.718
230.444 0.695
231.132 0.688
231.826 0.694
232.536 0.71
233.238 0.702
233.919 0.681
234.617 0.698
235.338 0.721
236.069 0.731
236.767 0.698
237.465 0.698
238.171 0.706
238.906 0.735
239.607 0.701
240.32 0.713
241.052 0.732
241.764 0.712
242.456 0.692
243.124 0.668
243.798 0.674
244.482 0.684
245.162 0.68
245.824 0.662
246.498 0.674
247.183 0.685
247.879 0.696
248.552 0.673
249.225 0.673
249.916 0.691
250.625 0.709
251.331 0.706
252.006 0.675
252.686 0.68
253.38 0.694
254.085 0.705
254.762 0.677
255.442 0.68
256.135 0.693
256.854 0.719
257.535 0.681
258.221 0.686
258.882 0.661
259.524 0.642
260.164 0.64
260.81 0.646
261.442 0.632
262.069 0.627
262.705 0.636
263.361 0.656
264.034 0.673
264.68 0.646
265.328 0.648
265.988 0.66
266.663 0.675
267.326 0.663
267.974 0.648
268.635 0.661
269.318 0.683
270.032 0.714
270.73 0.698
271.409 0.679
272.106 0.697
272.825 0.719
273.558 0.733
274.257 0.699
274.942 0.685
275.637 0.695
276.336 0.699
277.047 0.711
277.724 0.677
278.41 0.686
279.098 0.688
279.792 0.694
280.459 0.667
281.134 0.675
281.818 0.684
282.51 0.692
283.182 0.672
283.843 0.661
284.516 0.673
285.199 0.683
285.881 0.682
286.545 0.664
287.218 0.673
287.898 0.68
288.588 0.69
289.248 0.66
289.909 0.661
290.591 0.682
291.278 0.687
291.964 0.686
292.628 0.664
293.3 0.672
293.985 0.685
294.691 0.706
295.362 0.671
296.022 0.66
296.689 0.667
297.365 0.676
298.066 0.701
298.733 0.667
299.42 0.687
300.098 0.678
300.78 0.682
301.456 0.676
302.117 0.661
302.769 0.652
303.396 0.627
304.02 0.624
304.646 0.626
305.289 0.643
305.95 0.661
306.605 0.655
307.292 0.687
308.005 0.713
308.718 0.713
309.405 0.687
310.083 0.678
310.768 0.685
311.453 0.685
312.137 0.684
312.8 0.663
313.467 0.667
314.146 0.679
314.832 0.686
315.504 0.672
316.194 0.69
316.898 0.704
317.612 0.714
318.297 0.685
318.971 0.674
319.654 0.683
320.331 0.677
321.014 0.683
321.674 0.66
322.344 0.67
323.006 0.662
323.685 0.679
324.343 0.658
325.008 0.665
325.693 0.685
326.413 0.72
327.096 0.683
327.76 0.664
328.434 0.674
329.109 0.675
329.782 0.673
330.439 0.657
331.088 0.649
331.733 0.645
332.384 0.651
333.038 0.654
333.668 0.63
334.302 0.634
334.941 0.639
335.584 0.643
336.225 0.641
336.868 0.643
337.53 0.662
338.204 0.674
338.862 0.658
339.506 0.644
340.155 0.649
340.822 0.667
341.506 0.684
342.206 0.7
342.899 0.693
343.566 0.667
344.209 0.643
344.849 0.64
345.484 0.635
346.128 0.644
346.781 0.653
347.439 0.658
348.097 0.658
348.747 0.65
349.376 0.629
349.999 0.623
350.615 0.616
351.241 0.626
351.881 0.64
352.514 0.633
353.16 0.646
353.834 0.674
354.569 0.735
355.258 0.689
355.962 0.704
356.662 0.7
357.352 0.69
358.043 0.691
358.727 0.684
359.405 0.678
360.059 0.654
360.7 0.641
361.344 0.644
361.973 0.629
362.611 0.638
363.257 0.646
363.905 0.648
364.537 0.632
365.179 0.642
365.831 0.652
366.483 0.652
367.123 0.64
367.778 0.655
368.442 0.664
369.101 0.659
369.786 0.685
370.428 0.642
371.068 0.64
371.708 0.64
372.357 0.649
373.017 0.66
373.661 0.644
374.311 0.65
374.98 0.669
375.667 0.687
376.377 0.71
377.086 0.709
377.759 0.673
378.436 0.677
379.11 0.674
379.775 0.665
380.425 0.65
381.065 0.64
381.708 0.643
382.358 0.65
383.015 0.657
383.662 0.647
384.323 0.661
385.006 0.683
385.688 0.682
386.353 0.665
387.026 0.673
387.698 0.672
388.358 0.66
388.999 0.641
389.647 0.648
390.299 0.652
390.966 0.667
391.624 0.658
392.283 0.659
392.968 0.685
393.666 0.698
394.351 0.685
395.046 0.695
395.778 0.732
396.512 0.734
397.198 0.686
397.882 0.684
398.572 0.69
399.269 0.697
399.932 0.663
400.595 0.663
401.267 0.672
401.955 0.688
402.633 0.678
403.312 0.679
403.983 0.671
404.637 0.654
405.291 0.654
405.954 0.663
406.631 0.677
407.296 0.665
407.937 0.641
408.588 0.651
409.268 0.68
409.963 0.695
410.703 0.74
411.439 0.736
412.166 0.727
412.89 0.724
413.585 0.695
414.266 0.681
414.951 0.685
415.639 0.688
416.307 0.668
416.969 0.662
417.639 0.67
418.329 0.69
419.031 0.702
419.74 0.709
420.436 0.696
421.125 0.689
421.838 0.713
422.551 0.713
423.298 0.747
424.03 0.732
424.799 0.769
425.566 0.767
426.312 0.746
427.05 0.738
427.807 0.757
428.567 0.76
429.285 0.718
429.994 0.709
430.713 0.719
431.437 0.724
432.149 0.712
432.834 0.685
433.538 0.704
434.246 0.708
434.954 0.708
435.643 0.689
436.361 0.718
437.085 0.724
437.816 0.731
438.51 0.694
439.2 0.69
439.894 0.694
440.594 0.7
441.267 0.673
441.938 0.671
442.627 0.689
443.316 0.689
443.982 0.666
444.643 0.661
445.316 0.673
445.996 0.68
446.671 0.675
447.327 0.656
448.004 0.677
448.687 0.683
449.375 0.688
450.039 0.664
450.706 0.667
451.39 0.684
452.089 0.699
452.754 0.665
453.425 0.671
454.107 0.682
454.789 0.682
455.453 0.664
456.111 0.658
456.787 0.676
457.467 0.68
458.124 0.657
458.777 0.653
459.439 0.662
460.108 0.669
460.771 0.663
461.419 0.648
462.078 0.659
462.749 0.671
463.419 0.67
464.069 0.65
464.732 0.663
465.398 0.666
466.063 0.665
466.71 0.647
467.364 0.654
468.03 0.666
468.709 0.679
469.364 0.655
470.019 0.655
470.688 0.669
471.368 0.68
472.03 0.662
472.688 0.658
473.362 0.674
474.049 0.687
474.709 0.66
475.361 0.652
476.033 0.672
476.719 0.686
477.378 0.659
478.036 0.658
478.712 0.676
479.397 0.685
480.061 0.664
480.715 0.654
481.381 0.666
482.054 0.673
482.717 0.663
483.366 0.649
484.026 0.66
484.701 0.675
485.383 0.682
486.043 0.66
486.707 0.664
487.379 0.672
488.062 0.683
488.717 0.655
489.378 0.661
490.05 0.672
490.737 0.687
491.39 0.653
492.035 0.645
492.688 0.653
493.345 0.657
493.999 0.654
494.638 0.639
495.288 0.65
495.949 0.661
496.613 0.664
497.265 0.652
497.918 0.653
498.584 0.666
499.264 0.68
499.921 0.657
500.577 0.656
501.244 0.667
501.906 0.662
502.541 0.635
503.173 0.632
503.802 0.629
504.432 0.63
505.051 0.619
505.672 0.621
506.3 0.628
506.937 0.637
507.567 0.63
508.204 0.637
508.854 0.65
509.517 0.663
510.163 0.646
510.804 0.641
511.452 0.648
512.121 0.669
512.775 0.654
513.415 0.64
514.064 0.649
514.719 0.655
515.378 0.659
516.018 0.64
516.66 0.642
517.309 0.649
517.962 0.653
518.594 0.632
519.226 0.632
519.868 0.642
520.516 0.648
521.155 0.639
521.788 0.633
522.438 0.65
523.097 0.659
523.763 0.666
524.407 0.644
525.044 0.637
525.686 0.642
526.338 0.652
527.009 0.671
527.661 0.652
528.31 0.649
528.975 0.665
529.648 0.673
530.319 0.671
530.969 0.65
531.628 0.659
532.298 0.67
532.965 0.667
533.618 0.653
534.277 0.659
534.946 0.669
535.603 0.657
536.249 0.646
536.912 0.663
537.577 0.665
538.236 0.659
538.88 0.644
539.549 0.669
540.217 0.668
540.871 0.654
541.513 0.642
542.165 0.652
542.826 0.661
543.488 0.662
544.128 0.64
544.779 0.651
545.441 0.662
546.112 0.671
546.775 0.663
547.426 0.651
548.105 0.679
548.781 0.676
549.44 0.659
550.088 0.648
550.746 0.658
551.424 0.678
552.092 0.668
552.738 0.646
553.396 0.658
554.067 0.671
554.727 0.66
555.374 0.647
556.01 0.636
556.638 0.628
557.255 0.617
557.873 0.618
558.496 0.623
559.134 0.638
559.796 0.662
560.428 0.632
561.076 0.648
561.73 0.654
562.408 0.678
563.069 0.661
563.716 0.647
564.374 0.658
565.045 0.671
565.707 0.662
566.344 0.637
567.007 0.663
567.688 0.681
568.344 0.656
568.99 0.646
569.65 0.66
570.346 0.696
571.017 0.671
571.685 0.668
572.361 0.676
573.038 0.677
573.709 0.671
574.364 0.655
575.032 0.668
575.708 0.676
576.4 0.692
577.069 0.669
577.746 0.677
578.431 0.685
579.118 0.687
579.778 0.66
580.425 0.647
581.085 0.66
581.743 0.658
582.42 0.677
583.073 0.653
583.729 0.656
584.4 0.671
585.088 0.688
585.761 0.673
586.418 0.657
587.093 0.675
587.781 0.688
588.463 0.682
589.122 0.659
589.788 0.666
590.46 0.672
591.144 0.684
591.806 0.662
592.468 0.662
593.153 0.685
593.844 0.691
594.518 0.674
595.175 0.657
595.847 0.672
596.534 0.687
597.193 0.659
597.846 0.653
598.511 0.665
599.184 0.673
599.848 0.664
600.497 0.649
601.171 0.674
601.849 0.678
602.551 0.702
603.217 0.666
603.87 0.653
604.54 0.67
605.222 0.682
605.88 0.658
606.532 0.652
607.19 0.658
607.855 0.665
608.523 0.668
609.178 0.655
609.849 0.671
610.527 0.678
611.191 0.664
611.849 0.658
612.537 0.688
613.228 0.691
613.91 0.682
614.577 0.667
615.254 0.677
615.936 0.682
616.591 0.655
617.23 0.639
617.862 0.632
618.497 0.635
619.137 0.64
619.767 0.63
620.392 0.625
621.025 0.633
621.677 0.652
622.347 0.67
622.996 0.649
623.651 0.655
624.322 0.671
625.017 0.695
625.691 0.674
626.349 0.658
627.015 0.666
627.689 0.674
628.372 0.683
629.023 0.651
629.676 0.653
630.337 0.661
631.035 0.698
631.698 0.663
632.354 0.656
633.032 0.678
633.707 0.675
634.425 0.718
635.083 0.658
635.752 0.669
636.428 0.676
637.131 0.703
637.796 0.665
638.472 0.676
639.161 0.689
639.895 0.734
640.581 0.686
641.25 0.669
641.936 0.686
642.626 0.69
643.33 0.704
643.996 0.666
644.672 0.676
645.348 0.676
646.048 0.7
646.714 0.666
647.371 0.657
648.034 0.663
648.701 0.667
649.377 0.676
650.034 0.657
650.692 0.658
651.357 0.665
652.029 0.672
652.701 0.672
653.356 0.655
654.025 0.669
654.708 0.683
655.395 0.687
656.051 0.656
656.701 0.65
657.354 0.653
658.016 0.662
658.686 0.67
659.331 0.645
659.98 0.649
660.629 0.649
661.289 0.66
661.942 0.653
662.579 0.637
663.22 0.641
663.873 0.653
664.551 0.678
665.207 0.656
665.861 0.654
666.523 0.662
667.198 0.675
667.873 0.675
668.527 0.654
669.194 0.667
669.867 0.673
670.548 0.681
671.189 0.641
671.827 0.638
672.462 0.635
673.102 0.64
673.739 0.637
674.362 0.623
674.986 0.624
675.616 0.63
676.262 0.646
676.908 0.646
677.541 0.633
678.194 0.653
678.856 0.662
679.529 0.673
680.177 0.648
680.836 0.659
681.497 0.661
682.166 0.669
682.826 0.66
683.472 0.646
684.131 0.659
684.792 0.661
685.448 0.656
686.097 0.649
686.755 0.658
687.421 0.666
688.096 0.675
688.763 0.667
689.43 0.667
690.121 0.691
690.812 0.691
691.485 0.673
692.139 0.654
692.811 0.672
693.477 0.666
694.135 0.658
694.778 0.643
695.427 0.649
696.078 0.651
696.735 0.657
697.373 0.638
698.015 0.642
698.67 0.655
699.342 0.672
699.99 0.648
700.637 0.647
701.283 0.646
701.924 0.641
702.547 0.623
703.174 0.627
703.792 0.618
704.415 0.623
704.924 0.509
705.605 0.681
706.228 0.623
706.831 0.603
707.437 0.606
708.035 0.598
708.635 0.6
709.239 0.604
709.844 0.605
710.446 0.602
711.038 0.592
711.628 0.59
712.213 0.585
712.801 0.588
713.383 0.582
713.971 0.588
714.559 0.588
715.149 0.59
715.739 0.59
716.324 0.585
716.904 0.58
717.481 0.577
718.052 0.571
718.621 0.569
719.187 0.566
719.749 0.562
720.31 0.561
720.864 0.554
721.416 0.552
721.962 0.546
722.506 0.544
723.051 0.545
723.593 0.542
724.124 0.531
724.668 0.544
725.212 0.544
725.753 0.541
726.295 0.542
726.838 0.543
727.387 0.549
727.944 0.557
728.514 0.57
729.095 0.581
729.688 0.593
730.274 0.586
730.858 0.584
731.454 0.596
732.046 0.592
732.629 0.583
733.219 0.59
733.809 0.59
734.399 0.59
734.985 0.586
735.574 0.589
736.167 0.593
736.753 0.586
737.339 0.586
737.929 0.59
738.522 0.593
739.122 0.6
739.728 0.606
740.335 0.607
740.937 0.602
741.529 0.592
742.118 0.589
742.711 0.593
743.308 0.597
743.923 0.615
744.534 0.611
745.16 0.626
745.818 0.658
746.491 0.673
747.147 0.656
747.801 0.654
748.465 0.664
749.136 0.671
749.792 0.656
750.445 0.653
751.101 0.656
751.781 0.68
752.441 0.66
753.101 0.66
753.771 0.67
754.457 0.686
755.125 0.668
755.784 0.659
756.454 0.67
757.134 0.68
757.798 0.664
758.456 0.658
759.12 0.664
759.781 0.661
760.414 0.633
761.042 0.628
761.671 0.629
762.308 0.637
762.945 0.637
763.574 0.629
764.217 0.643
764.872 0.655
765.528 0.656
766.167 0.639
766.85 0.683
767.534 0.684
768.235 0.701
768.933 0.698
769.611 0.678
770.264 0.653
770.924 0.66
771.589 0.665
772.284 0.695
772.948 0.664
773.622 0.674
774.312 0.69
775.009 0.697
775.744 0.735
776.483 0.739
777.17 0.687
777.865 0.695
778.575 0.71
779.272 0.697
779.941 0.669
780.622 0.681
781.315 0.693
782.0 0.685
782.675 0.675
783.375 0.7
784.09 0.715
784.785 0.695
785.503 0.718
786.246 0.743
786.975 0.729
787.681 0.706
788.411 0.73
789.157 0.746
789.861 0.704
790.556 0.695
791.26 0.704
791.937 0.677
792.634 0.697
793.359 0.725
794.059 0.7
794.745 0.686
795.46 0.715
796.194 0.734
796.89 0.696
797.582 0.692
798.291 0.709
798.999 0.708
799.667 0.668
800.341 0.674
801.028 0.687
801.704 0.676
802.408 0.704
803.136 0.728
803.821 0.685
804.503 0.682
805.205 0.702
805.904 0.699
806.568 0.664
807.245 0.677
807.93 0.685
808.605 0.675
809.257 0.652
809.926 0.669
810.604 0.678
811.285 0.681
811.937 0.652
812.599 0.662
813.28 0.681
813.951 0.671
814.604 0.653
815.281 0.677
815.971 0.69
816.645 0.674
817.311 0.666
817.997 0.686
818.705 0.708
819.379 0.674
820.055 0.676
820.744 0.689
821.448 0.704
822.128 0.68
822.784 0.656
823.455 0.671
824.149 0.694
824.838 0.689
825.503 0.665
826.177 0.674
826.877 0.7
827.568 0.691
828.234 0.666
828.924 0.69
829.638 0.714
830.336 0.698
831.057 0.721
831.761 0.704
832.418 0.657
833.073 0.655
833.727 0.654
834.393 0.666
835.101 0.708
835.786 0.685
836.455 0.669
837.136 0.681
837.834 0.698
838.522 0.688
839.191 0.669
839.889 0.698
840.611 0.722
841.355 0.744
842.051 0.696
842.761 0.71
843.491 0.73
844.214 0.723
844.9 0.686
845.605 0.705
846.331 0.726
847.056 0.725
847.737 0.681
848.436 0.699
849.149 0.713
849.846 0.697
850.541 0.695
851.253 0.712
851.973 0.72
852.66 0.687
853.345 0.685
854.041 0.696
854.741 0.7
855.417 0.676
856.091 0.674
856.781 0.69
857.479 0.698
858.153 0.674
858.827 0.674
859.547 0.72
860.262 0.715
860.94 0.678
861.639 0.699
862.34 0.701
863.046 0.706
863.711 0.665
864.384 0.673
865.07 0.686
865.767 0.697
866.445 0.678
867.12 0.675
867.815 0.695
868.518 0.703
869.191 0.673
869.866 0.675
870.547 0.681
871.246 0.699
871.914 0.668
872.576 0.662
873.257 0.681
873.951 0.694
874.615 0.664
875.295 0.68
875.986 0.691
876.688 0.702
877.346 0.658
878.007 0.661
878.681 0.674
879.375 0.694
880.05 0.675
880.721 0.671
881.418 0.697
882.134 0.716
882.819 0.685
883.489 0.67
884.169 0.68
884.865 0.696
885.539 0.674
886.199 0.66
886.865 0.666
887.542 0.677
888.202 0.66
888.856 0.654
889.519 0.663
890.19 0.671
890.859 0.669
891.504 0.645
892.16 0.656
892.828 0.668
893.508 0.68
894.16 0.652
894.823 0.663
895.496 0.673
896.186 0.69
896.852 0.666
897.512 0.66
898.178 0.666
898.852 0.674
899.499 0.647
900.141 0.642
900.789 0.648
901.448 0.659
902.089 0.641
902.728 0.639
903.385 0.657
904.057 0.672
904.712 0.655
905.359 0.647
906.018 0.659
906.699 0.681
907.369 0.67
908.019 0.65
908.685 0.666
909.362 0.677
910.036 0.674
910.686 0.65
911.343 0.657
912.011 0.668
912.678 0.667
913.318 0.64
913.969 0.651
914.625 0.656
915.298 0.673
915.952 0.654
916.611 0.659
917.29 0.679
917.981 0.691
918.646 0.665
919.307 0.661
919.981 0.674
920.667 0.686
921.324 0.657
921.971 0.647
922.631 0.66
923.307 0.676
923.97 0.663
924.618 0.648
925.28 0.662
925.949 0.669
926.598 0.649
927.234 0.636
927.878 0.644
928.528 0.65
929.193 0.665
929.831 0.638
930.469 0.638
931.124 0.655
931.801 0.677
932.459 0.658
933.101 0.642
933.749 0.648
934.41 0.661
935.074 0.664
935.715 0.641
936.365 0.65
937.021 0.656
937.693 0.672
938.342 0.649
938.988 0.646
939.645 0.657
940.322 0.677
940.993 0.671
941.646 0.653
942.308 0.662
942.983 0.675
943.653 0.67
944.301 0.648
944.959 0.658
945.623 0.664
946.296 0.673
946.946 0.65
947.602 0.656
948.272 0.67
948.956 0.684
949.616 0.66
950.274 0.658
950.942 0.668
951.62 0.678
952.293 0.673
952.947 0.654
953.607 0.66
954.275 0.668
954.967 0.692
955.628 0.661
956.285 0.657
956.951 0.666
957.636 0.685
958.31 0.674
958.968 0.658
959.646 0.678
960.331 0.685
961.031 0.7
961.698 0.667
962.359 0.661
963.03 0.671
963.715 0.685
964.376 0.661
965.036 0.66
965.711 0.675
966.394 0.683
967.071 0.677
967.72 0.649
968.367 0.647
969.03 0.663
969.71 0.68
970.359 0.649
970.988 0.629
971.616 0.628
972.238 0.622
972.857 0.619
973.472 0.615
974.077 0.605
974.677 0.6
975.273 0.596
975.865 0.592
976.453 0.588
977.043 0.59
977.639 0.596
978.239 0.6
978.831 0.592
979.424 0.593
980.017 0.593
980.604 0.587
981.186 0.582
981.773 0.587
982.363 0.59
982.951 0.588
983.529 0.578
984.105 0.576
984.675 0.57
985.247 0.572
985.831 0.584
986.421 0.59
987.007 0.586
987.595 0.588
988.188 0.593
988.783 0.595
989.37 0.587
989.96 0.59
990.546 0.586
991.123 0.577
991.702 0.579
992.282 0.58
992.864 0.582
993.465 0.601
994.089 0.624
994.726 0.637
995.361 0.635
996.005 0.644
996.626 0.621
997.245 0.619
997.864 0.619
998.481 0.617
999.103 0.622
999.715 0.612
1000.327 0.612
1000.943 0.616
1001.557 0.614
1002.167 0.61
1002.783 0.616
1003.411 0.628
1004.053 0.642
1004.683 0.63
1005.316 0.633
1005.969 0.653
1006.637 0.668
1007.3 0.663
1007.95 0.65
1008.604 0.654
1009.271 0.667
1009.966 0.695
1010.675 0.709
1011.338 0.663
1011.99 0.652
1012.638 0.648
1013.276 0.638
1013.928 0.652
1014.598 0.67
1015.259 0.661
1015.926 0.667
1016.627 0.701
1017.353 0.726
1018.113 0.76
1018.869 0.756
1019.578 0.709
1020.275 0.697
1020.984 0.709
1021.707 0.723
1022.433 0.726
1023.139 0.706
1023.835 0.696
1024.554 0.719
1025.279 0.725
1025.998 0.719
1026.699 0.701
1027.444 0.745
1028.22 0.776
1029.006 0.786
1029.746 0.74
1030.5 0.754
1031.268 0.768
1032.034 0.766
1032.741 0.707
1033.469 0.728
1034.198 0.729
1034.936 0.738
1035.64 0.704
1036.34 0.7
1037.063 0.723
1037.793 0.73
1038.514 0.721
1039.215 0.701
1039.94 0.725
1040.689 0.749
1041.451 0.762
1042.165 0.714
1042.875 0.71
1043.588 0.713
1044.303 0.715
1044.987 0.684
1045.659 0.672
1046.344 0.685
1047.052 0.708
1047.781 0.729
1048.47 0.689
1049.17 0.7
1049.886 0.716
1050.623 0.737
1051.333 0.71
1052.024 0.691
1052.739 0.715
1053.454 0.715
1054.154 0.7
1054.82 0.666
1055.499 0.679
1056.199 0.7
1056.948 0.749
1057.653 0.705
1058.358 0.705
1059.091 0.733
1059.829 0.738
1060.535 0.706
1061.223 0.688
1061.92 0.697
1062.623 0.703
1063.31 0.687
1063.968 0.658
1064.637 0.669
1065.315 0.678
1066.015 0.7
1066.709 0.694
1067.398 0.689
1068.116 0.718
1068.829 0.713
1069.549 0.72
1070.283 0.734
1071.032 0.749
1071.73 0.698
1072.428 0.698
1073.151 0.723
1073.87 0.719
1074.561 0.691
1075.248 0.687
1075.968 0.72
1076.703 0.735
1077.456 0.753
1078.163 0.707
1078.885 0.722
1079.612 0.727
1080.319 0.707
1081.025 0.706
1081.707 0.682
1082.367 0.66
1083.034 0.667
1083.707 0.673
1084.372 0.665
1085.058 0.686
1085.762 0.704
1086.456 0.694
1087.144 0.688
1087.862 0.718
1088.588 0.726
1089.277 0.689
1089.965 0.688
1090.661 0.696
1091.366 0.705
1092.038 0.672
1092.689 0.651
1093.331 0.642
1093.609 0.278
1093.872 0.263
1094.239 0.367
1094.538 0.299
1095.255 0.717
1095.68 0.425
1096.582 0.902
1097.265 0.683
1097.681 0.416
1097.979 0.298
1098.401 0.422
1098.724 0.323
1099.442 0.718
1099.963 0.521
1100.316 0.353
1100.599 0.283
1100.889 0.29
1101.381 0.492
1102.298 0.917
1102.966 0.668
1103.638 0.672
1104.315 0.677
1104.982 0.667
1105.635 0.653
1106.297 0.662
1106.966 0.669
1107.598 0.632
1108.339 0.741
1109.017 0.678
1109.727 0.71
1110.454 0.727
1111.162 0.708
1111.861 0.699
1112.59 0.729
1113.339 0.749
1114.058 0.719
1114.759 0.701
1115.482 0.723
1116.22 0.738
1116.967 0.747
1117.672 0.705
1118.384 0.712
1119.105 0.721
1119.846 0.741
1120.549 0.703
1121.247 0.698
1121.962 0.715
1122.692 0.73
1123.405 0.713
1124.1 0.695
1124.825 0.725
1125.559 0.734
1126.283 0.724
1126.961 0.678
1127.654 0.693
1128.357 0.703
1129.074 0.717
1129.761 0.687
1130.445 0.684
1131.15 0.705
1131.876 0.726
1132.593 0.717
1133.288 0.695
1133.994 0.706
1134.708 0.714
1135.431 0.723
1136.122 0.691
1136.806 0.684
1137.494 0.688
1138.182 0.688
1138.85 0.668
1139.509 0.659
1140.182 0.673
1140.874 0.692
1141.583 0.709
1142.266 0.683
1142.941 0.675
1143.628 0.687
1144.301 0.673
1145.005 0.704
1145.698 0.693
1146.408 0.71
1147.113 0.705
1147.534 0.421
1147.831 0.297
1148.428 0.597
1148.793 0.365
1149.047 0.254
1150.173 1.126
1150.467 0.294
1150.897 0.43
1151.19 0.293
1151.515 0.325
1152.159 0.644
1152.539 0.38
1152.829 0.29
1153.126 0.297
1153.485 0.359
1153.746 0.261
1154.128 0.382
1155.113 0.985
1157.113 2.0
1157.949 0.836
1158.607 0.658
1159.282 0.675
1159.983 0.701
1160.682 0.699
1161.379 0.697
1162.091 0.712
1162.811 0.72
1163.44 0.629
1163.975 0.535
1164.807 0.832
1165.458 0.651
1166.129 0.671
1166.849 0.72
1167.62 0.771
1168.335 0.715
1169.079 0.744
1169.814 0.735
1170.577 0.763
1170.86 0.283
1171.134 0.274
1171.4 0.266
1172.034 0.634
1172.631 0.597
1173.347 0.716
1174.008 0.661
1174.583 0.575
1175.337 0.754
1176.012 0.675
1176.7 0.688
1177.43 0.73
1178.186 0.756
1178.913 0.727
1179.635 0.722
1180.371 0.736
1180.719 0.348
1181.131 0.412
1181.844 0.713
1182.626 0.782
1183.357 0.731
1184.095 0.738
1184.853 0.758
1185.6 0.747
1186.312 0.712
1187.036 0.724
1187.765 0.729
1188.519 0.754
1189.233 0.714
1189.923 0.69
1190.623 0.7
1191.339 0.716
1192.074 0.735
1192.792 0.718
1193.483 0.691
1194.183 0.7
1194.898 0.715
1195.63 0.732
1196.337 0.707
1197.017 0.68
1197.706 0.689
1198.396 0.69
1199.093 0.697
1199.766 0.673
1200.433 0.667
1201.115 0.682
1201.811 0.696
1202.518 0.707
1203.198 0.68
1203.888 0.69
1204.586 0.698
1205.295 0.709
1205.977 0.682
1206.648 0.671
1207.331 0.683
1208.022 0.691
1208.703 0.681
1209.363 0.66
1210.027 0.664
1210.703 0.676
1211.399 0.696
1212.074 0.675
1212.74 0.666
1213.416 0.676
1214.098 0.682
1214.796 0.698
1215.467 0.671
1216.131 0.664
1216.803 0.672
1217.493 0.69
1218.201 0.708
1218.873 0.672
1219.54 0.667
1220.227 0.687
1220.926 0.699
1221.623 0.697
1222.295 0.672
1222.977 0.682
1223.669 0.692
1224.375 0.706
1225.054 0.679
1225.724 0.67
1226.414 0.69
1227.118 0.704
1227.82 0.702
1228.493 0.673
1229.186 0.693
1229.882 0.696
1230.585 0.703
1231.271 0.686
1231.95 0.679
1232.641 0.691
1233.345 0.704
1234.051 0.706
1234.725 0.674
1235.401 0.676
1236.095 0.694
1236.799 0.704
1237.482 0.683
1238.156 0.674
1238.85 0.694
1239.552 0.702
1240.258 0.706
1240.932 0.674
1241.625 0.693
1242.33 0.705
1243.039 0.709
1243.707 0.668
1244.371 0.664
1245.05 0.679
1245.741 0.691
1246.425 0.684
1247.09 0.665
1247.754 0.664
1248.424 0.67
1249.104 0.68
1249.776 0.672
1250.425 0.649
1251.074 0.649
1251.727 0.653
1252.398 0.671
1253.066 0.668
1253.722 0.656
1254.395 0.673
1255.093 0.698
1255.824 0.731
1256.517 0.693
1257.196 0.679
1257.89 0.694
1258.595 0.705
1259.299 0.704
1259.971 0.672
1260.646 0.675
1261.332 0.686
1262.036 0.704
1262.74 0.704
1263.412 0.672
1264.099 0.687
1264.798 0.699
1265.509 0.711
1266.214 0.705
1266.895 0.681
1267.593 0.698
1268.301 0.708
1269.017 0.716
1269.702 0.685
1270.383 0.681
1271.073 0.69
1271.772 0.699
1272.454 0.682
1273.122 0.668
1273.814 0.692
1274.507 0.693
1275.211 0.704
1275.883 0.672
1276.564 0.681
1277.265 0.701
1277.979 0.714
1278.665 0.686
1279.34 0.675
1280.034 0.694
1280.752 0.718
1281.494 0.742
1282.2 0.706
1282.904 0.704
1283.618 0.714
1284.334 0.716
1285.01 0.676
1285.672 0.662
1286.343 0.671
1287.024 0.681
1287.723 0.699
1288.391 0.668
1289.059 0.668
1289.738 0.679
1290.431 0.693
1291.113 0.682
1291.781 0.668
1292.467 0.686
1293.17 0.703
1293.887 0.717
1294.57 0.683
1295.255 0.685
1295.947 0.692
1296.649 0.702
1297.347 0.698
1298.021 0.674
1298.709 0.688
1299.399 0.69
1300.103 0.704
1300.789 0.686
1301.472 0.683
1302.17 0.698
1302.873 0.703
1303.571 0.698
1304.247 0.676
1304.924 0.677
1305.619 0.695
1306.32 0.701
1306.998 0.678
1307.662 0.664
1308.334 0.672
1308.998 0.664
1309.641 0.643
1310.286 0.645
1310.925 0.639
1311.563 0.638
1312.206 0.643
1312.86 0.654
1313.598 0.738
1314.274 0.676
1314.959 0.685
1315.672 0.713
1316.409 0.737
1317.115 0.706
1317.791 0.676
1318.476 0.685
1319.159 0.683
1319.844 0.685
1320.518 0.674
1321.183 0.665
1321.856 0.673
1322.544 0.688
1323.258 0.714
1323.951 0.693
1324.643 0.692
1325.358 0.715
1326.084 0.726
1326.821 0.737
1327.505 0.684
1328.181 0.676
1328.86 0.679
1329.554 0.694
1330.247 0.693
1330.92 0.673
1331.597 0.677
1332.286 0.689
1332.986 0.7
1333.689 0.703
1334.366 0.677
1335.023 0.657
1335.686 0.663
1336.341 0.655
1337.0 0.659
1337.673 0.673
1338.337 0.664
1338.987 0.65
1339.648 0.661
1340.312 0.664
1340.99 0.678
1341.675 0.685
1342.338 0.663
1342.985 0.647
1343.64 0.655
1344.298 0.658
1344.964 0.666
1345.642 0.678
1346.299 0.657
1346.961 0.662
1347.635 0.674
1348.319 0.684
1349.015 0.696
1349.689 0.674
1350.369 0.68
1351.058 0.689
1351.765 0.707
1352.479 0.714
1353.167 0.688
1353.85 0.683
1354.55 0.7
1355.269 0.719
1355.993 0.724
1356.686 0.693
1357.399 0.713
1358.128 0.729
1358.873 0.745
1359.598 0.725
1360.278 0.68
1360.965 0.687
1361.655 0.69
1362.353 0.698
1363.055 0.702
1363.735 0.68
1364.432 0.697
1365.139 0.707
1365.872 0.733
1366.57 0.698
1367.302 0.732
1368.051 0.749
1368.805 0.754
1369.515 0.71
1370.225 0.71
1370.928 0.703
1371.624 0.696
1372.314 0.69
1372.978 0.664
1373.66 0.682
1374.35 0.69
1375.052 0.702
1375.726 0.674
1376.402 0.676
1377.078 0.676
1377.753 0.675
1378.436 0.683
1379.096 0.66
1379.748 0.652
1380.411 0.663
1381.08 0.669
1381.765 0.685
1382.422 0.657
1383.085 0.663
1383.754 0.669
1384.434 0.68
1385.111 0.677
1385.775 0.664
1386.451 0.676
1387.141 0.69
1387.834 0.693
1388.5 0.666
1389.165 0.665
1389.845 0.68
1390.535 0.69
1391.239 0.704
1391.907 0.668
1392.582 0.675
1393.27 0.688
1393.97 0.7
1394.676 0.706
1395.356 0.68
1396.052 0.696
1396.766 0.714
1397.493 0.727
1398.189 0.696
1398.881 0.692
1399.58 0.699
1400.286 0.706
1400.972 0.686
1401.642 0.67
1402.329 0.687
1403.03 0.701
1403.741 0.711
1404.424 0.683
1405.104 0.68
1405.814 0.71
1406.532 0.718
1407.234 0.702
1407.9 0.666
1408.561 0.661
1409.219 0.658
1409.876 0.657
1410.531 0.655
1411.172 0.641
1411.809 0.637
1412.456 0.647
1413.109 0.653
1413.775 0.666
1414.421 0.646
1415.064 0.643
1415.717 0.653
1416.388 0.671
1417.049 0.661
1417.69 0.641
1418.343 0.653
1419.01 0.667
1419.677 0.667
1420.36 0.683
1421.002 0.642
1421.628 0.626
1422.257 0.629
1422.873 0.616
1423.478 0.605
1424.081 0.603
1424.691 0.61
1425.3 0.609
1425.913 0.613
1426.535 0.622
1427.172 0.637
1427.841 0.669
1428.487 0.646
1429.132 0.645
1429.793 0.661
1430.494 0.701
1431.205 0.711
1431.873 0.668
1432.54 0.667
1433.23 0.69
1433.941 0.711
1434.643 0.702
1435.308 0.665
1435.98 0.672
1436.659 0.679
1437.375 0.716
1438.059 0.684
1438.729 0.67
1439.422 0.693
1440.13 0.708
1440.82 0.69
1441.492 0.672
1442.175 0.683
1442.874 0.699
1443.588 0.714
1444.263 0.675
1444.924 0.661
1445.599 0.675
1446.283 0.684
1446.984 0.701
1447.649 0.665
1448.319 0.67
1449.005 0.686
1449.709 0.704
1450.385 0.676
1451.044 0.659
1451.716 0.672
1452.391 0.675
1453.074 0.683
1453.735 0.661
1454.4 0.665
1455.091 0.691
1455.795 0.704
1456.477 0.682
1457.154 0.677
1457.836 0.682
1458.533 0.697
1459.206 0.673
1459.859 0.653
1460.521 0.662
1461.186 0.665
1461.863 0.677
1462.516 0.653
1463.164 0.648
1463.824 0.66
1464.491 0.667
1465.163 0.672
1465.813 0.65
1466.476 0.663
1467.146 0.67
1467.838 0.692
1468.503 0.665
1469.173 0.67
1469.86 0.687
1470.568 0.708
1471.245 0.677
1471.909 0.664
1472.584 0.675
1473.265 0.681
1473.933 0.668
1474.583 0.65
1475.239 0.656
1475.659 0.42
1476.597 0.938
1477.306 0.709
1478.0 0.694
1478.693 0.693
1479.394 0.701
1480.133 0.739
1480.509 0.376
1480.838 0.329
1481.527 0.689
1482.231 0.704
1482.937 0.706
1483.463 0.526
1484.299 0.836
1484.99 0.691
1485.674 0.684
1486.372 0.698
1487.069 0.697
1487.744 0.675
1488.421 0.677
1489.087 0.666
1489.73 0.643
1490.363 0.633
1490.988 0.625
1491.622 0.634
1492.264 0.642
1492.903 0.639
1493.551 0.648
1494.224 0.673
1494.797 0.573
1495.542 0.745
1496.189 0.647
1496.833 0.644
1497.482 0.649
1497.841 0.359
1498.134 0.293
1498.77 0.636
1499.417 0.647
1500.708 1.291
1501.337 0.629
1501.968 0.631
1502.615 0.647
1503.125 0.51
1503.932 0.807
1504.601 0.669
1505.029 0.428
1505.521 0.492