0.000 8.999
8.999 8.999
10.155 1.156
10.867 0.712
11.166 0.299
11.445 0.279
12.628 1.183
12.915 0.287
13.166 0.251
13.768 0.602
15.122 1.354
17.793 2.671
18.468 0.675
19.76 1.292
20.373 0.613
20.971 0.598
21.574 0.603
22.17 0.596
22.778 0.608
23.283 0.505
23.541 0.258
23.891 0.35
24.147 0.256
24.494 0.347
24.871 0.377
25.127 0.256
25.727 0.6
26.375 0.648
27.039 0.664
27.688 0.649
28.336 0.648
28.993 0.657
29.68 0.687
30.379 0.699
30.69 0.311
31.073 0.383
31.578 0.505
32.378 0.8
33.014 0.636
33.677 0.663
34.199 0.522
34.583 0.384
35.122 0.539
35.822 0.7
36.512 0.69
37.229 0.717
37.768 0.539
38.065 0.297
38.406 0.341
38.791 0.385
39.535 0.744
40.25 0.715
40.967 0.717
41.703 0.736
42.176 0.473
42.491 0.315
43.289 0.798
44.018 0.729
44.741 0.723
45.482 0.741
46.192 0.71
47.004 0.812
47.714 0.71
48.403 0.689
49.115 0.712
49.688 0.573
50.139 0.451
50.644 0.505
51.365 0.721
52.049 0.684
52.744 0.695
53.459 0.715
54.208 0.749
54.93 0.722
55.615 0.685
56.319 0.704
56.919 0.6
57.284 0.365
57.877 0.593
58.663 0.786
59.392 0.729
60.098 0.706
60.812 0.714
61.55 0.738
62.315 0.765
63.085 0.77
63.815 0.73
64.535 0.72
65.269 0.734
66.035 0.766
66.826 0.791
67.606 0.78
68.34 0.734
69.037 0.697
69.744 0.707
70.481 0.737
71.255 0.774
72.009 0.754
72.715 0.706
73.405 0.69
74.108 0.703
74.847 0.739
75.619 0.772
76.364 0.745
77.066 0.702
77.776 0.71
78.497 0.721
79.245 0.748
79.972 0.727
80.662 0.69
81.341 0.679
82.034 0.693
82.748 0.714
83.481 0.733
84.203 0.722
84.889 0.686
85.574 0.685
86.273 0.699
86.988 0.715
87.697 0.709
88.396 0.699
89.078 0.682
89.766 0.688
90.465 0.699
91.188 0.723
91.905 0.717
92.613 0.708
93.33 0.717
94.06 0.73
94.811 0.751
95.552 0.741
96.256 0.704
96.951 0.695
97.66 0.709
98.387 0.727
99.125 0.738
99.844 0.719
100.536 0.692
101.224 0.688
101.939 0.715
102.673 0.734
103.394 0.721
104.099 0.705
104.82 0.721
105.579 0.759
106.368 0.789
107.131 0.763
107.859 0.728
108.554 0.695
109.252 0.698
109.966 0.714
110.716 0.75
111.482 0.766
112.24 0.758
112.96 0.72
113.671 0.711
114.412 0.741
115.183 0.771
115.952 0.769
116.684 0.732
117.385 0.701
118.091 0.706
118.812 0.721
119.549 0.737
120.27 0.721
120.957 0.687
121.623 0.666
122.295 0.672
122.994 0.699
123.727 0.733
124.467 0.74
125.181 0.714
125.875 0.694
126.581 0.706
127.143 0.562
127.474 0.331
128.02 0.546
128.717 0.697
129.385 0.668
130.039 0.654
130.688 0.649
131.357 0.669
132.065 0.708
132.799 0.734
133.532 0.733
134.225 0.693
134.889 0.664
135.553 0.664
136.22 0.667
136.918 0.698
137.645 0.727
138.362 0.717
139.045 0.683
139.706 0.661
140.378 0.672
141.082 0.704
141.771 0.689
142.436 0.665
143.083 0.647
143.721 0.638
144.341 0.62
144.955 0.614
145.592 0.637
146.252 0.66
146.989 0.737
147.749 0.76
148.475 0.726
149.18 0.705
149.903 0.723
150.641 0.738
151.38 0.739
152.081 0.701
152.756 0.675
153.435 0.679
154.129 0.694
154.855 0.726
155.578 0.723
156.282 0.704
156.981 0.699
157.704 0.723
158.461 0.757
159.217 0.756
159.942 0.725
160.633 0.691
161.32 0.687
162.023 0.703
162.753 0.73
163.481 0.728
164.183 0.702
164.869 0.686
165.555 0.686
166.252 0.697
166.967 0.715
167.678 0.711
168.373 0.695
169.08 0.707
169.809 0.729
170.561 0.752
171.294 0.733
171.998 0.704
172.691 0.693
173.393 0.702
174.107 0.714
174.816 0.709
175.5 0.684
176.176 0.676
176.863 0.687
177.565 0.702
178.29 0.725
179.007 0.717
179.698 0.691
180.381 0.683
181.07 0.689
181.771 0.701
182.465 0.694
183.139 0.674
183.793 0.654
184.441 0.648
185.104 0.663
185.798 0.694
186.514 0.716
187.222 0.708
187.925 0.703
188.649 0.724
189.395 0.746
190.14 0.745
190.862 0.722
191.549 0.687
192.21 0.661
192.866 0.656
193.53 0.664
194.217 0.687
194.922 0.705
195.607 0.685
196.278 0.671
196.955 0.677
197.655 0.7
198.389 0.734
199.135 0.746
199.859 0.724
200.555 0.696
201.26 0.705
201.982 0.722
202.704 0.722
203.422 0.718
204.131 0.709
204.779 0.648
205.458 0.679
206.139 0.681
206.849 0.71
207.581 0.732
208.258 0.677
208.527 0.269
209.735 1.208
210.49 0.755
211.272 0.782
212.044 0.772
212.78 0.736
213.27 0.49
214.131 0.861
214.781 0.65
215.438 0.657
216.125 0.687
216.854 0.729
217.575 0.721
218.283 0.708
219.024 0.741
219.789 0.765
220.575 0.786
221.352 0.777
222.094 0.742
222.795 0.701
223.493 0.698
224.197 0.704
224.914 0.717
225.63 0.716
226.332 0.702
226.598 0.266
227.018 0.42
227.706 0.688
228.407 0.701
229.118 0.711
229.828 0.71
230.467 0.639
230.744 0.277
233.275 2.531
233.989 0.714
234.683 0.694
235.371 0.688
236.072 0.701
236.794 0.722
237.547 0.753
238.287 0.74
238.99 0.703
239.673 0.683
240.364 0.691
241.069 0.705
241.771 0.702
242.448 0.677
243.105 0.657
243.75 0.645
244.411 0.661
245.096 0.685
245.791 0.695
246.471 0.68
247.146 0.675
247.843 0.697
248.559 0.716
249.275 0.716
249.956 0.681
250.611 0.655
251.243 0.632
251.85 0.607
252.447 0.597
253.054 0.607
253.686 0.632
254.332 0.646
254.631 0.299
254.957 0.326
255.59 0.633
256.236 0.646
256.912 0.676
257.606 0.694
257.862 0.256
258.114 0.252
258.946 0.832
259.628 0.682
260.342 0.714
261.074 0.732
261.801 0.727
262.492 0.691
263.175 0.683
263.866 0.691
264.569 0.703
265.262 0.693
265.924 0.662
266.571 0.647
267.219 0.648
267.884 0.665
268.607 0.723
269.351 0.744
270.075 0.724
270.806 0.731
271.563 0.757
272.327 0.764
273.076 0.749
273.785 0.709
274.471 0.686
275.171 0.7
275.9 0.729
276.658 0.758
277.413 0.755
278.151 0.738
278.862 0.711
279.546 0.684
280.228 0.682
280.921 0.693
281.647 0.726
282.388 0.741
283.109 0.721
283.823 0.714
284.566 0.743
285.336 0.77
286.141 0.805
286.91 0.769
287.626 0.716
288.312 0.686
288.991 0.679
289.676 0.685
290.372 0.696
291.06 0.688
291.732 0.672
292.398 0.666
293.073 0.675
293.776 0.703
294.516 0.74
295.249 0.733
295.958 0.709
296.676 0.718
297.409 0.733
298.163 0.754
298.916 0.753
299.644 0.728
300.339 0.695
301.034 0.695
301.732 0.698
302.445 0.713
303.168 0.723
303.865 0.697
304.548 0.683
305.24 0.692
305.955 0.715
306.703 0.748
307.454 0.751
308.175 0.721
308.897 0.722
309.651 0.754
310.405 0.754
311.141 0.736
311.84 0.699
312.526 0.686
313.219 0.693
313.93 0.711
314.655 0.725
315.37 0.715
316.062 0.692
316.741 0.679
317.417 0.676
318.106 0.689
318.821 0.715
319.525 0.704
320.209 0.684
320.893 0.684
321.592 0.699
322.33 0.738
323.092 0.762
323.837 0.745
324.54 0.703
325.229 0.689
325.931 0.702
326.652 0.721
327.381 0.729
328.078 0.697
328.755 0.677
329.435 0.68
330.126 0.691
330.835 0.709
331.528 0.693
332.212 0.684
332.906 0.694
333.616 0.71
334.347 0.731
335.071 0.724
335.768 0.697
336.458 0.69
337.159 0.701
337.887 0.728
338.63 0.743
339.328 0.698
339.994 0.666
340.645 0.651
341.3 0.655
341.968 0.668
342.672 0.704
343.375 0.703
344.05 0.675
344.715 0.665
345.396 0.681
346.088 0.692
346.794 0.706
347.504 0.71
348.193 0.689
348.865 0.672
349.525 0.66
350.185 0.66
350.834 0.649
351.459 0.625
352.087 0.628
352.724 0.637
353.384 0.66
354.03 0.646
354.66 0.63
355.287 0.627
355.937 0.65
356.629 0.692
357.362 0.733
358.076 0.714
358.762 0.686
359.454 0.692
360.155 0.701
360.863 0.708
361.577 0.714
362.28 0.703
362.945 0.665
363.579 0.634
364.13 0.551
364.429 0.299
364.772 0.343
365.496 0.724
366.246 0.75
366.749 0.503
367.031 0.282
367.773 0.742
368.49 0.717
368.817 0.327
369.223 0.406
370.024 0.801
370.839 0.815
371.619 0.78
372.329 0.71
373.028 0.699
373.731 0.703
374.453 0.722
375.191 0.738
375.739 0.548
376.525 0.786
377.326 0.801
378.056 0.73
378.76 0.704
379.439 0.679
380.024 0.585
380.763 0.739
381.547 0.784
382.311 0.764
383.032 0.721
383.725 0.693
384.423 0.698
385.352 0.929
385.899 0.547
386.449 0.55
387.374 0.925
388.057 0.683
388.712 0.655
389.359 0.647
389.666 0.307
390.016 0.35
390.717 0.701
391.421 0.704
392.121 0.7
392.831 0.71
393.576 0.745
394.331 0.755
395.049 0.718
395.752 0.703
396.466 0.714
396.773 0.307
397.19 0.417
397.936 0.746
398.646 0.71
399.329 0.683
400.016 0.687
400.698 0.682
401.389 0.691
402.096 0.707
402.783 0.687
403.472 0.689
404.023 0.551
404.456 0.433
405.0 0.544
405.732 0.732
406.533 0.801
407.263 0.73
407.556 0.293
408.002 0.446
408.754 0.752
409.491 0.737
410.201 0.71
410.881 0.68
411.556 0.675
412.256 0.7
412.994 0.738
413.762 0.768
414.52 0.758
415.277 0.757
416.046 0.769
416.848 0.802
417.624 0.776
418.36 0.736
419.099 0.739
419.87 0.771
420.636 0.766
421.398 0.762
422.117 0.719
422.809 0.692
423.496 0.687
424.193 0.697
424.927 0.734
425.723 0.796
426.523 0.8
427.281 0.758
428.001 0.72
428.383 0.382
428.727 0.344
429.046 0.319
429.458 0.412
430.197 0.739
430.936 0.739
431.635 0.699
432.304 0.669
432.971 0.667
433.645 0.674
433.92 0.275
434.376 0.456
434.811 0.435
435.156 0.345
435.915 0.759
436.635 0.72
437.373 0.738
438.053 0.68
438.82 0.767
439.492 0.672
440.135 0.643
440.744 0.609
441.376 0.632
442.023 0.647
442.671 0.648
443.338 0.667
443.984 0.646
444.618 0.634
445.242 0.624
445.872 0.63
446.504 0.632
447.136 0.632
447.758 0.622
448.376 0.618
448.976 0.6
449.552 0.576
450.144 0.592
450.722 0.578
451.302 0.58
451.896 0.594
452.507 0.611
453.12 0.613
453.745 0.625
454.408 0.663
455.142 0.734
455.96 0.818
456.798 0.838
457.57 0.772
458.301 0.731
459.025 0.724
459.758 0.733
460.497 0.739
461.226 0.729
461.921 0.695
462.617 0.696
463.328 0.711
464.103 0.775
464.884 0.781
465.709 0.825
466.529 0.82
467.273 0.744
467.974 0.701
468.667 0.693
469.396 0.729
470.214 0.818
471.072 0.858
471.874 0.802
472.632 0.758
473.407 0.775
474.149 0.742
474.918 0.769
475.673 0.755
476.394 0.721
477.108 0.714
477.843 0.735
478.597 0.754
479.375 0.778
480.141 0.766
480.875 0.734
481.573 0.698
482.239 0.666
482.901 0.662
483.58 0.679
484.298 0.718
485.01 0.712
485.73 0.72
486.496 0.766
487.33 0.834
488.134 0.804
488.861 0.727
489.543 0.682
490.227 0.684
490.935 0.708
491.68 0.745
492.421 0.741
493.126 0.705
493.799 0.673
494.48 0.681
495.204 0.724
495.988 0.784
496.743 0.755
497.446 0.703
498.127 0.681
498.832 0.705
499.525 0.693
500.276 0.751
501.058 0.782
501.787 0.729
502.503 0.716
503.183 0.68
503.887 0.704
504.644 0.757
505.463 0.819
506.286 0.823
507.062 0.776
507.778 0.716
508.488 0.71
509.223 0.735
509.998 0.775
510.772 0.774
511.533 0.761
512.247 0.714
512.956 0.709
513.707 0.751
514.497 0.79
515.338 0.841
516.129 0.791
516.861 0.732
517.569 0.708
518.311 0.742
519.123 0.812
519.973 0.85
520.739 0.766
521.453 0.714
522.148 0.695
522.888 0.74
523.686 0.798
524.482 0.796
525.256 0.774
526.054 0.798
526.918 0.864
527.768 0.85
528.543 0.775
529.257 0.714
529.945 0.688
530.64 0.695
531.358 0.718
532.111 0.753
532.863 0.752
533.598 0.735
534.362 0.764
535.154 0.792
535.971 0.817
536.734 0.763
537.454 0.72
538.181 0.727
538.918 0.737
539.673 0.755
540.449 0.776
541.166 0.717
541.863 0.697
542.565 0.702
543.293 0.728
544.057 0.764
544.786 0.729
545.483 0.697
546.154 0.671
546.843 0.689
547.572 0.729
548.368 0.796
549.171 0.803
549.903 0.732
550.632 0.729
551.359 0.727
552.106 0.747
552.854 0.748
553.569 0.715
554.277 0.708
555.007 0.73
555.761 0.754
556.536 0.775
557.257 0.721
557.947 0.69
558.648 0.701
559.371 0.723
560.14 0.769
560.922 0.782
561.664 0.742
562.389 0.725
563.118 0.729
563.889 0.771
564.665 0.776
565.393 0.728
566.096 0.703
566.778 0.682
567.488 0.71
568.233 0.745
569.041 0.808
569.778 0.737
570.485 0.707
571.166 0.681
571.857 0.691
572.578 0.721
573.318 0.74
574.076 0.758
574.802 0.726
575.493 0.691
576.149 0.656
576.814 0.665
577.5 0.686
578.196 0.696
578.887 0.691
579.565 0.678
580.271 0.706
581.0 0.729
581.755 0.755
582.502 0.747
583.193 0.691
583.844 0.651
584.479 0.635
585.114 0.635
585.769 0.655
586.462 0.693
587.161 0.699
587.834 0.673
588.504 0.67
589.19 0.686
589.9 0.71
590.628 0.728
591.35 0.722
592.03 0.68
592.681 0.651
593.34 0.659
593.999 0.659
594.68 0.681
595.386 0.706
596.055 0.669
596.713 0.658
597.369 0.656
598.051 0.682
598.752 0.701
599.52 0.768
600.313 0.793
601.067 0.754
601.786 0.719
602.527 0.741
603.276 0.749
604.053 0.777
604.836 0.783
605.553 0.717
606.241 0.688
606.906 0.665
607.568 0.662
608.256 0.688
608.973 0.717
609.678 0.705
610.348 0.67
611.009 0.661
611.698 0.689
612.399 0.701
613.122 0.723
613.852 0.73
614.519 0.667
615.174 0.655
615.815 0.641
616.479 0.664
617.174 0.695
617.887 0.713
618.586 0.699
619.26 0.674
619.935 0.675
620.629 0.694
621.373 0.744
622.09 0.717
622.759 0.669
623.403 0.644
624.049 0.646
624.704 0.655
625.4 0.696
626.105 0.705
626.801 0.696
627.527 0.726
628.291 0.764
629.066 0.775
629.831 0.765
630.519 0.688
631.176 0.657
631.816 0.64
632.469 0.653
633.143 0.674
633.837 0.694
634.543 0.706
635.227 0.684
635.892 0.665
636.578 0.686
637.311 0.733
638.096 0.785
638.9 0.804
639.644 0.744
640.335 0.691
640.992 0.657
641.635 0.643
642.277 0.642
642.93 0.653
643.57 0.64
644.212 0.642
644.858 0.646
645.529 0.671
646.232 0.703
646.963 0.731
647.691 0.728
648.372 0.681
649.025 0.653
649.659 0.634
650.287 0.628
650.925 0.638
651.584 0.659
652.236 0.652
652.86 0.624
653.479 0.619
654.103 0.624
654.726 0.623
655.331 0.605
655.929 0.598
656.551 0.622
657.214 0.663
657.88 0.666
658.512 0.632
659.128 0.616
659.734 0.606
660.349 0.615
660.998 0.649
661.706 0.708
662.444 0.738
663.167 0.723
663.934 0.767
664.741 0.807
665.558 0.817
666.31 0.752
667.012 0.702
667.704 0.692
668.392 0.688
669.086 0.694
669.768 0.682
670.419 0.651
671.07 0.651
671.738 0.668
672.433 0.695
673.182 0.749
673.959 0.777
674.701 0.742
675.397 0.696
676.087 0.69
676.805 0.718
677.553 0.748
678.293 0.74
679.028 0.735
679.727 0.699
680.41 0.683
681.113 0.703
681.866 0.753
682.675 0.809
683.432 0.757
684.153 0.721
684.895 0.742
685.638 0.743
686.404 0.766
687.152 0.748
687.854 0.702
688.523 0.669
689.186 0.663
689.877 0.691
690.626 0.749
691.403 0.777
692.122 0.719
692.843 0.721
693.612 0.769
694.411 0.799
695.201 0.79
695.955 0.754
696.65 0.695
697.316 0.666
697.96 0.644
698.588 0.628
699.221 0.633
699.854 0.633
700.484 0.63
701.099 0.615
701.706 0.607
702.305 0.599
702.912 0.607
703.542 0.63
704.212 0.67
704.897 0.685
705.586 0.689
706.239 0.653
706.875 0.636
707.499 0.624
708.129 0.63
708.767 0.638
709.425 0.658
710.117 0.692
710.795 0.678
711.455 0.66
712.11 0.655
712.791 0.681
713.528 0.737
714.318 0.79
715.069 0.751
715.788 0.719
716.492 0.704
717.216 0.724
717.946 0.73
718.68 0.734
719.406 0.726
720.093 0.687
720.765 0.672
721.421 0.656
722.101 0.68
722.842 0.741
723.649 0.807
724.44 0.791
725.178 0.738
725.88 0.702
726.586 0.706
727.308 0.722
728.037 0.729
728.767 0.73
729.476 0.709
730.157 0.681
730.834 0.677
731.526 0.692
732.255 0.729
733.007 0.752
733.708 0.701
734.407 0.699
735.106 0.699
735.843 0.737
736.595 0.752
737.354 0.759
738.08 0.726
738.78 0.7
739.494 0.714
740.242 0.748
741.003 0.761
741.759 0.756
742.46 0.701
743.141 0.681
743.817 0.676
744.512 0.695
745.235 0.723
745.969 0.734
746.707 0.738
747.435 0.728
748.179 0.744
748.944 0.765
749.713 0.769
750.436 0.723
751.127 0.691
751.819 0.692
752.506 0.687
753.186 0.68
753.868 0.682
754.545 0.677
755.199 0.654
755.817 0.618
756.418 0.601
757.008 0.59
757.592 0.584
758.195 0.603
758.858 0.663
759.591 0.733
760.297 0.706
760.978 0.681
761.647 0.669
762.333 0.686
763.024 0.691
763.711 0.687
764.377 0.666
765.016 0.639
765.64 0.624
766.262 0.622
766.889 0.627
767.542 0.653
768.207 0.665
768.872 0.665
769.525 0.653
770.189 0.664
770.874 0.685
771.567 0.693
772.257 0.69
772.908 0.651
773.565 0.657
774.212 0.647
774.836 0.624
775.448 0.612
776.058 0.61
776.683 0.625
777.336 0.653
778.021 0.685
778.722 0.701
779.4 0.678
780.056 0.656
780.7 0.644
781.347 0.647
782.018 0.671
782.723 0.705
783.403 0.68
784.047 0.644
784.676 0.629
785.315 0.639
785.967 0.652
786.648 0.681
787.383 0.735
788.076 0.693
788.727 0.651
789.381 0.654
790.044 0.663
790.739 0.695
791.446 0.707
792.151 0.705
792.836 0.685
793.49 0.654
794.117 0.627
794.74 0.623
795.356 0.616
795.956 0.6
796.54 0.584
797.117 0.577
797.706 0.589
798.367 0.661
799.159 0.792
799.967 0.808
800.793 0.826
801.575 0.782
802.347 0.772
803.16 0.813
803.982 0.822
804.765 0.783
805.567 0.802
806.375 0.808
807.153 0.778
807.917 0.764
808.718 0.801
809.571 0.853
810.388 0.817
811.179 0.791
811.916 0.737
812.645 0.729
813.421 0.776
814.205 0.784
814.988 0.783
815.739 0.751
816.466 0.727
817.217 0.751
818.013 0.796
818.795 0.782
819.571 0.776
820.304 0.733
821.004 0.7
821.703 0.699
822.429 0.726
823.155 0.726
823.864 0.709
824.578 0.714
825.317 0.739
826.09 0.773
826.819 0.729
827.521 0.702
828.237 0.716
828.985 0.748
829.754 0.769
830.499 0.745
831.225 0.726
831.949 0.724
832.669 0.72
833.427 0.758
834.163 0.736
834.882 0.719
835.65 0.768
836.435 0.785
837.239 0.804
838.005 0.766
838.715 0.71
839.429 0.714
840.154 0.725
840.885 0.731
841.6 0.715
842.285 0.685
842.993 0.708
843.735 0.742
844.563 0.828
845.329 0.766
846.05 0.721
846.77 0.72
847.52 0.75
848.288 0.768
849.036 0.748
849.764 0.728
850.512 0.748
851.3 0.788
852.042 0.742
852.759 0.717
853.482 0.723
854.211 0.729
854.96 0.749
855.669 0.709
856.364 0.695
857.05 0.686
857.747 0.697
858.48 0.733
859.223 0.743
859.949 0.726
860.649 0.7
861.381 0.732
862.147 0.766
862.913 0.766
863.65 0.737
864.368 0.718
865.079 0.711
865.801 0.722
866.52 0.719
867.215 0.695
867.892 0.677
868.568 0.676
869.261 0.693
869.978 0.717
870.699 0.721
871.404 0.705
872.114 0.71
872.85 0.736
873.592 0.742
874.347 0.755
875.099 0.752
875.818 0.719
876.532 0.714
877.25 0.718
877.991 0.741
878.727 0.736
879.426 0.699
880.144 0.718
880.885 0.741
881.624 0.739
882.347 0.723
883.068 0.721
883.821 0.753
884.583 0.762
885.31 0.727
886.026 0.716
886.752 0.726
887.508 0.756
888.262 0.754
889.0 0.738
889.69 0.69
890.363 0.673
891.014 0.651
891.668 0.654
892.335 0.667
893.034 0.699
893.785 0.751
894.524 0.739
895.232 0.708
895.939 0.707
896.657 0.718
897.393 0.736
898.124 0.731
898.836 0.712
899.57 0.734
900.32 0.75
901.066 0.746
901.769 0.703
902.449 0.68
903.138 0.689
903.828 0.69
904.547 0.719
905.25 0.703
905.946 0.696
906.647 0.701
907.373 0.726
908.126 0.753
908.857 0.731
909.561 0.704
910.267 0.706
910.981 0.714
911.71 0.729
912.418 0.708
913.096 0.678
913.767 0.671
914.439 0.672
915.121 0.682
915.803 0.682
916.483 0.68
917.163 0.68
917.862 0.699
918.591 0.729
919.325 0.734
920.038 0.713
920.749 0.711
921.468 0.719
922.191 0.723
922.903 0.712
923.593 0.69
924.268 0.675
924.947 0.679
925.643 0.696
926.342 0.699
927.04 0.698
927.718 0.678
928.368 0.65
929.006 0.638
929.666 0.66
930.319 0.653
930.962 0.643
931.616 0.654
932.281 0.665
932.935 0.654
933.587 0.652
934.228 0.641
934.863 0.635
935.469 0.606
936.07 0.601
936.663 0.593
937.262 0.599
937.899 0.637
938.611 0.712
939.375 0.764
940.16 0.785
940.944 0.784
941.703 0.759
942.422 0.719
943.096 0.674
943.749 0.653
944.401 0.652
945.065 0.664
945.769 0.704
946.522 0.753
947.28 0.758
948.035 0.755
948.787 0.752
949.492 0.705
950.196 0.704
950.904 0.708
951.623 0.719
952.339 0.716
953.066 0.727
953.763 0.697
954.443 0.68
955.132 0.689
955.818 0.686
956.511 0.693
957.181 0.67
957.842 0.661
958.511 0.669
959.196 0.685
959.914 0.718
960.625 0.711
961.324 0.699
962.024 0.7
962.727 0.703
963.442 0.715
964.17 0.728
964.896 0.726
965.581 0.685
966.248 0.667
966.895 0.647
967.545 0.65
968.21 0.665
968.884 0.674
969.557 0.673
970.231 0.674
970.926 0.695
971.633 0.707
972.382 0.749
973.093 0.711
973.787 0.694
974.475 0.688
975.158 0.683
975.838 0.68
976.492 0.654
977.143 0.651
977.784 0.641
978.419 0.635
979.045 0.626
979.673 0.628
980.309 0.636
980.958 0.649
981.642 0.684
982.36 0.718
983.096 0.736
983.795 0.699
984.475 0.68
985.138 0.663
985.803 0.665
986.472 0.669
987.128 0.656
987.776 0.648
988.425 0.649
989.09 0.665
989.77 0.68
990.459 0.689
991.15 0.691
991.842 0.692
992.508 0.666
993.16 0.652
993.806 0.646
994.454 0.648
995.13 0.676
995.837 0.707
996.537 0.7
997.254 0.717
997.978 0.724
998.7 0.722
999.412 0.712
1000.093 0.681
1000.742 0.649
1001.376 0.634
1002.019 0.643
1002.678 0.659
1003.387 0.709
1004.113 0.726
1004.849 0.736
1005.621 0.772
1006.409 0.788
1007.157 0.748
1007.868 0.711
1008.579 0.711
1009.279 0.7
1009.981 0.702
1010.667 0.686
1011.327 0.66
1011.973 0.646
1012.617 0.644
1013.272 0.655
1013.942 0.67
1014.595 0.653
1015.249 0.654
1015.915 0.666
1016.598 0.683
1017.296 0.698
1018.004 0.708
1018.711 0.707
1019.387 0.676
1020.045 0.658
1020.705 0.66
1021.371 0.666
1022.052 0.681
1022.716 0.664
1023.379 0.663
1024.048 0.669
1024.746 0.698
1025.46 0.714
1026.159 0.699
1026.828 0.669
1027.456 0.628
1028.071 0.615
1028.683 0.612
1029.292 0.609
1029.898 0.606
1030.505 0.607
1031.112 0.607
1031.722 0.61
1032.323 0.601
1032.915 0.592
1033.495 0.58
1034.058 0.563
1034.612 0.554
1035.159 0.547
1035.698 0.539
1036.237 0.539
1036.788 0.551
1037.366 0.578
1037.968 0.602
1038.578 0.61
1039.18 0.602
1039.76 0.58
1040.354 0.594
1040.972 0.618
1041.584 0.612
1042.185 0.601
1042.778 0.593
1043.385 0.607
1044.025 0.64
1044.733 0.708
1045.468 0.735
1046.17 0.702
1046.857 0.687
1047.547 0.69
1048.262 0.715
1048.969 0.707
1049.673 0.704
1050.372 0.699
1051.082 0.71
1051.793 0.711
1052.509 0.716
1053.261 0.752
1054.013 0.752
1054.716 0.703
1055.368 0.652
1056.009 0.641
1056.66 0.651
1057.352 0.692
1058.109 0.757
1058.881 0.772
1059.602 0.721
1060.301 0.699
1060.984 0.683
1061.659 0.675
1062.345 0.686
1063.046 0.701
1063.757 0.711
1064.464 0.707
1065.147 0.683
1065.797 0.65
1066.442 0.645
1067.1 0.658
1067.794 0.694
1068.562 0.768
1069.392 0.83
1070.235 0.843
1071.07 0.835
1071.867 0.797
1072.618 0.751
1073.349 0.731
1074.069 0.72
1074.78 0.711
1075.476 0.696
1076.177 0.701
1076.909 0.732
1077.679 0.77
1078.462 0.783
1079.199 0.737
1079.908 0.709
1080.627 0.719
1081.351 0.724
1082.082 0.731
1082.773 0.691
1083.456 0.683
1084.148 0.692
1084.853 0.705
1085.591 0.738
1086.336 0.745
1087.062 0.726
1087.746 0.684
1088.423 0.677
1089.104 0.681
1089.808 0.704
1090.526 0.718
1091.24 0.714
1091.959 0.719
1092.693 0.734
1093.458 0.765
1094.213 0.755
1094.927 0.714
1095.625 0.698
1096.33 0.705
1097.042 0.712
1097.773 0.731
1098.496 0.723
1099.208 0.712
1099.949 0.741
1100.706 0.757
1101.466 0.76
1102.205 0.739
1102.918 0.713
1103.643 0.725
1104.39 0.747
1105.133 0.743
1105.853 0.72
1106.577 0.724
1107.322 0.745
1108.104 0.782
1108.854 0.75
1109.572 0.718
1110.28 0.708
1110.999 0.719
1111.762 0.763
1112.581 0.819
1113.422 0.841
1114.208 0.786
1114.958 0.75
1115.708 0.75
1116.465 0.757
1117.202 0.737
1117.905 0.703
1118.607 0.702
1119.317 0.71
1120.031 0.714
1120.743 0.712
1121.449 0.706
1122.182 0.733
1122.942 0.76
1123.716 0.774
1124.452 0.736
1125.173 0.721
1125.9 0.727
1126.638 0.738
1127.386 0.748
1128.131 0.745
1128.837 0.706
1129.538 0.701
1130.244 0.706
1130.96 0.716
1131.685 0.725
1132.385 0.7
1133.076 0.691
1133.783 0.707
1134.51 0.727
1135.246 0.736
1135.962 0.716
1136.69 0.728
1137.429 0.739
1138.18 0.751
1138.936 0.756
1139.673 0.737
1140.395 0.722
1141.117 0.722
1141.836 0.719
1142.551 0.715
1143.236 0.685
1143.92 0.684
1144.616 0.696
1145.321 0.705
1146.032 0.711
1146.765 0.733
1147.513 0.748
1148.274 0.761
1149.016 0.742
1149.72 0.704
1150.42 0.7
1151.131 0.711
1151.85 0.719
1152.596 0.746
1153.338 0.742
1154.05 0.712
1154.761 0.711
1155.493 0.732
1156.248 0.755
1157.021 0.773
1157.781 0.76
1158.503 0.722
1159.233 0.73
1159.972 0.739
1160.73 0.758
1161.485 0.755
1162.216 0.731
1162.953 0.737
1163.701 0.748
1164.467 0.766
1165.192 0.725
1165.905 0.713
1166.623 0.718
1167.367 0.744
1168.143 0.776
1168.932 0.789
1169.685 0.753
1170.41 0.725
1171.15 0.74
1171.911 0.761
1172.682 0.771
1173.448 0.766
1174.161 0.713
1174.851 0.69
1175.535 0.684
1176.216 0.681
1176.916 0.7
1177.634 0.718
1178.321 0.687
1178.993 0.672
1179.661 0.668
1180.333 0.672
1181.022 0.689
1181.716 0.694
1182.439 0.723
1183.155 0.716
1183.849 0.694
1184.512 0.663
1185.15 0.638
1185.775 0.625
1186.397 0.622
1187.035 0.638
1187.706 0.671
1188.385 0.679
1189.067 0.682
1189.791 0.724
1190.533 0.742
1191.282 0.749
1191.995 0.713
1192.714 0.719
1193.435 0.721
1194.156 0.721
1194.862 0.706
1195.545 0.683
1196.232 0.687
1196.925 0.693
1197.632 0.707
1198.319 0.687
1198.992 0.673
1199.676 0.684
1200.369 0.693
1201.078 0.709
1201.771 0.693
1202.483 0.712
1203.223 0.74
1203.967 0.744
1204.692 0.725
1205.42 0.728
1206.16 0.74
1206.9 0.74
1207.649 0.749
1208.356 0.707
1209.052 0.696
1209.765 0.713
1210.488 0.723
1211.204 0.716
1211.933 0.729
1212.687 0.754
1213.464 0.777
1214.219 0.755
1214.931 0.712
1215.636 0.705
1216.341 0.705
1217.053 0.712
1217.739 0.686
1218.417 0.678
1219.122 0.705
1219.853 0.731
1220.592 0.739
1221.309 0.717
1222.023 0.714
1222.754 0.731
1223.471 0.717
1224.17 0.699
1224.878 0.708
1225.591 0.713
1226.319 0.728
1227.022 0.703
1227.73 0.708
1228.442 0.712
1229.173 0.731
1229.943 0.77
1230.706 0.763
1231.454 0.748
1232.175 0.721
1232.856 0.681
1233.512 0.656
1234.154 0.642
1234.791 0.637
1235.449 0.658
1236.1 0.651
1236.738 0.638
1237.411 0.673
1238.121 0.71
1238.857 0.736
1239.589 0.732
1240.268 0.679
1240.908 0.64
1241.534 0.626
1242.157 0.623
1242.786 0.629
1243.435 0.649
1244.109 0.674
1244.814 0.705
1245.526 0.712
1246.225 0.699
1246.91 0.685
1247.6 0.69
1248.273 0.673
1248.914 0.641
1249.529 0.615
1250.13 0.601
1250.733 0.603
1251.381 0.648
1252.171 0.79
1252.983 0.812
1253.731 0.748
1254.472 0.741
1255.226 0.754
1255.996 0.77
1256.762 0.766
1257.529 0.767
1258.273 0.744
1259.005 0.732
1259.715 0.71
1260.402 0.687
1261.061 0.659
1261.711 0.65
1262.374 0.663
1263.072 0.698
1263.847 0.775
1264.686 0.839
1265.531 0.845
1266.298 0.767
1267.028 0.73
1267.769 0.741
1268.499 0.73
1269.227 0.728
1269.947 0.72
1270.642 0.695
1271.303 0.661
1271.963 0.66
1272.646 0.683
1273.36 0.714
1274.112 0.752
1274.882 0.77
1275.64 0.758
1276.37 0.73
1277.061 0.691
1277.735 0.674
1278.406 0.671
1279.088 0.682
1279.811 0.723
1280.561 0.75
1281.321 0.76
1282.072 0.751
1282.797 0.725
1283.484 0.687
1284.164 0.68
1284.851 0.687
1285.523 0.672
1286.201 0.678
1286.908 0.707
1287.662 0.754
1288.469 0.807
1289.269 0.8
1290.054 0.785
1290.799 0.745
1291.476 0.677
1292.125 0.649
1292.761 0.636
1293.407 0.646
1294.085 0.678
1294.809 0.724
1295.528 0.719
1296.236 0.708
1296.961 0.725
1297.697 0.736
1298.439 0.742
1299.161 0.722
1299.856 0.695
1300.517 0.661
1301.171 0.654
1301.827 0.656
1302.513 0.686
1303.224 0.711
1303.926 0.702
1304.625 0.699
1305.345 0.72
1306.098 0.753
1306.849 0.751
1307.602 0.753
1308.323 0.721
1309.015 0.692
1309.71 0.695
1310.423 0.713
1311.144 0.721
1311.854 0.71
1312.541 0.687
1313.241 0.7
1313.956 0.715
1314.685 0.729
1315.435 0.75
1316.169 0.734
1316.865 0.696
1317.529 0.664
1318.188 0.659
1318.854 0.666
1319.534 0.68
1320.211 0.677
1320.878 0.667
1321.548 0.67
1322.251 0.703
1322.986 0.735
1323.754 0.768
1324.487 0.733
1325.192 0.705
1325.9 0.708
1326.609 0.709
1327.316 0.707
1328.016 0.7
1328.716 0.7
1329.404 0.688
1330.105 0.701
1330.869 0.764
1331.691 0.822
1332.561 0.87
1333.437 0.876
1334.279 0.842
1335.058 0.779
1335.785 0.727
1336.489 0.704
1337.198 0.709
1337.917 0.719
1338.655 0.738
1339.44 0.785
1340.267 0.827
1341.092 0.825
1341.918 0.826
1342.737 0.819
1348.977 0.776
1349.712 0.735
1350.393 0.681
1351.044 0.651
1351.68 0.636
1352.449 0.769
1353.306 0.857
1354.174 0.868
1355.043 0.869
1355.901 0.858
1356.75 0.849
1357.538 0.788
1358.275 0.737
1358.968 0.693
1359.645 0.677
1360.315 0.67
1360.998 0.683
1361.716 0.718
1362.482 0.766
1363.267 0.785
1364.069 0.802
1364.865 0.796
1365.633 0.768
1366.39 0.757
1367.112 0.722
1367.815 0.703
1368.485 0.67
1369.131 0.646
1369.757 0.626
1370.371 0.614
1370.986 0.615
1371.64 0.654
1372.377 0.737
1373.182 0.805
1374.029 0.847
1374.873 0.844
1375.696 0.823
1376.488 0.792
1377.236 0.748
1377.946 0.71
1378.609 0.663
1379.246 0.637
1379.873 0.627
1380.496 0.623
1381.134 0.638
1381.839 0.705
1382.646 0.807
1383.512 0.866
1384.384 0.872
1385.233 0.849
1386.066 0.833
1386.869 0.803
1387.633 0.764
1388.354 0.721
1389.034 0.68
1389.682 0.648
1390.322 0.64
1390.961 0.639
1391.619 0.658
1392.364 0.745
1393.211 0.847
1394.063 0.852
1394.92 0.857
1395.757 0.837
1396.559 0.802
1397.327 0.768
1398.054 0.727
1398.736 0.682
1399.383 0.647
1400.01 0.627
1400.629 0.619
1401.26 0.631
1401.961 0.701
1402.778 0.817
1403.633 0.855
1404.493 0.86
1405.331 0.838
1406.141 0.81
1406.918 0.777
1407.652 0.734
1408.343 0.691
1408.991 0.648
1409.614 0.623
1410.223 0.609
1410.835 0.612
1411.475 0.64
1412.21 0.735
1413.034 0.824
1413.88 0.846
1414.746 0.866
1415.587 0.841
1416.4 0.813
1417.179 0.779
1417.922 0.743
1418.605 0.683
1419.252 0.647
1419.882 0.63
1420.507 0.625
1421.144 0.637
1421.863 0.719
1422.651 0.788
1423.45 0.799
1424.268 0.818
1425.067 0.799
1425.855 0.788
1426.62 0.765
1427.348 0.728
1428.038 0.69
1428.678 0.64
1429.3 0.622
1429.909 0.609
1430.519 0.61
1431.157 0.638
1431.888 0.731
1432.703 0.815
1433.511 0.808
1434.323 0.812
1435.132 0.809
1435.924 0.792
1436.693 0.769
1437.425 0.732
1438.129 0.704
1438.793 0.664
1439.434 0.641
1440.054 0.62
1440.662 0.608
1441.273 0.611
1441.908 0.635
1442.599 0.691
1443.377 0.778
1444.162 0.785
1444.965 0.803
1445.754 0.789
1446.518 0.764
1447.267 0.749
1447.99 0.723
1448.658 0.668
1449.303 0.645
1449.928 0.625
1450.547 0.619
1451.18 0.633
1451.881 0.701
1452.674 0.793
1453.477 0.803
1454.265 0.788
1455.049 0.784
1455.827 0.778
1456.584 0.757
1457.298 0.714
1457.976 0.678
1458.625 0.649
1459.26 0.635
1459.894 0.634
1460.542 0.648
1461.214 0.672
1461.923 0.709
1462.676 0.753
1463.453 0.777
1464.236 0.783
1465.006 0.77
1465.771 0.765
1466.511 0.74
1467.239 0.728
1467.931 0.692
1468.588 0.657
1469.229 0.641
1469.855 0.626
1470.476 0.621
1471.107 0.631
1471.772 0.665
1472.495 0.723
1473.28 0.785
1474.073 0.793
1474.865 0.792
1475.63 0.765
1476.376 0.746
1477.08 0.704
1477.757 0.677
1478.401 0.644
1479.027 0.626
1479.643 0.616
1480.268 0.625
1480.913 0.645
1481.605 0.692
1482.334 0.729
1483.087 0.753
1483.86 0.773
1484.623 0.763
1485.391 0.768
1486.137 0.746
1486.847 0.71
1487.527 0.68
1488.18 0.653
1488.807 0.627
1489.423 0.616
1490.036 0.613
1490.662 0.626
1491.357 0.695
1492.122 0.765
1492.937 0.815
1493.785 0.848
1494.619 0.834
1495.441 0.822
1496.236 0.795
1497.002 0.766
1497.729 0.727
1498.407 0.678
1499.049 0.642
1499.672 0.623
1500.284 0.612
1500.902 0.618
1501.545 0.643
1502.248 0.703
1503.006 0.758
1503.794 0.788
1504.578 0.784
1505.361 0.783
1506.133 0.772
1506.881 0.748
1507.579 0.698
1508.244 0.665
1508.881 0.637
1509.497 0.616
1510.104 0.607
1510.709 0.605
1511.318 0.609
1511.952 0.634
1512.646 0.694
1513.39 0.744
1514.156 0.766
1514.913 0.757
1515.675 0.762
1516.414 0.739
1517.138 0.724
1517.836 0.698
1518.491 0.655
1519.126 0.635
1519.745 0.619
1520.354 0.609
1520.961 0.607
1521.577 0.616
1522.227 0.65
1522.924 0.697
1523.631 0.707
1524.354 0.723
1525.077 0.723
1525.794 0.717
1526.495 0.701
1527.182 0.687
1527.841 0.659
1528.474 0.633
1529.091 0.617
1529.698 0.607
1530.3 0.602
1530.923 0.623
1531.592 0.669
1532.312 0.72
1533.073 0.761
1533.844 0.771
1534.62 0.776
1535.386 0.766
1536.122 0.736
1536.824 0.702
1537.493 0.669
1538.131 0.638
1538.747 0.616
1539.352 0.605
1539.943 0.591
1540.526 0.583
1541.109 0.583
1541.708 0.599
1542.364 0.656
1543.044 0.68
1543.745 0.701
1544.462 0.717
1545.174 0.712
1545.887 0.713
1546.564 0.677
1547.212 0.648
1547.83 0.618
1548.426 0.596
1549.01 0.584
1549.587 0.577
1550.163 0.576
1550.75 0.587
1551.372 0.622
1552.07 0.698
1552.884 0.814
1553.751 0.867
1554.605 0.854
1555.432 0.827
1556.232 0.8
1556.994 0.762
1557.706 0.712
1558.371 0.665
1559.003 0.632
1559.613 0.61
1560.214 0.601
1560.822 0.608
1561.456 0.634
1562.137 0.681
1562.864 0.727
1563.616 0.752
1564.377 0.761
1565.15 0.773
1565.903 0.753
1566.639 0.736
1567.348 0.709
1568.026 0.678
1568.673 0.647
1569.301 0.628
1569.92 0.619
1570.537 0.617
1571.162 0.625
1571.822 0.66
1572.515 0.693
1573.24 0.725
1573.974 0.734
1574.698 0.724
1575.415 0.717
1576.102 0.687
1576.774 0.672
1577.417 0.643
1578.041 0.624
1578.65 0.609
1579.247 0.597
1579.846 0.599
1580.461 0.615
1581.116 0.655
1581.81 0.694
1582.552 0.742
1583.313 0.761
1584.082 0.769
1584.846 0.764
1585.591 0.745
1586.3 0.709
1586.98 0.68
1587.625 0.645
1588.246 0.621
1588.853 0.607
1589.453 0.6
1590.053 0.6
1590.671 0.618
1591.327 0.656
1592.03 0.703
1592.763 0.733
1593.511 0.748
1594.269 0.758
1595.022 0.753
1595.765 0.743
1596.489 0.724
1597.193 0.704
1597.865 0.672
1598.512 0.647
1599.147 0.635
1599.771 0.624
1600.402 0.631
1601.045 0.643
1601.716 0.671
1602.42 0.704
1603.147 0.727
1603.875 0.728
1604.594 0.719
1605.302 0.708
1605.998 0.696
1606.684 0.686
1607.344 0.66
1607.982 0.638
1608.597 0.615
1609.199 0.602
1609.794 0.595
1610.394 0.6
1611.015 0.621
1611.678 0.663
1612.373 0.695
1613.085 0.712
1613.797 0.712
1614.509 0.712
1615.201 0.692
1615.879 0.678
1616.535 0.656
1617.174 0.639
1617.792 0.618
1618.394 0.602
1618.985 0.591
1619.573 0.588
1620.162 0.589
1620.768 0.606
1621.422 0.654
1622.124 0.702
1622.857 0.733
1623.599 0.742
1624.351 0.752
1625.082 0.731
1625.783 0.701
1626.455 0.672
1627.095 0.64
1627.719 0.624
1628.307 0.588
1628.879 0.572
1629.44 0.561
1629.999 0.559
1630.566 0.567
1631.163 0.597
1631.836 0.673
1632.597 0.761
1633.391 0.794
1634.205 0.814
1635.03 0.825
1635.829 0.799
1636.603 0.774
1637.347 0.744
1638.045 0.698
1638.705 0.66
1639.347 0.642
1639.986 0.639
1640.633 0.647
1641.311 0.678
1642.029 0.718
1642.745 0.716
1643.455 0.71
1644.158 0.703
1644.849 0.691
1645.516 0.667
1646.163 0.647
1646.782 0.619
1647.384 0.602
1647.985 0.601
1648.585 0.6
1649.199 0.614
1649.828 0.629
1650.475 0.647
1651.132 0.657
1651.792 0.66
1652.436 0.644
1653.077 0.641
1653.701 0.624
1654.316 0.615
1654.924 0.608
1655.532 0.608
1656.155 0.623
1656.799 0.644
1657.463 0.664
1658.183 0.72
1658.928 0.745
1659.669 0.741
1660.391 0.722
1661.066 0.675
1661.705 0.639
1662.324 0.619
1662.934 0.61
1663.547 0.613
1664.185 0.638
1664.852 0.667
1665.542 0.69
1666.248 0.706
1666.968 0.72
1667.678 0.71