0.000 0.548
0.548 0.548
0.821 0.273
6.671 5.85
6.999 0.328
7.445 0.446
7.788 0.343
8.263 0.475
8.727 0.464
9.084 0.357
9.358 0.274
10.124 0.766
10.64 0.516
11.071 0.431
11.338 0.267
11.711 0.373
24.999 13.288
25.965 0.966
26.568 0.603
27.072 0.504
27.564 0.492
28.926 1.362
29.412 0.486
29.693 0.281
29.991 0.298
31.183 1.192
31.518 0.335
31.785 0.267
32.04 0.255
32.345 0.305
33.297 0.952
33.613 0.316
33.882 0.269
34.147 0.265
35.779 1.632
36.762 0.983
37.036 0.274
37.905 0.869
38.229 0.324
38.576 0.347
38.868 0.292
39.182 0.314
39.443 0.261
39.885 0.442
40.185 0.3
40.474 0.289
40.744 0.27
41.045 0.301
41.474 0.429
42.075 0.601
43.403 1.328
44.483 1.08
44.756 0.273
45.022 0.266
45.74 0.718
46.397 0.657
47.03 0.633
48.378 1.348
49.876 1.498
50.294 0.418
51.137 0.843
52.575 1.438
54.216 1.641
54.827 0.611
55.22 0.393
55.639 0.419
56.236 0.597
56.545 0.309
57.292 0.747
57.656 0.364
58.001 0.345
58.298 0.297
58.564 0.266
58.859 0.295
59.21 0.351
59.892 0.682
60.153 0.261
60.46 0.307
63.814 3.354
68.32 4.506
68.602 0.282
68.896 0.294
69.204 0.308
69.547 0.343
69.84 0.293
70.104 0.264
70.463 0.359
70.783 0.32
71.607 0.824
72.046 0.439
72.846 0.8
73.162 0.316
73.618 0.456
73.882 0.264
74.156 0.274
74.636 0.48
74.918 0.282
75.241 0.323
75.498 0.257
77.946 2.448
78.507 0.561
78.815 0.308
79.11 0.295
79.4 0.29
79.697 0.297
80.035 0.338
80.334 0.299
81.042 0.708
81.728 0.686
86.405 4.677
87.252 0.847
87.727 0.475
90.276 2.549
91.293 1.017
91.708 0.415
92.715 1.007
93.127 0.412
94.327 1.2
94.625 0.298
95.056 0.431
95.508 0.452
95.769 0.261
96.138 0.369
96.445 0.307
98.247 1.802
98.74 0.493
99.572 0.832
100.277 0.705
100.562 0.285
102.76 2.198
103.248 0.488
103.78 0.532
106.116 2.336
107.082 0.966
109.04 1.958
113.403 4.363
113.927 0.524
114.449 0.522
114.967 0.518
115.494 0.527
116.045 0.551
116.629 0.584
117.21 0.581
117.576 0.366
117.831 0.255
118.371 0.54
118.657 0.286
118.952 0.295
119.232 0.28
119.499 0.267
119.778 0.279
120.161 0.383
120.457 0.296
121.543 1.086
121.867 0.324
122.187 0.32
122.765 0.578
123.476 0.711
125.025 1.549
126.892 1.867
127.541 0.649
128.46 0.919
128.746 0.286
129.0 0.254
129.641 0.641
131.824 2.183
134.142 2.318
134.6 0.458
135.281 0.681
141.44 6.159
142.502 1.062
143.206 0.704
144.06 0.854
145.337 1.277
146.045 0.708
146.785 0.74
147.579 0.794
148.187 0.608
148.522 0.335
149.238 0.716
150.008 0.77
150.523 0.515
150.788 0.265
151.56 0.772
152.2 0.64
152.913 0.713
153.697 0.784
154.491 0.794
155.307 0.816
156.135 0.828
156.974 0.839
157.336 0.362
157.831 0.495
158.639 0.808
159.394 0.755
160.153 0.759
160.931 0.778
161.808 0.877
162.702 0.894
163.366 0.664
163.657 0.291
164.272 0.615
164.984 0.712
165.351 0.367
165.704 0.353
166.381 0.677
166.656 0.275
167.065 0.409
167.337 0.272
167.782 0.445
168.051 0.269
170.285 2.234
171.811 1.526
172.07 0.259
172.678 0.608
174.672 1.994
175.437 0.765
176.228 0.791
176.564 0.336
177.083 0.519
177.938 0.855
178.785 0.847
179.542 0.757
180.48 0.938
181.357 0.877
182.246 0.889
183.066 0.82
183.893 0.827
184.688 0.795
185.494 0.806
186.263 0.769
187.072 0.809
187.784 0.712
188.141 0.357
188.779 0.638
189.197 0.418
189.57 0.373
190.294 0.724
190.963 0.669
191.37 0.407
191.76 0.39
192.252 0.492
192.505 0.253
193.201 0.696
193.908 0.707
194.621 0.713
194.921 0.3
195.254 0.333
196.125 0.871
196.854 0.729
197.602 0.748
198.34 0.738
199.079 0.739
199.82 0.741
200.528 0.708
201.205 0.677
201.88 0.675
202.543 0.663
203.193 0.65
203.826 0.633
204.446 0.62
205.059 0.613
205.7 0.641
206.401 0.701
207.085 0.684
207.82 0.735
208.612 0.792
209.197 0.585
209.478 0.281
210.11 0.632
211.087 0.977
211.575 0.488
211.844 0.269
212.364 0.52
212.669 0.305
213.215 0.546
213.772 0.557
214.606 0.834
214.894 0.288
215.597 0.703
216.474 0.877
216.809 0.335
217.392 0.583
218.288 0.896
219.146 0.858
219.645 0.499
220.038 0.393
220.937 0.899
221.42 0.483
221.808 0.388
222.592 0.784
222.843 0.251
223.333 0.49
224.258 0.925
225.149 0.891
225.972 0.823
226.818 0.846
227.669 0.851
228.546 0.877
229.356 0.81
230.177 0.821
230.995 0.818
231.846 0.851
232.67 0.824
233.469 0.799
234.262 0.793
235.075 0.813
235.872 0.797
236.619 0.747
237.405 0.786
238.16 0.755
238.892 0.732
239.595 0.703
240.298 0.703
241.001 0.703
241.57 0.569
242.072 0.502
242.439 0.367
243.134 0.695
243.832 0.698
244.525 0.693
245.204 0.679
245.895 0.691
246.575 0.68
247.258 0.683
247.961 0.703
248.664 0.703
249.379 0.715
250.103 0.724
250.807 0.704
251.516 0.709
252.238 0.722
252.976 0.738
253.751 0.775
254.512 0.761
255.268 0.756
256.031 0.763
256.816 0.785
257.604 0.788
258.379 0.775
259.135 0.756
259.904 0.769
260.67 0.766
261.43 0.76
262.169 0.739
262.929 0.76
263.682 0.753
264.458 0.776
265.248 0.79
266.005 0.757
266.762 0.757
267.542 0.78
268.364 0.822
269.151 0.787
269.931 0.78
270.711 0.78
271.512 0.801
272.274 0.762
272.996 0.722
273.729 0.733
274.464 0.735
275.182 0.718
275.844 0.662
276.517 0.673
277.162 0.645
277.798 0.636
278.422 0.624
279.031 0.609
279.645 0.614
280.251 0.606
280.648 0.397
281.501 0.853
282.152 0.651
282.828 0.676
283.515 0.687
284.183 0.668
284.627 0.444
285.462 0.835
286.295 0.833
287.046 0.751
287.758 0.712
288.418 0.66
289.219 0.801
289.97 0.751
290.707 0.737
291.456 0.749
292.219 0.763
292.965 0.746
293.713 0.748
294.426 0.713
295.157 0.731
295.885 0.728
296.635 0.75
297.375 0.74
298.112 0.737
298.842 0.73
299.531 0.689
300.18 0.649
300.839 0.659
301.509 0.67
302.206 0.697
302.896 0.69
303.588 0.692
304.292 0.704
305.002 0.71
305.743 0.741
306.439 0.696
307.115 0.676
307.78 0.665
308.448 0.668
309.123 0.675
309.794 0.671
310.459 0.665
311.019 0.56
311.81 0.791
312.501 0.691
313.203 0.702
313.903 0.7
314.514 0.611
315.261 0.747
315.686 0.425
316.075 0.389
316.833 0.758
317.557 0.724
318.12 0.563
319.011 0.891
319.712 0.701
320.401 0.689
321.077 0.676
321.334 0.257
321.78 0.446
322.499 0.719
323.254 0.755
324.068 0.814
324.851 0.783
325.602 0.751
326.364 0.762
327.121 0.757
327.901 0.78
328.64 0.739
328.97 0.33
329.4 0.43
330.16 0.76
330.971 0.811
331.825 0.854
332.613 0.788
333.25 0.637
334.234 0.984
335.057 0.823
335.839 0.782
336.639 0.8
337.394 0.755
338.122 0.728
338.859 0.737
339.574 0.715
340.303 0.729
341.044 0.741
341.77 0.726
342.497 0.727
343.053 0.556
343.765 0.712
344.651 0.886
345.408 0.757
346.045 0.637
346.746 0.701
347.59 0.844
348.338 0.748
349.13 0.792
349.91 0.78
350.661 0.751
351.44 0.779
352.176 0.736
352.579 0.403
352.876 0.297
353.129 0.253
353.457 0.328
353.973 0.516
354.3 0.327
354.821 0.521
355.44 0.619
356.061 0.621
356.706 0.645
357.266 0.56
357.978 0.712
358.736 0.758
359.333 0.597
359.649 0.316
360.242 0.593
360.538 0.296
360.931 0.393
361.203 0.272
361.839 0.636
362.293 0.454
362.551 0.258
363.728 1.177
364.063 0.335
364.507 0.444
367.484 2.977
368.899 1.415
369.97 1.071
370.74 0.77
371.035 0.295
371.458 0.423
371.726 0.268
374.044 2.318
374.476 0.432
374.803 0.327
375.364 0.561
376.481 1.117
376.892 0.411
377.253 0.361
377.584 0.331
377.867 0.283
378.192 0.325
379.075 0.883
379.591 0.516
380.312 0.721
381.557 1.245
382.177 0.62
382.454 0.277
383.973 1.519
384.743 0.77
384.995 0.252
385.271 0.276
385.546 0.275
385.872 0.326
386.276 0.404
386.626 0.35
387.405 0.779
388.013 0.608
388.281 0.268
388.877 0.596
389.232 0.355
389.714 0.482
390.195 0.481
391.419 1.224
392.0 0.581
392.454 0.454
392.923 0.469
393.911 0.988
395.446 1.535
396.053 0.607
397.126 1.073
397.972 0.846
398.746 0.774
399.524 0.778
400.149 0.625
401.03 0.881
401.748 0.718
402.005 0.257
402.431 0.426
402.819 0.388
403.296 0.477
404.932 1.636
405.689 0.757
406.372 0.683
406.667 0.295
407.207 0.54
407.903 0.696
408.573 0.67
409.561 0.988
409.838 0.277
410.692 0.854
411.071 0.379
411.496 0.425
412.257 0.761
413.013 0.756
413.783 0.77
414.584 0.801
415.442 0.858
416.246 0.804
416.998 0.752
417.771 0.773
418.585 0.814
419.418 0.833
420.292 0.874
421.074 0.782
421.871 0.797
422.716 0.845
423.582 0.866
424.42 0.838
425.206 0.786
426.009 0.803
426.885 0.876
427.763 0.878
428.571 0.808
429.361 0.79
430.167 0.806
430.99 0.823
431.747 0.757
432.271 0.524
432.54 0.269
432.815 0.275
433.071 0.256
433.644 0.573
435.018 1.374
435.957 0.939
437.393 1.436
438.153 0.76
438.876 0.723
439.597 0.721
440.337 0.74
441.124 0.787
441.918 0.794
442.69 0.772
443.403 0.713
444.137 0.734
444.903 0.766
445.716 0.813
446.047 0.331
446.318 0.271
446.569 0.251
446.846 0.277
447.199 0.353
447.467 0.268
447.828 0.361
448.101 0.273
448.497 0.396
448.772 0.275
449.023 0.251
449.36 0.337
451.73 2.37
452.231 0.501
453.445 1.214
453.999 0.554
454.732 0.733
455.308 0.576
455.57 0.262
455.871 0.301
456.215 0.344
456.484 0.269
456.934 0.45
457.588 0.654
458.036 0.448
458.537 0.501
459.339 0.802
460.108 0.769
460.693 0.585
460.953 0.26
461.247 0.294
461.656 0.409
462.312 0.656
463.063 0.751
463.464 0.401
463.773 0.309
464.092 0.319
464.353 0.261
464.725 0.372
465.262 0.537
465.764 0.502
466.87 1.106
467.542 0.672
467.896 0.354
468.461 0.565
469.242 0.781
469.922 0.68
470.342 0.42
470.65 0.308
471.024 0.374
471.278 0.254
471.768 0.49
472.361 0.593
472.972 0.611
474.004 1.032
474.284 0.28
474.55 0.266
474.808 0.258
475.618 0.81
476.455 0.837
477.005 0.55
477.302 0.297
477.739 0.437
478.016 0.277
478.364 0.348
479.007 0.643
479.284 0.277
479.87 0.586
480.304 0.434
480.672 0.368
481.207 0.535
481.506 0.299
482.338 0.832
483.183 0.845
483.633 0.45
484.069 0.436
484.867 0.798
485.211 0.344
485.652 0.441
486.433 0.781
487.244 0.811
487.554 0.31
488.044 0.49
488.834 0.79
489.105 0.271
489.644 0.539
490.483 0.839
490.776 0.293
491.189 0.413
492.149 0.96
492.697 0.548
492.965 0.268
493.443 0.478
493.756 0.313
494.534 0.778
495.317 0.783
496.093 0.776
496.865 0.772
497.663 0.798
498.49 0.827
499.261 0.771
499.529 0.268
500.079 0.55
500.92 0.841
501.804 0.884
502.684 0.88
503.387 0.703
504.3 0.913
505.089 0.789
505.949 0.86
506.792 0.843
507.779 0.987
508.637 0.858
509.535 0.898
510.444 0.909
511.392 0.948
512.265 0.873
513.186 0.921
514.121 0.935
515.063 0.942
515.941 0.878
516.789 0.848
517.595 0.806
517.899 0.304
518.195 0.296
518.491 0.296
519.014 0.523
519.531 0.517
521.179 1.648
522.381 1.202
522.727 0.346
523.046 0.319
523.684 0.638
524.299 0.615
524.938 0.639
525.23 0.292
525.5 0.27
525.936 0.436
526.196 0.26
526.531 0.335
527.22 0.689
527.529 0.309
527.833 0.304
528.162 0.329
528.497 0.335
528.866 0.369
532.416 3.55
533.688 1.272
533.98 0.292
534.334 0.354
535.036 0.702
535.784 0.748
536.554 0.77
537.387 0.833
538.255 0.868
539.175 0.92
540.088 0.913
540.979 0.891
541.901 0.922
542.813 0.912
543.693 0.88
543.965 0.272
544.58 0.615
545.481 0.901
546.431 0.95
547.374 0.943
548.297 0.923
549.203 0.906
550.014 0.811
550.723 0.709
551.032 0.309
551.375 0.343
551.933 0.558
552.277 0.344
552.812 0.535
553.699 0.887
554.149 0.45
554.622 0.473
555.007 0.385
555.568 0.561
556.296 0.728
556.553 0.257
557.357 0.804
557.788 0.431
558.28 0.492
558.839 0.559
559.116 0.277
559.837 0.721
560.112 0.275
560.869 0.757
561.37 0.501
561.707 0.337
562.134 0.427
562.519 0.385
562.879 0.36
563.3 0.421
564.043 0.743
564.506 0.463
564.79 0.284
565.571 0.781
566.386 0.815
567.154 0.768
567.549 0.395
567.963 0.414
568.606 0.643
569.39 0.784
569.666 0.276
569.988 0.322
570.623 0.635
571.46 0.837
572.324 0.864
573.134 0.81
573.927 0.793
574.198 0.271
574.661 0.463
575.361 0.7
575.652 0.291
575.924 0.272
576.195 0.271
576.57 0.375
577.007 0.437
577.867 0.86
578.696 0.829
579.507 0.811
580.005 0.498
580.351 0.346
581.196 0.845
582.046 0.85
582.848 0.802
583.657 0.809
584.056 0.399
584.484 0.428
585.35 0.866
586.205 0.855
587.009 0.804
587.877 0.868
588.738 0.861
589.627 0.889
590.508 0.881
590.784 0.276
591.103 0.319
591.356 0.253
591.641 0.285
591.946 0.305
592.376 0.43
592.697 0.321
593.049 0.352
593.4 0.351
594.068 0.668
594.76 0.692
595.041 0.281
595.588 0.547
595.88 0.292
596.431 0.551
596.72 0.289
597.026 0.306
597.302 0.276
597.619 0.317
598.589 0.97
599.542 0.953
600.375 0.833
601.197 0.822
601.785 0.588
602.066 0.281
602.347 0.281
602.682 0.335
603.028 0.346
603.308 0.28
603.564 0.256
603.933 0.369
604.193 0.26
605.009 0.816
605.972 0.963
606.948 0.976
607.866 0.918
608.71 0.844
609.572 0.862
609.979 0.407
610.465 0.486
611.414 0.949
612.276 0.862
613.13 0.854
614.038 0.908
615.019 0.981
615.909 0.89
616.731 0.822
617.582 0.851
618.48 0.898
619.34 0.86
620.135 0.795
620.95 0.815
621.849 0.899
622.736 0.887
623.55 0.814
624.397 0.847
625.271 0.874
626.156 0.885
626.984 0.828
627.84 0.856
628.723 0.883
629.097 0.374
629.625 0.528
630.488 0.863
631.324 0.836
632.185 0.861
633.086 0.901
633.917 0.831
634.728 0.811
635.325 0.597
635.6 0.275
636.507 0.907
637.427 0.92
638.301 0.874
638.894 0.593
639.17 0.276
639.836 0.666
640.905 1.069
641.69 0.785
642.224 0.534
642.484 0.26
642.806 0.322
643.094 0.288
643.422 0.328
643.721 0.299
644.236 0.515
645.118 0.882
645.937 0.819
646.514 0.577
646.803 0.289
647.1 0.297
647.515 0.415
647.964 0.449
648.566 0.602
649.392 0.826
650.241 0.849
650.632 0.391
651.167 0.535
651.419 0.252
652.107 0.688
653.02 0.913
653.868 0.848
654.735 0.867
655.429 0.694
656.541 1.112
657.342 0.801
658.152 0.81
658.579 0.427
659.02 0.441
659.458 0.438
659.89 0.432
660.73 0.84
661.604 0.874
662.22 0.616
662.512 0.292
663.049 0.537
663.448 0.399
664.251 0.803
664.689 0.438
665.042 0.353
665.319 0.277
665.629 0.31
665.923 0.294
666.332 0.409
666.725 0.393
667.037 0.312
667.537 0.5
668.299 0.762
669.118 0.819
669.884 0.766
670.206 0.322
670.507 0.301
670.823 0.316
671.095 0.272
671.846 0.751
672.695 0.849
673.557 0.862
674.035 0.478
674.365 0.33
674.7 0.335
675.325 0.625
676.148 0.823
676.939 0.791
677.765 0.826
678.153 0.388
678.655 0.502
679.575 0.92
680.412 0.837
681.27 0.858
682.154 0.884
683.054 0.9
683.897 0.843
684.712 0.815
685.562 0.85
686.124 0.562
686.43 0.306
687.291 0.861
688.104 0.813
688.945 0.841
689.838 0.893
690.656 0.818
691.304 0.648
692.05 0.746
693.158 1.108
693.687 0.529
694.023 0.336
694.335 0.312
694.831 0.496
695.372 0.541
695.683 0.311
696.253 0.57
696.55 0.297
697.376 0.826
698.137 0.761
698.915 0.778
699.732 0.817
700.646 0.914
701.576 0.93
702.422 0.846
703.254 0.832
704.104 0.85
704.975 0.871
705.825 0.85
706.679 0.854
707.566 0.887
708.47 0.904
709.335 0.865
710.151 0.816
710.991 0.84
711.853 0.862
712.731 0.878
713.541 0.81
714.347 0.806
715.165 0.818
716.018 0.853
716.827 0.809
717.618 0.791
718.454 0.836
719.292 0.838
720.153 0.861
720.948 0.795
721.735 0.787
722.519 0.784
723.315 0.796
724.124 0.809
724.921 0.797
725.772 0.851
726.649 0.877
727.502 0.853
728.298 0.796
729.117 0.819
729.972 0.855
730.852 0.88
731.706 0.854
732.514 0.808
733.357 0.843
734.24 0.883
735.164 0.924
736.047 0.883
736.902 0.855
737.791 0.889
738.709 0.918
739.537 0.828
740.321 0.784
741.117 0.796
741.962 0.845
742.912 0.95
743.774 0.862
744.644 0.87
745.529 0.885
746.454 0.925
747.327 0.873
748.159 0.832
749.022 0.863
749.913 0.891
750.794 0.881
751.622 0.828
752.475 0.853
753.353 0.878
754.229 0.876
755.052 0.823
755.889 0.837
756.752 0.863
757.623 0.871
758.431 0.808
758.813 0.382
759.064 0.251
759.609 0.545
759.94 0.331
760.22 0.28
760.578 0.358
761.149 0.571
761.515 0.366
762.312 0.797
762.61 0.298
762.863 0.253
763.162 0.299
763.472 0.31
763.834 0.362
769.488 5.654
769.986 0.498
770.352 0.366
771.021 0.669
771.307 0.286
771.84 0.533
772.234 0.394
772.564 0.33
773.588 1.024
773.854 0.266
774.308 0.454
774.636 0.328
775.348 0.712
776.108 0.76
776.45 0.342
776.73 0.28
777.135 0.405
777.85 0.715
778.545 0.695
779.046 0.501
779.527 0.481
779.878 0.351
780.174 0.296
780.464 0.29
780.73 0.266
781.002 0.272
781.279 0.277
781.647 0.368
783.355 1.708
783.872 0.517
784.194 0.322
785.353 1.159
785.754 0.401
786.043 0.289
787.503 1.46
788.759 1.256
789.606 0.847
789.931 0.325
790.934 1.003
791.239 0.305
791.502 0.263
791.966 0.464
792.42 0.454
793.153 0.733
793.515 0.362
793.838 0.323
794.207 0.369
795.221 1.014
795.945 0.724
796.768 0.823
797.047 0.279
797.306 0.259
797.698 0.392
798.32 0.622
799.153 0.833
799.884 0.731
800.612 0.728
800.967 0.355
801.309 0.342
801.601 0.292
802.386 0.785
803.361 0.975
804.225 0.864
805.073 0.848
805.339 0.266
805.637 0.298
805.941 0.304
806.21 0.269
806.821 0.611
807.738 0.917
808.69 0.952
809.566 0.876
809.866 0.3
810.125 0.259
810.423 0.298
811.12 0.697
811.514 0.394
812.153 0.639
813.001 0.848
813.395 0.394
813.903 0.508
814.835 0.932
815.097 0.262
815.788 0.691
816.722 0.934
817.002 0.28
817.404 0.402
818.328 0.924
818.941 0.613
819.546 0.605
819.907 0.361
820.177 0.27
820.427 0.25
820.885 0.458
821.175 0.29
821.549 0.374
827.687 6.138
827.985 0.298
828.463 0.478
828.736 0.273
830.595 1.859
831.215 0.62
831.52 0.305
832.171 0.651
832.438 0.267
833.343 0.905
835.149 1.806
835.428 0.279
835.956 0.528
837.187 1.231
838.444 1.257
839.159 0.715
839.488 0.329
839.915 0.427
840.237 0.322
842.05 1.813
842.455 0.405
843.868 1.413
845.195 1.327
845.511 0.316
845.823 0.312
846.91 1.087
847.628 0.718
848.09 0.462
848.365 0.275
848.622 0.257
849.141 0.519
849.918 0.777
850.683 0.765
851.329 0.646
851.661 0.332
851.918 0.257
852.589 0.671
853.458 0.869
854.214 0.756
854.487 0.273
854.82 0.333
855.169 0.349
855.48 0.311
856.683 1.203
857.235 0.552
857.489 0.254
857.743 0.254
858.036 0.293
858.448 0.412
858.913 0.465
859.33 0.417
859.923 0.593
860.683 0.76
860.997 0.314
861.276 0.279
861.768 0.492
862.857 1.089
863.8 0.943
864.68 0.88
865.56 0.88
865.977 0.417
866.444 0.467
867.319 0.875
868.192 0.873
868.717 0.525
868.975 0.258
869.3 0.325
869.759 0.459
870.056 0.297
870.421 0.365
870.683 0.262
871.065 0.382
871.484 0.419
872.335 0.851
873.166 0.831
874.053 0.887
874.568 0.515
874.856 0.288
876.014 1.158
876.963 0.949
877.844 0.881
878.207 0.363
878.556 0.349
879.593 1.037
880.488 0.895
881.34 0.852
881.662 0.322
881.924 0.262
882.182 0.258
882.873 0.691
883.992 1.119
884.539 0.547
884.867 0.328
885.214 0.347
885.706 0.492
886.103 0.397
886.379 0.276
886.803 0.424
887.21 0.407
887.473 0.263
887.853 0.38
888.257 0.404
889.198 0.941
889.48 0.282
889.733 0.253
890.045 0.312
890.302 0.257
890.664 0.362
890.927 0.263
891.315 0.388
891.805 0.49
892.147 0.342
892.628 0.481
893.17 0.542
893.451 0.281
893.721 0.27
893.993 0.272
894.279 0.286
894.581 0.302
895.223 0.642
896.128 0.905
896.657 0.529
896.99 0.333
897.251 0.261
897.524 0.273
897.883 0.359
898.156 0.273
898.545 0.389
899.046 0.501
899.394 0.348
899.693 0.299
900.233 0.54
900.582 0.349
900.866 0.284
901.464 0.598
902.36 0.896
903.22 0.86
903.623 0.403
903.912 0.289
904.62 0.708
904.894 0.274
905.289 0.395
905.899 0.61
906.543 0.644
906.809 0.266
907.688 0.879
908.104 0.416
908.357 0.253
908.623 0.266
908.935 0.312
909.411 0.476
909.985 0.574
910.274 0.289
910.733 0.459
911.1 0.367
911.715 0.615
912.264 0.549
912.53 0.266
912.822 0.292
913.689 0.867
913.989 0.3
914.501 0.512
914.791 0.29
915.081 0.29
915.337 0.256
915.658 0.321
915.971 0.313
916.269 0.298
917.105 0.836
917.779 0.674
918.704 0.925
919.469 0.765
919.983 0.514
920.251 0.268
921.073 0.822
921.843 0.77
922.383 0.54
922.649 0.266
923.025 0.376
923.499 0.474
924.4 0.901
925.234 0.834
926.048 0.814
926.433 0.385
926.865 0.432
927.678 0.813
928.499 0.821
929.309 0.81
930.125 0.816
930.515 0.39
930.942 0.427
931.775 0.833
932.561 0.786
933.361 0.8
933.663 0.302
933.925 0.262
934.402 0.477
934.828 0.426
935.828 1.0
936.645 0.817
937.228 0.583
937.983 0.755
938.309 0.326
939.14 0.831
939.93 0.79
940.715 0.785
941.277 0.562
941.553 0.276
942.099 0.546
943.156 1.057
943.928 0.772
944.526 0.598
945.532 1.006
945.808 0.276
946.355 0.547
947.127 0.772
947.676 0.549
948.129 0.453
948.574 0.445
949.523 0.949
950.298 0.775
951.072 0.774
951.522 0.45
951.809 0.287
952.652 0.843
953.222 0.57
954.213 0.991
954.652 0.439
954.917 0.265
955.265 0.348
955.769 0.504
956.057 0.288
956.575 0.518
957.363 0.788
958.151 0.788
958.551 0.4
958.939 0.388
959.56 0.621
959.95 0.39
960.605 0.655
961.383 0.778
962.233 0.85
962.671 0.438
962.958 0.287
963.753 0.795
964.556 0.803
965.333 0.777
965.692 0.359
965.974 0.282
966.421 0.447
966.802 0.381
967.626 0.824
967.977 0.351
968.33 0.353
969.02 0.69
969.838 0.818
970.67 0.832
971.551 0.881
972.355 0.804
973.16 0.805
974.002 0.842
974.863 0.861
975.707 0.844
976.512 0.805
977.329 0.817
978.168 0.839
979.033 0.865
979.847 0.814
980.68 0.833
981.537 0.857
982.42 0.883
983.318 0.898
984.123 0.805
984.952 0.829
985.784 0.832
986.649 0.865
987.458 0.809
988.227 0.769
989.013 0.786
989.815 0.802
990.645 0.83
991.436 0.791
992.282 0.846
993.154 0.872
994.053 0.899
994.892 0.839
995.734 0.842
996.568 0.834
997.374 0.806
998.135 0.761
998.923 0.788
999.78 0.857
1000.724 0.944
1001.568 0.844
1002.425 0.857
1003.305 0.88
1004.171 0.866
1004.956 0.785
1005.677 0.721
1006.439 0.762
1007.199 0.76
1008.026 0.827
1008.946 0.92
1009.765 0.819
1010.606 0.841
1011.459 0.853
1011.804 0.345
1012.309 0.505
1013.155 0.846
1013.951 0.796
1014.745 0.794
1015.563 0.818
1016.462 0.899
1017.359 0.897
1018.178 0.819
1019.032 0.854
1019.895 0.863
1020.826 0.931
1021.682 0.856
1022.521 0.839
1023.359 0.838
1024.212 0.853
1025.049 0.837
1025.847 0.798
1026.68 0.833
1027.537 0.857
1028.431 0.894
1029.236 0.805
1030.018 0.782
1030.774 0.756
1031.522 0.748
1032.267 0.745
1033.0 0.733
1033.741 0.741
1034.52 0.779
1035.291 0.771
1036.13 0.839
1036.931 0.801
1037.701 0.77
1038.143 0.442
1038.483 0.34
1039.354 0.871
1040.175 0.821
1040.998 0.823
1041.78 0.782
1042.083 0.303
1042.564 0.481
1043.345 0.781
1044.135 0.79
1044.885 0.75
1045.641 0.756
1045.931 0.29
1046.42 0.489
1047.222 0.802
1048.098 0.876
1048.926 0.828
1049.49 0.564
1050.516 1.026
1051.3 0.784
1052.061 0.761
1052.793 0.732
1053.589 0.796
1054.504 0.915
1055.435 0.931
1056.294 0.859
1057.131 0.837
1057.976 0.845
1058.852 0.876
1059.762 0.91
1060.576 0.814
1061.397 0.821
1062.215 0.818
1063.026 0.811
1063.825 0.799
1064.638 0.813
1065.491 0.853
1066.388 0.897
1067.234 0.846
1067.501 0.267
1068.072 0.571
1068.897 0.825
1069.716 0.819
1070.51 0.794
1070.824 0.314
1071.309 0.485
1072.13 0.821
1072.98 0.85
1073.77 0.79
1074.531 0.761
1074.831 0.3
1075.265 0.434
1075.937 0.672
1076.72 0.783
1077.49 0.77
1078.205 0.715
1078.932 0.727
1079.278 0.346
1079.657 0.379
1079.918 0.261
1080.454 0.536
1081.295 0.841
1081.952 0.657
1082.375 0.423
1082.722 0.347
1083.068 0.346
1083.427 0.359
1083.714 0.287
1084.614 0.9
1084.94 0.326
1085.617 0.677
1085.943 0.326
1086.477 0.534
1086.767 0.29
1087.137 0.37
1087.617 0.48
1088.256 0.639
1089.182 0.926
1089.467 0.285
1090.018 0.551
1090.463 0.445
1090.762 0.299
1091.205 0.443
1091.478 0.273
1091.839 0.361
1092.109 0.27
1092.397 0.288
1092.801 0.404
1093.068 0.267
1093.371 0.303
1093.722 0.351
1094.112 0.39
1094.518 0.406
1095.506 0.988
1095.76 0.254
1097.748 1.988
1098.02 0.272
1098.302 0.282
1098.701 0.399
1100.807 2.106
1102.301 1.494
1102.866 0.565
1103.352 0.486
1104.169 0.817
1105.396 1.227
1106.538 1.142
1107.167 0.629
1107.788 0.621
1108.195 0.407
1108.467 0.272
1108.724 0.257
1109.163 0.439
1109.936 0.773
1110.353 0.417
1112.476 2.123
1112.877 0.401
1113.334 0.457
1113.679 0.345
1114.478 0.799
1115.093 0.615
1115.366 0.273
1115.625 0.259
1115.951 0.326
1116.292 0.341
1116.713 0.421
1117.033 0.32
1117.602 0.569
1118.15 0.548
1118.775 0.625
1119.562 0.787
1123.012 3.45
1123.509 0.497
1123.889 0.38
1124.346 0.457
1125.071 0.725
1125.333 0.262
1126.551 1.218
1127.136 0.585
1127.453 0.317
1128.028 0.575
1128.346 0.318
1129.515 1.169
1129.817 0.302
1130.128 0.311
1130.853 0.725
1131.532 0.679
1132.058 0.526
1132.343 0.285
1139.979 7.636
1140.803 0.824
1142.555 1.752
1143.355 0.8
1144.038 0.683
1144.837 0.799
1145.18 0.343
1147.338 2.158
1148.135 0.797
1148.958 0.823
1149.797 0.839
1150.692 0.895
1151.558 0.866
1152.391 0.833
1153.175 0.784
1153.975 0.8
1154.799 0.824
1155.682 0.883
1156.583 0.901
1157.424 0.841
1158.257 0.833
1159.091 0.834
1159.969 0.878
1160.846 0.877
1161.692 0.846
1162.534 0.842
1163.398 0.864
1164.281 0.883
1165.177 0.896
1166.021 0.844
1166.827 0.806
1167.625 0.798
1168.435 0.81
1169.303 0.868
1170.172 0.869
1170.978 0.806
1171.806 0.828
1172.66 0.854
1173.532 0.872
1174.377 0.845
1175.173 0.796
1175.945 0.772
1176.727 0.782
1177.53 0.803
1178.372 0.842
1179.201 0.829
1180.0 0.799
1180.812 0.812
1181.633 0.821
1182.457 0.824
1183.259 0.802
1184.043 0.784
1184.858 0.815
1185.754 0.896
1186.699 0.945
1187.602 0.903
1188.45 0.848
1189.339 0.889
1190.278 0.939
1191.204 0.926
1192.089 0.885
1192.992 0.903
1193.943 0.951
1194.902 0.959
1195.804 0.902
1196.68 0.876
1197.473 0.793
1198.028 0.555
1198.39 0.362
1199.07 0.68
1199.533 0.463
1199.823 0.29
1200.758 0.935
1201.012 0.254
1201.626 0.614
1202.414 0.788
1203.197 0.783
1203.983 0.786
1204.738 0.755
1205.499 0.761
1205.968 0.469
1206.257 0.289
1207.049 0.792
1207.827 0.778
1208.612 0.785
1209.424 0.812
1210.221 0.797
1210.949 0.728
1211.691 0.742
1212.449 0.758
1213.226 0.777
1213.925 0.699
1214.612 0.687
1215.177 0.565
1215.611 0.434
1215.939 0.328
1216.241 0.302
1216.602 0.361
1217.613 1.011
1218.313 0.7
1219.806 1.493
1220.234 0.428
1220.644 0.41
1221.42 0.776
1222.199 0.779
1223.001 0.802
1223.472 0.471
1223.756 0.284
1224.64 0.884
1225.385 0.745
1226.112 0.727
1226.398 0.286
1226.837 0.439
1227.464 0.627
1227.763 0.299
1228.56 0.797
1229.304 0.744
1230.08 0.776
1230.885 0.805
1231.326 0.441
1231.703 0.377
1231.968 0.265
1232.607 0.639
1233.499 0.892
1234.362 0.863
1235.091 0.729
1235.417 0.326
1235.992 0.575
1236.361 0.369
1236.791 0.43
1237.54 0.749
1238.294 0.754
1239.066 0.772
1239.888 0.822
1240.704 0.816
1241.48 0.776
1242.254 0.774
1242.823 0.569
1243.817 0.994
1244.595 0.778
1245.326 0.731
1245.995 0.669
1246.282 0.287
1246.751 0.469
1247.465 0.714
1248.177 0.712
1248.873 0.696
1249.574 0.701
1250.335 0.761
1250.757 0.422
1251.078 0.321
1251.867 0.789
1252.657 0.79
1253.386 0.729
1254.115 0.729
1254.642 0.527
1255.569 0.927
1256.309 0.74
1257.039 0.73
1257.814 0.775
1258.667 0.853
1259.507 0.84
1260.282 0.775
1261.049 0.767
1261.839 0.79
1262.689 0.85
1263.508 0.819
1264.349 0.841
1265.212 0.863
1266.063 0.851
1266.832 0.769
1267.533 0.701
1268.238 0.705
1269.049 0.811
1269.938 0.889
1270.203 0.265
1270.466 0.263
1270.747 0.281
1271.123 0.376
1271.386 0.263
1271.848 0.462
1272.202 0.354
1272.493 0.291
1272.938 0.445
1273.201 0.263
1276.494 3.293
1276.944 0.45
1277.284 0.34
1277.943 0.659
1279.252 1.309
1280.068 0.816
1280.338 0.27
1281.001 0.663
1281.29 0.289
1282.289 0.999
1283.104 0.815
1283.407 0.303
1283.894 0.487
1284.186 0.292
1285.392 1.206
1285.711 0.319
1286.03 0.319
1286.904 0.874
1287.52 0.616
1289.307 1.787
1290.516 1.209
1291.078 0.562
1292.36 1.282
1294.549 2.189
1297.072 2.523
1297.327 0.255
1297.857 0.53
1298.164 0.307
1298.608 0.444
1299.334 0.726
1300.062 0.728
1300.772 0.71
1301.494 0.722
1302.241 0.747
1302.596 0.355
1302.859 0.263
1303.267 0.408
1303.763 0.496
1304.091 0.328
1304.541 0.45
1305.328 0.787
1305.597 0.269
1306.271 0.674
1306.842 0.571
1307.134 0.292
1307.887 0.753
1308.812 0.925
1309.267 0.455
1309.676 0.409
1309.933 0.257
1310.447 0.514
1310.769 0.322
1311.298 0.529
1311.77 0.472
1312.063 0.293
1312.664 0.601
1313.05 0.386
1313.607 0.557
1314.01 0.403
1314.416 0.406
1315.173 0.757
1315.437 0.264
1315.832 0.395
1316.171 0.339
1316.804 0.633
1317.401 0.597
1318.239 0.838
1318.593 0.354
1318.871 0.278
1319.181 0.31
1319.7 0.519
1320.449 0.749
1321.193 0.744
1321.942 0.749
1322.783 0.841
1323.386 0.603
1323.988 0.602
1324.3 0.312
1326.415 2.115
1327.134 0.719
1327.84 0.706
1328.565 0.725
1328.985 0.42
1329.269 0.284
1329.522 0.253
1330.073 0.551
1330.561 0.488
1330.832 0.271
1331.114 0.282
1331.386 0.272
1331.719 0.333
1331.982 0.263
1332.346 0.364
1332.973 0.627
1333.363 0.39
1333.643 0.28
1333.96 0.317
1334.216 0.256
1334.685 0.469
1335.232 0.547
1335.576 0.344
1337.409 1.833
1343.976 6.567
1345.148 1.172
1345.435 0.287
1345.685 0.25
1345.976 0.291
1346.256 0.28
1346.507 0.251
1347.016 0.509
1347.71 0.694
1347.999 0.289
1348.264 0.265
1348.634 0.37
1349.068 0.434
1349.607 0.539
1350.204 0.597
1350.649 0.445
1350.96 0.311
1351.335 0.375
1354.311 2.976
1354.582 0.271
1355.414 0.832
1355.689 0.275
1355.997 0.308
1356.32 0.323
1357.315 0.995
1357.899 0.584
1358.162 0.263
1358.595 0.433
1359.019 0.424
1361.11 2.091
1361.432 0.322
1367.976 6.544
1368.298 0.322
1369.943 1.645
1370.846 0.903
1372.625 1.779
1375.349 2.724
1376.189 0.84
1376.462 0.273
1376.824 0.362
1379.839 3.015
1380.728 0.889
1381.533 0.805
1381.963 0.43
1382.251 0.288
1382.584 0.333
1382.873 0.289
1383.129 0.256
1383.412 0.283
1384.44 1.028
1384.719 0.279
1385.054 0.335
1385.312 0.258
1385.591 0.279
1385.853 0.262
1386.168 0.315
1386.526 0.358
1386.778 0.252
1387.056 0.278
1387.338 0.282
1387.602 0.264
1388.797 1.195
1389.075 0.278
1389.359 0.284
1389.844 0.485
1390.255 0.411
1390.643 0.388
1391.08 0.437
1394.359 3.279
1395.167 0.808
1395.512 0.345
1395.767 0.255
1396.111 0.344
1396.501 0.39
1396.752 0.251
1397.079 0.327
1397.378 0.299
1398.719 1.341
1399.761 1.042
1402.3 2.539
1407.138 4.838
1407.951 0.813
1408.734 0.783
1409.491 0.757
1410.261 0.77
1411.002 0.741
1411.691 0.689
1412.119 0.428
1412.57 0.451
1412.858 0.288
1413.695 0.837
1414.479 0.784
1414.863 0.384
1415.368 0.505
1415.868 0.5
1416.241 0.373
1417.539 1.298
1417.819 0.28
1418.127 0.308
1418.4 0.273
1418.727 0.327
1419.704 0.977
1420.69 0.986
1426.627 5.937
1426.975 0.348
1427.611 0.636
1427.867 0.256
1428.52 0.653
1428.819 0.299
1429.187 0.368
1433.439 4.252
1433.775 0.336
1434.056 0.281
1435.582 1.526
1436.112 0.53
1437.166 1.054
1437.71 0.544
1438.156 0.446
1438.479 0.323
1439.163 0.684
1439.476 0.313
1445.137 5.661
1445.974 0.837
1446.332 0.358
1446.582 0.25
1446.902 0.32
1448.292 1.39
1448.547 0.255
1449.08 0.533
1449.363 0.283
1449.714 0.351
1450.003 0.289
1456.108 6.105
1456.393 0.285
1457.12 0.727
1457.44 0.32
1458.165 0.725
1460.845 2.68
1461.386 0.541
1462.184 0.798
1465.239 3.055
1465.509 0.27
1465.799 0.29
1466.079 0.28
1466.488 0.409
1466.89 0.402
1467.338 0.448
1468.027 0.689
1468.305 0.278
1479.974 11.669
1482.745 2.771
1483.652 0.907
1484.437 0.785
1484.764 0.327
1485.141 0.377
1485.397 0.256
1485.688 0.291
1485.962 0.274
1486.214 0.252
1487.183 0.969
1487.938 0.755
1488.264 0.326
1488.517 0.253
1488.869 0.352
1489.126 0.257
1489.449 0.323
1489.984 0.535
1490.43 0.446
1494.702 4.272
1494.954 0.252
1495.31 0.356
1495.642 0.332
1495.996 0.354
1496.335 0.339
1496.601 0.266
1498.335 1.734
1502.334 3.999
1505.78 3.446
1506.096 0.316
1506.404 0.308
1506.672 0.268
1507.145 0.473
1507.439 0.294
1508.611 1.172
1508.972 0.361
1509.277 0.305
1509.821 0.544
1514.323 4.502
1514.65 0.327
1515.07 0.42
1515.612 0.542
1515.992 0.38
1516.281 0.289
1516.974 0.693
1523.673 6.699
1525.234 1.561
1525.941 0.707
1526.429 0.488
1528.487 2.058
1530.034 1.547
1530.293 0.259
1531.697 1.404
1532.055 0.358
1532.462 0.407
1533.658 1.196
1534.188 0.53
1534.487 0.299
1534.745 0.258
1535.044 0.299
1535.347 0.303
1535.685 0.338
1536.041 0.356
1544.589 8.548
1544.867 0.278
1545.489 0.622
1547.171 1.682
1550.146 2.975
1550.831 0.685
1551.74 0.909
1554.727 2.987
1554.997 0.27
1555.786 0.789
1557.391 1.605
1557.665 0.274
1558.911 1.246
1559.38 0.469
1560.408 1.028
1560.671 0.263
1561.455 0.784
1564.187 2.732
1564.686 0.499
1565.415 0.729
1565.69 0.275
1565.959 0.269
1568.887 2.928
1569.468 0.581
1570.125 0.657
1571.876 1.751
1572.725 0.849
1573.628 0.903
1574.554 0.926
1574.914 0.36
1575.201 0.287
1575.472 0.271
1575.741 0.269
1576.259 0.518
1577.149 0.89
1577.432 0.283
1577.829 0.397
1578.374 0.545
1578.688 0.314
1579.037 0.349
1579.651 0.614
1579.918 0.267
1580.396 0.478
1583.347 2.951
1583.652 0.305
1583.99 0.338
1584.255 0.265
1584.55 0.295
1584.875 0.325
1585.382 0.507
1585.751 0.369
1586.014 0.263
1586.939 0.925
1587.369 0.43
1588.473 1.104
1588.878 0.405
1589.548 0.67
1589.858 0.31
1594.285 4.427
1594.547 0.262
1594.808 0.261
1595.098 0.29
1595.384 0.286
1595.97 0.586
1596.545 0.575
1599.127 2.582
1599.434 0.307
1599.812 0.378
1600.382 0.57
1602.668 2.286
1604.365 1.697
1604.672 0.307
1605.056 0.384
1605.322 0.266
1605.653 0.331
1605.966 0.313
1607.759 1.793
1608.352 0.593
1608.615 0.263
1609.042 0.427
1614.109 5.067
1614.401 0.292
1614.668 0.267
1614.924 0.256
1615.259 0.335
1618.677 3.418
1618.942 0.265
1619.24 0.298
1625.001 0.268
1625.338 0.337
1625.64 0.302
1625.915 0.275
1626.177 0.262
1629.201 3.024
1631.549 2.348
1631.835 0.286
1632.18 0.345
1634.356 2.176
1636.189 1.833
1636.501 0.312
1636.886 0.385
1637.233 0.347
1637.488 0.255
1638.145 0.657
1640.045 1.9
1640.464 0.419
1641.009 0.545
1641.359 0.35
1641.679 0.32
1642.473 0.794
1642.8 0.327
1643.121 0.321
1643.453 0.332
1645.028 1.575
1646.117 1.089
1646.394 0.277
1646.732 0.338
1647.001 0.269
1647.537 0.536
1647.901 0.364
1649.26 1.359
1649.745 0.485
1650.721 0.976
1651.09 0.369
1651.367 0.277
1653.913 2.546
1654.194 0.281
1654.565 0.371
1654.842 0.277
1655.229 0.387
1655.506 0.277
1655.822 0.316
1656.376 0.554
1656.722 0.346
1657.529 0.807
1659.005 1.476
1659.316 0.311
1659.675 0.359
1660.624 0.949
1660.966 0.342
1661.386 0.42
1664.379 2.993
1664.692 0.313
1664.967 0.275
1665.245 0.278