0.000 3.691
3.691 3.691
3.999 0.308
4.29 0.291
4.594 0.304
4.875 0.281
5.174 0.299
5.698 0.524
5.994 0.296
6.3 0.306
7.3 1.0
7.606 0.306
7.993 0.387
9.112 1.119
13.01 3.898
15.059 2.049
15.858 0.799
16.638 0.78
17.442 0.804
18.261 0.819
19.052 0.791
19.873 0.821
20.706 0.833
21.089 0.383
21.503 0.414
22.187 0.684
22.521 0.334
23.156 0.635
23.962 0.806
24.806 0.844
25.111 0.305
25.672 0.561
26.511 0.839
27.381 0.87
28.277 0.896
29.138 0.861
30.004 0.866
30.854 0.85
31.707 0.853
32.64 0.933
33.488 0.848
34.385 0.897
35.281 0.896
36.129 0.848
37.045 0.916
37.962 0.917
38.873 0.911
39.785 0.912
40.662 0.877
41.603 0.941
42.558 0.955
43.486 0.928
44.442 0.956
45.308 0.866
46.176 0.868
47.118 0.942
47.99 0.872
48.924 0.934
49.889 0.965
50.828 0.939
51.783 0.955
52.665 0.882
53.552 0.887
54.446 0.894
55.302 0.856
56.205 0.903
57.115 0.91
58.024 0.909
58.974 0.95
59.841 0.867
60.726 0.885
61.621 0.895
62.469 0.848
63.329 0.86
64.155 0.826
65.032 0.877
65.961 0.929
66.822 0.861
67.701 0.879
68.539 0.838
69.345 0.806
70.19 0.845
70.991 0.801
71.806 0.815
72.692 0.886
73.594 0.902
74.472 0.878
75.296 0.824
76.059 0.763
76.797 0.738
77.537 0.74
78.281 0.744
79.028 0.747
79.798 0.77
80.548 0.75
81.298 0.75
82.03 0.732
82.753 0.723
83.481 0.728
84.186 0.705
84.875 0.689
85.608 0.733
86.388 0.78
87.142 0.754
87.929 0.787
88.746 0.817
89.538 0.792
90.374 0.836
91.22 0.846
92.008 0.788
92.796 0.788
93.573 0.777
94.343 0.77
95.151 0.808
95.972 0.821
96.783 0.811
97.625 0.842
98.441 0.816
99.255 0.814
100.078 0.823
100.85 0.772
101.647 0.797
102.479 0.832
103.298 0.819
104.136 0.838
104.982 0.846
105.802 0.82
106.668 0.866
107.558 0.89
108.424 0.866
109.34 0.916
110.249 0.909
111.127 0.878
112.014 0.887
112.858 0.844
113.729 0.871
114.64 0.911
115.497 0.857
116.401 0.904
117.349 0.948
118.241 0.892
119.12 0.879
119.974 0.854
120.818 0.844
121.694 0.876
122.55 0.856
123.437 0.887
124.358 0.921
125.256 0.898
125.96 0.704
126.786 0.826
127.528 0.742
128.31 0.782
129.054 0.744
129.779 0.725
130.48 0.701
131.169 0.689
131.875 0.706
132.642 0.767
133.458 0.816
134.289 0.831
135.117 0.828
135.889 0.772
136.652 0.763
137.44 0.788
138.245 0.805
139.078 0.833
139.898 0.82
140.732 0.834
141.584 0.852
142.435 0.851
143.284 0.849
144.141 0.857
144.973 0.832
145.829 0.856
146.722 0.893
147.587 0.865
148.439 0.852
149.272 0.833
150.11 0.838
150.931 0.821
151.731 0.8
152.529 0.798
153.309 0.78
154.056 0.747
154.817 0.761
155.566 0.749
156.317 0.751
157.099 0.782
157.908 0.809
158.731 0.823
159.538 0.807
160.326 0.788
161.082 0.756
161.818 0.736
162.566 0.748
163.386 0.82
164.224 0.838
165.1 0.876
166.027 0.927
166.925 0.898
167.799 0.874
168.215 0.416
168.61 0.395
169.388 0.778
170.145 0.757
170.916 0.771
171.209 0.293
171.725 0.516
172.579 0.854
173.427 0.848
174.234 0.807
175.052 0.818
175.851 0.799
176.646 0.795
177.449 0.803
178.26 0.811
179.098 0.838
179.954 0.856
180.828 0.874
181.704 0.876
182.557 0.853
183.387 0.83
183.66 0.273
184.173 0.513
184.952 0.779
185.695 0.743
186.465 0.77
187.324 0.859
188.156 0.832
189.016 0.86
189.897 0.881
190.731 0.834
191.576 0.845
192.404 0.828
193.172 0.768
193.935 0.763
194.702 0.767
195.467 0.765
196.244 0.777
197.03 0.786
197.819 0.789
198.592 0.773
199.381 0.789
200.141 0.76
200.881 0.74
201.632 0.751
202.401 0.769
203.204 0.803
203.984 0.78
204.798 0.814
205.603 0.805
206.378 0.775
207.127 0.749
207.875 0.748
208.614 0.739
209.353 0.739
210.084 0.731
210.829 0.745
211.561 0.732
212.31 0.749
213.061 0.751
213.814 0.753
214.592 0.778
215.385 0.793
216.148 0.763
216.884 0.736
217.608 0.724
218.307 0.699
218.993 0.686
219.701 0.708
220.451 0.75
221.235 0.784
222.025 0.79
222.823 0.798
223.64 0.817
224.464 0.824
225.313 0.849
226.159 0.846
227.009 0.85
227.876 0.867
228.714 0.838
229.563 0.849
230.409 0.846
231.232 0.823
232.056 0.824
232.902 0.846
233.725 0.823
234.565 0.84
235.387 0.822
236.237 0.85
237.067 0.83
237.873 0.806
238.711 0.838
239.546 0.835
240.423 0.877
241.273 0.85
242.117 0.844
242.967 0.85
243.824 0.857
244.689 0.865
245.549 0.86
246.487 0.938
247.407 0.92
248.313 0.906
249.18 0.867
250.031 0.851
250.92 0.889
251.812 0.892
252.774 0.962
253.682 0.908
254.597 0.915
255.509 0.912
256.429 0.92
257.361 0.932
258.254 0.893
259.163 0.909
260.038 0.875
260.913 0.875
261.745 0.832
262.562 0.817
263.371 0.809
264.189 0.818
265.026 0.837
265.879 0.853
266.753 0.874
267.617 0.864
268.486 0.869
269.332 0.846
270.198 0.866
271.05 0.852
271.907 0.857
272.775 0.868
273.621 0.846
274.491 0.87
275.358 0.867
276.263 0.905
277.17 0.907
278.026 0.856
278.915 0.889
279.826 0.911
280.702 0.876
281.582 0.88
282.45 0.868
283.373 0.923
284.248 0.875
285.179 0.931
286.106 0.927
286.998 0.892
287.877 0.879
288.723 0.846
289.552 0.829
290.348 0.796
291.124 0.776
291.938 0.814
292.817 0.879
293.624 0.807
294.397 0.773
295.215 0.818
296.106 0.891
296.989 0.883
297.87 0.881
298.741 0.871
299.566 0.825
300.394 0.828
301.19 0.796
301.979 0.789
302.802 0.823
303.628 0.826
304.487 0.859
305.351 0.864
306.231 0.88
307.108 0.877
307.971 0.863
308.843 0.872
309.687 0.844
310.553 0.866
311.407 0.854
312.302 0.895
313.187 0.885
314.067 0.88
314.965 0.898
315.831 0.866
316.72 0.889
317.561 0.841
318.441 0.88
319.291 0.85
320.15 0.859
321.031 0.881
321.87 0.839
322.751 0.881
323.624 0.873
324.534 0.91
325.452 0.918
326.302 0.85
327.128 0.826
327.914 0.786
328.667 0.753
329.418 0.751
330.14 0.722
330.868 0.728
331.325 0.457
331.592 0.267
332.142 0.55
332.549 0.407
332.852 0.303
333.134 0.282
333.713 0.579
334.092 0.379
334.451 0.359
335.204 0.753
335.921 0.717
336.631 0.71
337.366 0.735
338.113 0.747
338.89 0.777
339.701 0.811
340.517 0.816
341.382 0.865
342.253 0.871
343.131 0.878
343.951 0.82
344.746 0.795
345.516 0.77
346.258 0.742
346.994 0.736
347.722 0.728
348.485 0.763
349.317 0.832
350.144 0.827
351.008 0.864
351.838 0.83
352.664 0.826
353.486 0.822
354.308 0.822
355.132 0.824
355.931 0.799
356.78 0.849
357.612 0.832
358.415 0.803
359.195 0.78
359.975 0.78
360.754 0.779
361.527 0.773
362.309 0.782
363.104 0.795
363.91 0.806
364.72 0.81
365.528 0.808
366.351 0.823
367.169 0.818
367.982 0.813
368.797 0.815
369.586 0.789
370.384 0.798
371.171 0.787
371.921 0.75
372.664 0.743
373.403 0.739
374.144 0.741
374.906 0.762
375.674 0.768
376.483 0.809
377.278 0.795
378.046 0.768
378.822 0.776
379.586 0.764
380.318 0.732
381.026 0.708
381.714 0.688
382.396 0.682
383.098 0.702
383.827 0.729
384.583 0.756
385.379 0.796
386.144 0.765
386.914 0.77
387.675 0.761
388.404 0.729
389.143 0.739
389.88 0.737
390.602 0.722
391.333 0.731
392.062 0.729
392.805 0.743
393.588 0.783
394.429 0.841
395.305 0.876
396.165 0.86
397.014 0.849
397.831 0.817
398.631 0.8
399.424 0.793
400.207 0.783
400.972 0.765
401.743 0.771
402.46 0.717
403.165 0.705
403.881 0.716
404.661 0.78
405.474 0.813
406.281 0.807
407.095 0.814
407.858 0.763
408.622 0.764
409.397 0.775
410.203 0.806
411.086 0.883
411.934 0.848
412.73 0.796
413.492 0.762
414.279 0.787
415.102 0.823
415.921 0.819
416.719 0.798
417.489 0.77
418.229 0.74
418.998 0.769
419.806 0.808
420.645 0.839
421.486 0.841
422.328 0.842
423.205 0.877
424.138 0.933
425.037 0.899
425.84 0.803
426.633 0.793
427.463 0.83
428.271 0.808
429.047 0.776
429.864 0.817
430.671 0.807
431.472 0.801
432.313 0.841
433.142 0.829
433.951 0.809
434.785 0.834
435.621 0.836
436.432 0.811
437.221 0.789
438.001 0.78
438.788 0.787
439.559 0.771
440.32 0.761
441.094 0.774
441.875 0.781
442.634 0.759
443.414 0.78
444.007 0.593
444.354 0.347
444.855 0.501
445.528 0.673
446.202 0.674
446.845 0.643
447.482 0.637
448.114 0.632
448.748 0.634
449.385 0.637
450.035 0.65
450.703 0.668
451.438 0.735
452.196 0.758
452.984 0.788
453.782 0.798
454.576 0.794
455.369 0.793
456.162 0.793
456.944 0.782
457.743 0.799
458.595 0.852
459.399 0.804
460.212 0.813
461.032 0.82
461.807 0.775
462.566 0.759
463.339 0.773
464.101 0.762
464.869 0.768
465.664 0.795
466.458 0.794
467.279 0.821
468.099 0.82
468.921 0.822
469.74 0.819
470.582 0.842
471.431 0.849
472.237 0.806
473.038 0.801
473.868 0.83
474.664 0.796
475.529 0.865
476.494 0.965
477.342 0.848
478.207 0.865
479.054 0.847
479.885 0.831
480.739 0.854
481.605 0.866
482.443 0.838
483.301 0.858
484.189 0.888
485.049 0.86
485.931 0.882
486.921 0.99
487.888 0.967
488.803 0.915
489.779 0.976
490.699 0.92
491.647 0.948
492.6 0.953
493.463 0.863
494.332 0.869
495.221 0.889
496.102 0.881
497.053 0.951
498.006 0.953
498.906 0.9
499.784 0.878
500.606 0.822
501.472 0.866
502.446 0.974
503.341 0.895
504.279 0.938
505.25 0.971
506.146 0.896
507.058 0.912
507.931 0.873
508.773 0.842
509.613 0.84
510.389 0.776
511.132 0.743
511.927 0.795
512.827 0.9
513.761 0.934
514.702 0.941
515.633 0.931
516.467 0.834
517.277 0.81
518.153 0.876
519.209 1.056
520.283 1.074
521.319 1.036
522.292 0.973
523.24 0.948
524.217 0.977
525.216 0.999
526.174 0.958
527.065 0.891
527.996 0.931
528.944 0.948
529.882 0.938
530.746 0.864
531.639 0.893
532.522 0.883
533.362 0.84
534.211 0.849
535.055 0.844
535.882 0.827
536.741 0.859
537.614 0.873
538.475 0.861
539.301 0.826
540.138 0.837
540.997 0.859
541.804 0.807
542.674 0.87
543.644 0.97
544.514 0.87
545.401 0.887
546.389 0.988
547.293 0.904
548.174 0.881
549.048 0.874
549.874 0.826
550.715 0.841
551.601 0.886
552.419 0.818
553.261 0.842
554.144 0.883
554.98 0.836
555.852 0.872
556.756 0.904
557.585 0.829
558.447 0.862
559.36 0.913
560.245 0.885
561.128 0.883
562.0 0.872
562.866 0.866
563.802 0.936
564.694 0.892
565.546 0.852
566.434 0.888
567.288 0.854
568.167 0.879
569.057 0.89
569.915 0.858
570.782 0.867
571.576 0.794
572.346 0.77
573.095 0.749
573.838 0.743
574.742 0.904
575.627 0.885
576.567 0.94
577.482 0.915
578.355 0.873
579.222 0.867
580.068 0.846
580.947 0.879
581.862 0.915
582.743 0.881
583.654 0.911
584.549 0.895
585.389 0.84
586.26 0.871
587.152 0.892
587.986 0.834
588.905 0.919
589.894 0.989
590.791 0.897
591.708 0.917
592.633 0.925
593.518 0.885
594.425 0.907
595.315 0.89
596.213 0.898
597.158 0.945
598.055 0.897
599.014 0.959
599.972 0.958
600.909 0.937
601.876 0.967
602.758 0.882
603.641 0.883
604.516 0.875
605.369 0.853
606.248 0.879
607.097 0.849
607.918 0.821
608.779 0.861
609.655 0.876
610.529 0.874
611.456 0.927
612.35 0.894
613.242 0.892
614.077 0.835
614.935 0.858
615.834 0.899
616.631 0.797
617.409 0.778
618.24 0.831
619.03 0.79
619.912 0.882
620.889 0.977
621.82 0.931
622.783 0.963
623.751 0.968
624.767 1.016
625.833 1.066
626.884 1.051
627.891 1.007
628.837 0.946
629.743 0.906
630.577 0.834
631.343 0.766
632.072 0.729
632.807 0.735
633.594 0.787
634.418 0.824
635.289 0.871
636.132 0.843
637.075 0.943
637.986 0.911
638.854 0.868
639.715 0.861
640.576 0.861
641.427 0.851
642.277 0.85
643.177 0.9
644.055 0.878
644.998 0.943
646.01 1.012
646.931 0.921
647.853 0.922
648.789 0.936
649.629 0.84
650.5 0.871
651.44 0.94
652.348 0.908
653.348 1.0
654.302 0.954
655.259 0.957
656.26 1.001
657.207 0.947
658.159 0.952
659.055 0.896
659.935 0.88
660.845 0.91
661.731 0.886
662.68 0.949
663.631 0.951
664.566 0.935
665.556 0.99
666.498 0.942
667.429 0.931
668.356 0.927
669.23 0.874
670.095 0.865
670.968 0.873
671.914 0.946
672.886 0.972
673.816 0.93
674.783 0.967
675.696 0.913
676.563 0.867
677.532 0.969
678.544 1.012
679.473 0.929
680.462 0.989
681.434 0.972
682.335 0.901
683.304 0.969
684.238 0.934
685.147 0.909
686.099 0.952
687.036 0.937
687.952 0.916
688.989 1.037
689.83 0.841
690.695 0.865
691.617 0.922
692.531 0.914
693.493 0.962
694.389 0.896
695.276 0.887
696.175 0.899
697.1 0.925
698.017 0.917
698.978 0.961
699.958 0.98
700.804 0.846
701.634 0.83
702.533 0.899
703.502 0.969
704.407 0.905
705.338 0.931
706.318 0.98
707.279 0.961
708.214 0.935
709.156 0.942
710.054 0.898
710.924 0.87
711.734 0.81
712.593 0.859
713.561 0.968
714.477 0.916
715.414 0.937
716.303 0.889
717.151 0.848
718.081 0.93
718.963 0.882
719.877 0.914
720.756 0.879
721.66 0.904
722.581 0.921
723.49 0.909
724.445 0.955
725.268 0.823
726.065 0.797
726.958 0.893
727.878 0.92
728.846 0.968
729.765 0.919
730.604 0.839
731.459 0.855
732.326 0.867
733.175 0.849
734.038 0.863
734.871 0.833
735.557 0.686
735.831 0.274
736.086 0.255
736.469 0.383
736.735 0.266
737.327 0.592
738.739 1.412
739.433 0.694
740.169 0.736
740.963 0.794
741.793 0.83
742.683 0.89
743.573 0.89
744.494 0.921
745.425 0.931
746.083 0.658
746.358 0.275
747.207 0.849
748.052 0.845
748.838 0.786
749.614 0.776
750.452 0.838
751.249 0.797
752.039 0.79
753.084 1.045
753.93 0.846
754.718 0.788
755.59 0.872
756.454 0.864
757.33 0.876
758.231 0.901
759.175 0.944
760.141 0.966
761.138 0.997
762.183 1.045
763.252 1.069
764.272 1.02
765.255 0.983
766.235 0.98
767.193 0.958
768.09 0.897
768.951 0.861
769.876 0.925
770.853 0.977
771.856 1.003
772.858 1.002
773.88 1.022
774.799 0.919
775.666 0.867
776.529 0.863
777.379 0.85
778.24 0.861
779.138 0.898
780.046 0.908
780.924 0.878
781.819 0.895
782.673 0.854
783.477 0.804
784.316 0.839
785.193 0.877
786.079 0.886
786.889 0.81
787.653 0.764
788.397 0.744
789.118 0.721
789.834 0.716
790.65 0.816
791.466 0.816
792.253 0.787
793.092 0.839
793.984 0.892
794.831 0.847
795.679 0.848
796.546 0.867
797.452 0.906
798.364 0.912
799.237 0.873
800.138 0.901
801.032 0.894
801.886 0.854
802.761 0.875
803.677 0.916
804.535 0.858
805.405 0.87
806.292 0.887
807.126 0.834
807.978 0.852
808.926 0.948
809.902 0.976
810.75 0.848
811.522 0.772
812.302 0.78
813.113 0.811
813.942 0.829
814.804 0.862
815.714 0.91
816.587 0.873
817.485 0.898
818.398 0.913
819.257 0.859
820.129 0.872
820.983 0.854
821.835 0.852
822.711 0.876
823.612 0.901
824.557 0.945
825.481 0.924
826.374 0.893
827.299 0.925
828.165 0.866
829.071 0.906
829.975 0.904
830.857 0.882
831.757 0.9
832.604 0.847
833.463 0.859
834.289 0.826
835.116 0.827
836.038 0.922
836.925 0.887
837.828 0.903
838.758 0.93
839.642 0.884
840.591 0.949
841.516 0.925
842.364 0.848
843.239 0.875
844.105 0.866
844.957 0.852
845.887 0.93
846.793 0.906
847.782 0.989
848.725 0.943
849.674 0.949
850.642 0.968
851.669 1.027
852.683 1.014
853.659 0.976
854.633 0.974
855.584 0.951
856.541 0.957
857.448 0.907
858.384 0.936
859.332 0.948
860.253 0.921
861.273 1.02
862.247 0.974
863.212 0.965
864.169 0.957
865.107 0.938
866.029 0.922
866.933 0.904
867.88 0.947
868.905 1.025
869.848 0.943
870.805 0.957
871.711 0.906
872.624 0.913
873.591 0.967
874.536 0.945
875.483 0.947
876.458 0.975
877.368 0.91
878.378 1.01
879.278 0.9
880.156 0.878
881.035 0.879
881.892 0.857
882.792 0.9
883.681 0.889
884.63 0.949
885.682 1.052
886.636 0.954
887.561 0.925
888.462 0.901
889.323 0.861
890.204 0.881
891.077 0.873
891.929 0.852
892.776 0.847
893.553 0.777
894.297 0.744
895.059 0.762
895.963 0.904
896.907 0.944
897.811 0.904
898.738 0.927
899.614 0.876
900.523 0.909
901.47 0.947
902.398 0.928
903.351 0.953
904.271 0.92
905.246 0.975
906.227 0.981
907.162 0.935
908.086 0.924
908.978 0.892
909.851 0.873
910.721 0.87
911.589 0.868
912.383 0.794
913.254 0.871
914.198 0.944
915.174 0.976
916.14 0.966
917.05 0.91
917.936 0.886
918.786 0.85
919.646 0.86
920.577 0.931
921.498 0.921
922.473 0.975
923.446 0.973
924.397 0.951
925.316 0.919
926.204 0.888
927.11 0.906
927.951 0.841
928.884 0.933
929.878 0.994
930.836 0.958
931.798 0.962
932.775 0.977
933.728 0.953
934.736 1.008
935.657 0.921
936.552 0.895
937.508 0.956
938.404 0.896
939.351 0.947
940.257 0.906
941.194 0.937
942.143 0.949
943.057 0.914
944.051 0.994
945.01 0.959
945.864 0.854
946.79 0.926
947.754 0.964
948.646 0.892
949.613 0.967
950.587 0.974
951.558 0.971
952.555 0.997
953.471 0.916
954.362 0.891
955.282 0.92
956.212 0.93
957.153 0.941
958.125 0.972
959.06 0.935
960.017 0.957
960.959 0.942
961.821 0.862
962.699 0.878
963.598 0.899
964.492 0.894
965.431 0.939
966.398 0.967
967.276 0.878
968.24 0.964
969.175 0.935
970.105 0.93
971.054 0.949
971.951 0.897
972.843 0.892
973.746 0.903
974.596 0.85
975.463 0.867
976.408 0.945
977.363 0.955
978.364 1.001
979.355 0.991
980.344 0.989
981.321 0.977
982.186 0.865
983.094 0.908
983.952 0.858
984.808 0.856
985.726 0.918
986.684 0.958
987.701 1.017
988.728 1.027
989.71 0.982
990.703 0.993
991.659 0.956
992.549 0.89
993.442 0.893
994.273 0.831
995.156 0.883
996.044 0.888
996.925 0.881
997.82 0.895
998.673 0.853
999.519 0.846
1000.3 0.781
1001.15 0.85
1001.985 0.835
1002.858 0.873
1003.771 0.913
1004.685 0.914
1005.652 0.967
1006.597 0.945
1007.47 0.873
1008.351 0.881
1009.195 0.844
1010.017 0.822
1010.929 0.912
1011.926 0.997
1012.872 0.946
1013.802 0.93
1014.694 0.892
1015.539 0.845
1016.397 0.858
1017.216 0.819
1018.094 0.878
1019.03 0.936
1019.951 0.921
1020.858 0.907
1021.784 0.926
1022.583 0.799
1023.482 0.899
1024.378 0.896
1025.261 0.883
1026.185 0.924
1027.098 0.913
1027.429 0.331
1027.69 0.261
1028.012 0.322
1028.842 0.83
1029.591 0.749
1030.418 0.827
1031.169 0.751
1031.92 0.751
1032.7 0.78
1033.528 0.828
1034.507 0.979
1035.48 0.973
1036.455 0.975
1037.449 0.994
1038.329 0.88
1039.214 0.885
1040.148 0.934
1041.031 0.883
1041.946 0.915
1042.961 1.015
1043.915 0.954
1044.769 0.854
1045.577 0.808
1046.389 0.812
1047.214 0.825
1048.254 1.04
1049.287 1.033
1050.248 0.961
1051.207 0.959
1052.142 0.935
1053.085 0.943
1053.939 0.854
1054.803 0.864
1055.654 0.851
1056.475 0.821
1057.314 0.839
1058.239 0.925
1059.206 0.967
1060.13 0.924
1061.115 0.985
1062.155 1.04
1063.122 0.967
1064.013 0.891
1064.93 0.917
1065.959 1.029
1066.998 1.039
1067.976 0.978
1068.984 1.008
1069.952 0.968
1070.929 0.977
1071.915 0.986
1072.89 0.975
1073.811 0.921
1074.799 0.988
1075.798 0.999
1076.702 0.904
1077.632 0.93
1078.601 0.969
1079.508 0.907
1080.442 0.934
1081.408 0.966
1082.335 0.927
1083.35 1.015
1084.405 1.055
1085.345 0.94
1086.306 0.961
1087.306 1.0
1088.254 0.948
1089.267 1.013
1090.298 1.031
1091.267 0.969
1092.198 0.931
1093.159 0.961
1094.025 0.866
1094.938 0.913
1095.884 0.946
1096.843 0.959
1097.832 0.989
1098.799 0.967
1099.743 0.944
1100.67 0.927
1101.564 0.894
1102.49 0.926
1103.507 1.017
1104.444 0.937
1105.431 0.987
1106.443 1.012
1107.389 0.946
1108.377 0.988
1109.396 1.019
1110.377 0.981
1111.397 1.02
1112.439 1.042
1113.413 0.974
1114.482 1.069
1115.544 1.062
1116.623 1.079
1117.678 1.055
1118.676 0.998
1119.679 1.003
1120.743 1.064
1121.703 0.96
1122.696 0.993
1123.802 1.106
1124.81 1.008
1125.742 0.932
1126.705 0.963
1127.716 1.011
1128.621 0.905
1129.515 0.894
1130.544 1.029
1131.517 0.973
1132.406 0.889
1133.297 0.891
1134.177 0.88
1135.053 0.876
1135.966 0.913
1136.892 0.926
1137.731 0.839
1138.56 0.829
1139.349 0.789
1140.193 0.844
1141.084 0.891
1141.888 0.804
1142.678 0.79
1143.45 0.772
1144.195 0.745
1144.922 0.727
1145.652 0.73
1146.375 0.723
1147.111 0.736
1147.879 0.768
1148.659 0.78
1149.398 0.739
1150.166 0.768
1150.943 0.777
1151.703 0.76
1152.44 0.737
1153.168 0.728
1153.923 0.755
1154.714 0.791
1155.499 0.785
1156.305 0.806
1157.164 0.859
1157.952 0.788
1158.774 0.822
1159.647 0.873
1160.533 0.886
1161.405 0.872
1162.275 0.87
1163.122 0.847
1163.991 0.869
1164.944 0.953
1165.822 0.878
1166.733 0.911
1167.709 0.976
1168.649 0.94
1169.594 0.945
1170.53 0.936
1171.429 0.899
1172.31 0.881
1173.214 0.904
1174.12 0.906
1175.012 0.892
1175.966 0.954
1176.887 0.921
1177.855 0.968
1178.805 0.95
1179.673 0.868
1180.569 0.896
1181.493 0.924
1182.364 0.871
1183.221 0.857
1184.141 0.92
1185.043 0.902
1185.893 0.85
1186.789 0.896
1187.75 0.961
1188.646 0.896
1189.598 0.952
1190.555 0.957
1191.514 0.959
1192.512 0.998
1193.522 1.01
1194.488 0.966
1195.471 0.983
1196.457 0.986
1197.453 0.996
1198.508 1.055
1199.502 0.994
1200.506 1.004
1201.508 1.002
1202.424 0.916
1203.303 0.879
1204.201 0.898
1205.114 0.913
1205.922 0.808
1206.744 0.822
1207.552 0.808
1208.316 0.764
1209.05 0.734
1209.798 0.748
1210.595 0.797
1211.436 0.841
1212.263 0.827
1213.026 0.763
1213.773 0.747
1214.599 0.826
1215.552 0.953
1216.356 0.804
1217.125 0.769
1217.953 0.828
1218.796 0.843
1219.677 0.881
1220.567 0.89
1221.458 0.891
1222.342 0.884
1223.159 0.817
1223.957 0.798
1224.761 0.804
1225.634 0.873
1226.538 0.904
1227.442 0.904
1228.315 0.873
1229.192 0.877
1229.992 0.8
1230.784 0.792
1231.532 0.748
1232.257 0.725
1232.965 0.708
1233.66 0.695
1234.353 0.693
1235.042 0.689
1235.727 0.685
1236.409 0.682
1237.08 0.671
1237.754 0.674
1238.439 0.685
1239.122 0.683
1239.792 0.67
1240.457 0.665
1241.123 0.666
1241.813 0.69
1242.577 0.764
1243.425 0.848
1244.261 0.836
1245.061 0.8
1245.883 0.822
1246.71 0.827
1247.514 0.804
1248.329 0.815
1249.176 0.847
1249.995 0.819
1250.806 0.811
1251.618 0.812
1252.489 0.871
1253.352 0.863
1254.258 0.906
1255.164 0.906
1256.016 0.852
1256.885 0.869
1257.747 0.862
1258.575 0.828
1259.403 0.828
1260.277 0.874
1261.148 0.871
1261.973 0.825
1262.782 0.809
1263.605 0.823
1264.407 0.802
1265.205 0.798
1266.017 0.812
1266.816 0.799
1267.587 0.771
1268.369 0.782
1269.143 0.774
1269.941 0.798
1270.77 0.829
1271.575 0.805
1272.376 0.801
1273.224 0.848
1274.1 0.876
1274.99 0.89
1275.918 0.928
1276.84 0.922
1277.705 0.865
1278.576 0.871
1279.436 0.86
1280.317 0.881
1281.23 0.913
1282.138 0.908
1283.09 0.952
1283.991 0.901
1284.838 0.847
1285.675 0.837
1286.452 0.777
1287.2 0.748
1287.951 0.751
1288.723 0.772
1289.479 0.756
1290.233 0.754
1290.993 0.76
1291.725 0.732
1292.448 0.723
1293.167 0.719
1293.859 0.692
1294.536 0.677
1295.208 0.672
1295.868 0.66
1296.605 0.737
1297.372 0.767
1298.17 0.798
1298.983 0.813
1299.827 0.844
1300.715 0.888
1301.56 0.845
1302.336 0.776
1303.085 0.749
1303.932 0.847
1304.904 0.972
1305.851 0.947
1306.744 0.893
1307.681 0.937
1308.628 0.947
1309.531 0.903
1310.43 0.899
1311.344 0.914
1312.242 0.898
1313.126 0.884
1314.034 0.908
1314.968 0.934
1315.886 0.918
1316.785 0.899
1317.668 0.883
1318.485 0.817
1319.32 0.835
1320.114 0.794
1320.908 0.794
1321.692 0.784
1322.509 0.817
1323.403 0.894
1324.352 0.949
1325.289 0.937
1326.12 0.831
1326.916 0.796
1327.74 0.824
1328.556 0.816
1329.36 0.804
1330.155 0.795
1330.984 0.829
1331.82 0.836
1332.675 0.855
1333.584 0.909
1334.511 0.927
1335.379 0.868
1336.2 0.821
1336.973 0.773
1337.752 0.779
1338.531 0.779
1339.322 0.791
1340.09 0.768
1340.841 0.751
1341.577 0.736
1342.295 0.718
1343.003 0.708
1343.692 0.689
1344.369 0.677
1345.058 0.689
1345.819 0.761
1346.606 0.787
1347.353 0.747
1348.074 0.721
1348.782 0.708
1349.482 0.7
1350.185 0.703
1350.877 0.692
1351.596 0.719
1352.385 0.789
1353.124 0.739
1353.856 0.732
1354.654 0.798
1355.483 0.829
1356.378 0.895
1357.287 0.909
1358.225 0.938
1359.148 0.923
1360.043 0.895
1360.926 0.883
1361.796 0.87
1362.699 0.903
1363.622 0.923
1364.484 0.862
1365.278 0.794
1366.046 0.768
1366.797 0.751
1367.531 0.734
1368.302 0.771
1369.138 0.836
1369.984 0.846
1370.826 0.842
1371.682 0.856
1372.497 0.815
1373.276 0.779
1374.052 0.776
1374.851 0.799
1375.65 0.799
1376.454 0.804
1377.283 0.829
1378.093 0.81
1378.906 0.813
1379.79 0.884
1380.7 0.91
1381.583 0.883
1382.441 0.858
1383.284 0.843
1384.094 0.81
1384.92 0.826
1385.771 0.851
1386.646 0.875
1387.517 0.871
1388.373 0.856
1389.216 0.843
1390.094 0.878
1390.945 0.851
1391.77 0.825
1392.556 0.786
1393.332 0.776
1394.126 0.794
1394.953 0.827
1395.781 0.828
1396.597 0.816
1397.397 0.8
1398.172 0.775
1398.914 0.742
1399.654 0.74
1400.414 0.76
1401.198 0.784
1401.976 0.778
1402.787 0.811
1403.583 0.796
1404.364 0.781
1405.158 0.794
1405.939 0.781
1406.707 0.768
1407.473 0.766
1408.243 0.77
1409.022 0.779
1409.801 0.779
1410.57 0.769
1411.376 0.806
1412.187 0.811
1412.999 0.812
1413.787 0.788
1414.56 0.773
1415.315 0.755
1416.049 0.734
1416.774 0.725
1417.526 0.752
1418.287 0.761
1419.072 0.785
1419.869 0.797
1420.675 0.806
1421.487 0.812
1422.286 0.799
1423.06 0.774
1423.849 0.789
1424.686 0.837
1425.534 0.848
1426.362 0.828
1427.173 0.811
1428.001 0.828
1428.832 0.831
1429.633 0.801
1430.419 0.786
1431.204 0.785
1431.995 0.791
1432.815 0.82
1433.629 0.814
1434.453 0.824
1435.282 0.829
1436.082 0.8
1436.885 0.803
1437.681 0.796
1438.437 0.756
1439.211 0.774
1440.026 0.815
1440.856 0.83
1441.626 0.77
1442.369 0.743
1443.112 0.743
1443.862 0.75
1444.596 0.734
1445.342 0.746
1446.106 0.764
1446.879 0.773
1447.661 0.782
1448.434 0.773
1449.219 0.785
1449.969 0.75
1450.695 0.726
1451.402 0.707
1452.107 0.705
1452.815 0.708
1453.535 0.72
1454.248 0.713
1455.005 0.757
1455.801 0.796
1456.615 0.814
1457.41 0.795
1458.212 0.802
1458.991 0.779
1459.775 0.784
1460.569 0.794
1461.342 0.773
1462.1 0.758
1462.864 0.764
1463.644 0.78
1464.427 0.783
1465.204 0.777
1465.975 0.771
1466.786 0.811
1467.597 0.811
1468.397 0.8
1469.233 0.836
1470.035 0.802
1470.816 0.781
1471.617 0.801
1472.435 0.818
1473.223 0.788
1474.055 0.832
1474.863 0.808
1475.647 0.784
1476.45 0.803
1477.265 0.815
1478.062 0.797
1478.899 0.837
1479.732 0.833
1480.562 0.83
1481.424 0.862
1482.247 0.823
1483.058 0.811
1483.87 0.812
1484.669 0.799
1485.533 0.864
1486.381 0.848
1487.206 0.825
1488.063 0.857
1488.903 0.84
1489.706 0.803
1490.533 0.827
1491.305 0.772
1491.678 0.373
1492.043 0.365
1492.77 0.727
1493.482 0.712
1494.18 0.698
1494.892 0.712
1495.618 0.726
1496.401 0.783
1497.245 0.844
1498.084 0.839
1498.946 0.862
1499.789 0.843
1500.634 0.845
1501.495 0.861
1502.315 0.82
1503.134 0.819
1503.961 0.827
1504.796 0.835
1505.721 0.925
1506.644 0.923
1507.527 0.883
1508.405 0.878
1509.224 0.819
1510.064 0.84
1510.938 0.874
1511.776 0.838
1512.646 0.87
1513.494 0.848
1514.347 0.853
1515.282 0.935
1516.197 0.915
1517.106 0.909
1518.015 0.909
1518.85 0.835
1519.689 0.839
1520.573 0.884
1521.391 0.818
1522.23 0.839
1523.069 0.839
1523.923 0.854
1524.834 0.911
1525.7 0.866
1526.582 0.882
1527.462 0.88
1528.345 0.883
1529.229 0.884
1530.099 0.87
1530.997 0.898
1531.837 0.84
1532.687 0.85
1533.579 0.892
1534.482 0.903
1535.4 0.918
1536.325 0.925
1537.204 0.879
1538.048 0.844
1538.844 0.796
1539.643 0.799
1540.438 0.795
1541.276 0.838
1542.084 0.808
1542.904 0.82
1543.71 0.806
1544.546 0.836
1545.37 0.824
1545.996 0.626
1546.958 0.962
1547.64 0.682
1548.331 0.691
1548.892 0.561
1549.153 0.261
1549.853 0.7
1550.31 0.457
1551.237 0.927
1551.827 0.59
1552.602 0.775
1553.287 0.685
1553.981 0.694
1554.689 0.708
1555.406 0.717
1556.124 0.718
1556.847 0.723