0.000 0.895
0.895 0.895
1.844 0.949
2.827 0.983
3.748 0.921
4.668 0.92
5.567 0.899
6.003 0.436
6.802 0.799
7.103 0.301
7.411 0.308
8.342 0.931
9.86 1.518
70.147 60.287
70.454 0.307
71.018 0.564
71.289 0.271
72.242 0.953
73.36 1.118
73.62 0.26
75.689 2.069
76.001 0.312
76.293 0.292
76.617 0.324
77.031 0.414
77.384 0.353
78.587 1.203
79.41 0.823
80.508 1.098
80.954 0.446
90.999 10.045
91.804 0.805
92.647 0.843
93.479 0.832
94.312 0.833
95.156 0.844
96.022 0.866
96.877 0.855
97.7 0.823
97.965 0.265
98.65 0.685
100.95 2.3
101.791 0.841
102.656 0.865
103.499 0.843
104.361 0.862
105.243 0.882
106.146 0.903
107.049 0.903
107.946 0.897
108.408 0.462
108.723 0.315
108.989 0.266
109.288 0.299
116.999 7.711
117.897 0.898
118.798 0.901
119.685 0.887
120.617 0.932
121.557 0.94
122.5 0.943
123.386 0.886
124.279 0.893
125.182 0.903
126.109 0.927
127.038 0.929
127.925 0.887
128.889 0.964
129.178 0.289
250.998 110.0
252.273 1.275
252.739 0.466
258.381 5.642
258.67 0.289
264.998 6.328
266.72 1.722
274.535 7.815
274.998 0.463
293.998 19.0
294.729 0.731
295.449 0.72
296.175 0.726
296.426 0.251
298.332 1.906
302.848 4.516
303.251 0.403
303.581 0.33
307.396 3.815
308.144 0.748
308.878 0.734
309.295 0.417
312.61 3.315
313.331 0.721
314.024 0.693
314.723 0.699
315.426 0.703
316.133 0.707
316.843 0.71
317.576 0.733
318.297 0.721
318.984 0.687
319.676 0.692
320.357 0.681
321.023 0.666
321.696 0.673
322.363 0.667
323.046 0.683
323.768 0.722
324.496 0.728
325.233 0.737
325.976 0.743
326.738 0.762
327.515 0.777
328.32 0.805
329.088 0.768
329.843 0.755
330.609 0.766
331.391 0.782
332.206 0.815
332.995 0.789
333.828 0.833
334.686 0.858
335.525 0.839
336.383 0.858
337.265 0.882
338.189 0.924
339.065 0.876
339.928 0.863
340.817 0.889
341.717 0.9
342.594 0.877
343.523 0.929
344.468 0.945
345.362 0.894
346.259 0.897
347.088 0.829
347.929 0.841
348.746 0.817
349.514 0.768
350.287 0.773
351.042 0.755
351.824 0.782
352.629 0.805
353.421 0.792
354.251 0.83
355.131 0.88
356.012 0.881
356.884 0.872
357.777 0.893
358.626 0.849
359.511 0.885
360.413 0.902
361.275 0.862
362.097 0.822
362.921 0.824
363.697 0.776
364.478 0.781
365.26 0.782
366.05 0.79
366.835 0.785
367.632 0.797
368.424 0.792
369.244 0.82
370.017 0.773
370.817 0.8
371.616 0.799
372.382 0.766
373.135 0.753
373.907 0.772
374.722 0.815
375.613 0.891
376.484 0.871
377.379 0.895
378.3 0.921
379.248 0.948
380.159 0.911
381.096 0.937
382.044 0.948
382.984 0.94
383.86 0.876
384.711 0.851
385.561 0.85
386.352 0.791
387.157 0.805
387.99 0.833
388.829 0.839
389.627 0.798
390.43 0.803
391.231 0.801
392.019 0.788
392.774 0.755
393.516 0.742
394.269 0.753
395.032 0.763
395.801 0.769
396.62 0.819
397.472 0.852
398.333 0.861
399.163 0.83
399.983 0.82
400.825 0.842
401.699 0.874
402.59 0.891
403.435 0.845
404.246 0.811
405.066 0.82
405.905 0.839
406.719 0.814
407.534 0.815
408.401 0.867
409.316 0.915
410.224 0.908
411.14 0.916
412.076 0.936
412.975 0.899
413.867 0.892
414.782 0.915
415.707 0.925
416.59 0.883
417.499 0.909
418.406 0.907
419.319 0.913
420.195 0.876
421.128 0.933
422.084 0.956
423.063 0.979
423.981 0.918
424.938 0.957
425.914 0.976
426.825 0.911
427.748 0.923
428.68 0.932
429.613 0.933
430.491 0.878
431.396 0.905
432.302 0.906
433.176 0.874
434.059 0.883
434.976 0.917
435.869 0.893
436.782 0.913
437.703 0.921
438.638 0.935
439.519 0.881
440.426 0.907
441.364 0.938
442.309 0.945
443.205 0.896
444.141 0.936
445.095 0.954
446.087 0.992
447.018 0.931
447.967 0.949
448.923 0.956
449.853 0.93
450.76 0.907
451.714 0.954
452.72 1.006
453.678 0.958
454.646 0.968
455.624 0.978
456.641 1.017
457.633 0.992
458.64 1.007
459.634 0.994
460.564 0.93
461.455 0.891
462.367 0.912
463.296 0.929
464.176 0.88
465.09 0.914
466.013 0.923
466.933 0.92
467.806 0.873
468.738 0.932
469.683 0.945
470.634 0.951
471.529 0.895
472.487 0.958
473.441 0.954
474.37 0.929
475.261 0.891
476.195 0.934
477.135 0.94
478.036 0.901
478.938 0.902
479.854 0.916
480.73 0.876
481.617 0.887
482.524 0.907
483.438 0.914
484.317 0.879
485.227 0.91
486.143 0.916
487.05 0.907
487.941 0.891
488.85 0.909
489.76 0.91
490.652 0.892
491.528 0.876
492.414 0.886
493.31 0.896
494.186 0.876
495.072 0.886
495.97 0.898
496.884 0.914
497.749 0.865
498.629 0.88
499.512 0.883
500.405 0.893
501.273 0.868
502.179 0.906
503.113 0.934
504.044 0.931
504.946 0.902
505.864 0.918
506.778 0.914
507.658 0.88
508.574 0.916
509.489 0.915
510.372 0.883
511.293 0.921
512.234 0.941
513.175 0.941
514.155 0.98
515.137 0.982
516.105 0.968
517.008 0.903
517.933 0.925
518.862 0.929
519.747 0.885
520.656 0.909
521.586 0.93
522.504 0.918
523.375 0.871
524.26 0.885
525.147 0.887
526.053 0.906
526.971 0.918
527.944 0.973
528.905 0.961
529.826 0.921
530.675 0.849
531.482 0.807
532.285 0.803
533.09 0.805
533.905 0.815
534.738 0.833
535.617 0.879
536.53 0.913
537.409 0.879
538.321 0.912
539.232 0.911
540.153 0.921
541.027 0.874
541.934 0.907
542.851 0.917
543.778 0.927
544.702 0.924
545.587 0.885
546.505 0.918
547.413 0.908
548.307 0.894
549.174 0.867
550.067 0.893
550.992 0.925
551.893 0.901
552.836 0.943
553.798 0.962
554.766 0.968
555.692 0.926
556.63 0.938
557.577 0.947
558.464 0.887
559.355 0.891
560.237 0.882
561.117 0.88
562.007 0.89
562.905 0.898
563.814 0.909
564.714 0.9
565.636 0.922
566.55 0.914
567.425 0.875
568.288 0.863
569.146 0.858
570.011 0.865
570.829 0.818
571.674 0.845
572.541 0.867
573.449 0.908
574.337 0.888
575.27 0.933
576.195 0.925
577.126 0.931
578.0 0.874
578.921 0.921
579.838 0.917
580.74 0.902
581.609 0.869
582.504 0.895
583.401 0.897
584.334 0.933
585.216 0.882
586.127 0.911
587.03 0.903
587.914 0.884
588.795 0.881
589.691 0.896
590.584 0.893
591.448 0.864
592.364 0.916
593.267 0.903
594.148 0.881
594.991 0.843
595.834 0.843
596.682 0.848
597.502 0.82
598.321 0.819
599.158 0.837
600.017 0.859
600.854 0.837
601.709 0.855
602.569 0.86
603.424 0.855
604.217 0.793
604.995 0.778
605.774 0.779
606.542 0.768
607.311 0.769
608.057 0.746
608.815 0.758
609.612 0.797
610.407 0.795
611.216 0.809
612.053 0.837
612.916 0.863
613.812 0.896
614.667 0.855
615.545 0.878
616.408 0.863
617.268 0.86
618.11 0.842
618.977 0.867
619.843 0.866
620.738 0.895
621.588 0.85
622.483 0.895
623.387 0.904
624.312 0.925
625.197 0.885
626.114 0.917
627.038 0.924
627.94 0.902
628.796 0.856
629.667 0.871
630.533 0.866
631.4 0.867
632.238 0.838
633.095 0.857
633.951 0.856
634.835 0.884
635.69 0.855
636.575 0.885
637.473 0.898
638.377 0.904
639.233 0.856
640.109 0.876
640.984 0.875
641.861 0.877
642.705 0.844
643.59 0.885
644.481 0.891
645.335 0.854
646.166 0.831
647.012 0.846
647.861 0.849
648.71 0.849
649.526 0.816
650.379 0.853
651.246 0.867
652.146 0.9
653.0 0.854
653.891 0.891
654.801 0.91
655.703 0.902
656.56 0.857
657.406 0.846
658.25 0.844
659.093 0.843
659.917 0.824
660.71 0.793
661.524 0.814
662.352 0.828
663.198 0.846
664.027 0.829
664.891 0.864
665.767 0.876
666.648 0.881
667.49 0.842
668.355 0.865
669.241 0.886
670.135 0.894
670.998 0.863
671.861 0.863
672.72 0.859
673.6 0.88
674.453 0.853
675.319 0.866
676.196 0.877
677.084 0.888
677.946 0.862
678.795 0.849
679.663 0.868
680.547 0.884
681.396 0.849
682.252 0.856
683.122 0.87
683.995 0.873
684.839 0.844
685.692 0.853
686.568 0.876
687.43 0.862
688.236 0.806
689.03 0.794
689.823 0.793
690.616 0.793
691.436 0.82
692.288 0.852
693.153 0.865
694.058 0.905
694.939 0.881
695.797 0.858
696.625 0.828
697.433 0.808
698.226 0.793
698.968 0.742
699.711 0.743
700.446 0.735
701.196 0.75
701.93 0.734
702.689 0.759
703.477 0.788
704.315 0.838
705.158 0.843
705.998 0.84
706.845 0.847
707.696 0.851
708.553 0.857
709.407 0.854
710.287 0.88
711.203 0.916
712.126 0.923
713.065 0.939
713.992 0.927
714.885 0.893
715.736 0.851
716.557 0.821
717.355 0.798
718.172 0.817
719.004 0.832
719.838 0.834
720.713 0.875
721.635 0.922
722.573 0.938
723.434 0.861
724.287 0.853
725.15 0.863
726.02 0.87
726.854 0.834
727.694 0.84
728.509 0.815
729.286 0.777
730.063 0.777
730.862 0.799
731.711 0.849
732.572 0.861
733.454 0.882
734.371 0.917
735.289 0.918
736.197 0.908
737.066 0.869
737.922 0.856
738.782 0.86
739.642 0.86
740.456 0.814
741.291 0.835
742.143 0.852
743.009 0.866
743.834 0.825
744.714 0.88
745.621 0.907
746.53 0.909
747.408 0.878
748.309 0.901
749.197 0.888
750.097 0.9
750.959 0.862
751.826 0.867
752.708 0.882
753.62 0.912
754.482 0.862
755.354 0.872
756.205 0.851
757.043 0.838
757.873 0.83
758.732 0.859
759.591 0.859
760.526 0.935
761.481 0.955
762.408 0.927
763.368 0.96
764.332 0.964
765.265 0.933
766.19 0.925
767.078 0.888
767.93 0.852
768.761 0.831
769.582 0.821
770.396 0.814
771.232 0.836
772.091 0.859
772.99 0.899
773.849 0.859
774.73 0.881
775.62 0.89
776.498 0.878
777.41 0.912
778.32 0.91
779.186 0.866
780.064 0.878
780.945 0.881
781.818 0.873
782.666 0.848
783.535 0.869
784.408 0.873
785.295 0.887
786.157 0.862
787.054 0.897
787.964 0.91
788.881 0.917
789.796 0.915
790.692 0.896
791.576 0.884
792.467 0.891
793.31 0.843
794.145 0.835
794.977 0.832
795.817 0.84
796.64 0.823
797.475 0.835
798.334 0.859
799.207 0.873
800.084 0.877
800.911 0.827
801.75 0.839
802.612 0.862
803.487 0.875
804.358 0.871
805.264 0.906
806.201 0.937
807.139 0.938
808.034 0.895
808.938 0.904
809.866 0.928
810.785 0.919
811.685 0.9
812.641 0.956
813.637 0.996
814.65 1.013
815.61 0.96
816.615 1.005
817.613 0.998
818.6 0.987
819.532 0.932
820.49 0.958
821.447 0.957
822.382 0.935
823.326 0.944
824.284 0.958
825.259 0.975
826.172 0.913
827.091 0.919
828.027 0.936
828.952 0.925
829.826 0.874
830.731 0.905
831.666 0.935
832.662 0.996
833.613 0.951
834.576 0.963
835.55 0.974
836.495 0.945
837.394 0.899
838.325 0.931
839.256 0.931
840.194 0.938
841.088 0.894
841.998 0.91
842.924 0.926
843.856 0.932
844.8 0.944
845.752 0.952
846.681 0.929
847.556 0.875
848.431 0.875
849.295 0.864
850.191 0.896
851.049 0.858
851.934 0.885
852.88 0.946
853.878 0.998
854.826 0.948
855.802 0.976
856.738 0.936
857.634 0.896
858.504 0.87
859.366 0.862
860.251 0.885
861.126 0.875
862.02 0.894
862.942 0.922
863.879 0.937
864.818 0.939
865.745 0.927
866.692 0.947
867.653 0.961
868.564 0.911
869.475 0.911
870.377 0.902
871.316 0.939
872.215 0.899
873.138 0.923
874.066 0.928
874.95 0.884
875.852 0.902
876.776 0.924
877.712 0.936
878.607 0.895
879.507 0.9
880.41 0.903
881.272 0.862
882.122 0.85
882.981 0.859
883.844 0.863
884.676 0.832
885.497 0.821
886.354 0.857
887.216 0.862
888.055 0.839
888.9 0.845
889.75 0.85
890.599 0.849
891.434 0.835
892.27 0.836
893.11 0.84
893.96 0.85
894.81 0.85
895.651 0.841
896.543 0.892
897.439 0.896
898.345 0.906
899.201 0.856
900.067 0.866
900.944 0.877
901.81 0.866
902.653 0.843
903.517 0.864
904.393 0.876
905.287 0.894
906.145 0.858
907.033 0.888
907.93 0.897
908.808 0.878
909.639 0.831
910.476 0.837
911.325 0.849
912.176 0.851
913.028 0.852
913.869 0.841
914.723 0.854
915.602 0.879
916.476 0.874
917.334 0.858
918.213 0.879
919.096 0.883
919.943 0.847
920.791 0.848
921.641 0.85
922.504 0.863
923.332 0.828
924.15 0.818
924.993 0.843
925.838 0.845
926.694 0.856
927.541 0.847
928.396 0.855
929.25 0.854
930.121 0.871
930.966 0.845
931.803 0.837
932.645 0.842
933.509 0.864
934.351 0.842
935.181 0.83
936.022 0.841
936.879 0.857
937.734 0.855
938.564 0.83
939.419 0.855
940.284 0.865
941.158 0.874
942.019 0.861
942.902 0.883
943.786 0.884
944.694 0.908
945.552 0.858
946.429 0.877
947.302 0.873
948.175 0.873
949.024 0.849
949.895 0.871
950.784 0.889
951.716 0.932
952.603 0.887
953.51 0.907
954.425 0.915
955.276 0.851
956.094 0.818
956.897 0.803
957.678 0.781
958.436 0.758
959.177 0.741
959.925 0.748
960.671 0.746
961.429 0.758
962.192 0.763
962.931 0.739
963.659 0.728
964.373 0.714
965.067 0.694
965.76 0.693
966.467 0.707
967.196 0.729
967.933 0.737
968.698 0.765
969.473 0.775
970.264 0.791
971.063 0.799
971.828 0.765
972.614 0.786
973.421 0.807
974.225 0.804
975.04 0.815
975.866 0.826
976.7 0.834
977.507 0.807
978.341 0.834
979.169 0.828
980.004 0.835
980.836 0.832
981.707 0.871
982.599 0.892
983.508 0.909
984.423 0.915
985.35 0.927
986.276 0.926
987.147 0.871
988.01 0.863
988.885 0.875
989.767 0.882
990.63 0.863
991.543 0.913
992.515 0.972
993.511 0.996
994.457 0.946
995.428 0.971
996.4 0.972
997.409 1.009
998.358 0.949
999.317 0.959
1000.265 0.948
1001.195 0.93
1002.084 0.889
1003.009 0.925
1003.951 0.942
1004.926 0.975
1005.905 0.979
1006.918 1.013
1007.933 1.015
1008.863 0.93
1009.78 0.917
1010.709 0.929
1011.664 0.955
1012.591 0.927
1013.546 0.955
1014.514 0.968
1015.498 0.984
1016.447 0.949
1017.414 0.967
1018.377 0.963
1019.344 0.967
1020.273 0.929
1021.225 0.952
1022.185 0.96
1023.126 0.941
1024.002 0.876
1024.903 0.901
1025.825 0.922
1026.769 0.944
1027.71 0.941
1028.609 0.899
1029.491 0.882
1030.389 0.898
1031.23 0.841
1032.1 0.87
1032.973 0.873
1033.837 0.864
1034.683 0.846
1035.499 0.816
1036.322 0.823
1037.138 0.816
1037.903 0.765
1038.659 0.756
1039.422 0.763
1040.238 0.816
1041.095 0.857
1042.026 0.931
1043.054 1.028
1044.15 1.096
1045.164 1.014
1046.195 1.031
1047.197 1.002
1048.172 0.975
1049.141 0.969
1050.105 0.964
1051.07 0.965
1051.983 0.913
1052.869 0.886
1053.765 0.896
1054.666 0.901
1055.565 0.899
1056.44 0.875
1057.35 0.91
1058.289 0.939
1059.217 0.928
1060.108 0.891
1061.011 0.903
1061.896 0.885
1062.767 0.871
1063.655 0.888
1064.556 0.901
1065.407 0.851
1066.286 0.879
1067.168 0.882
1068.052 0.884
1068.921 0.869
1069.808 0.887
1070.7 0.892
1071.609 0.909
1072.495 0.886
1073.386 0.891
1074.271 0.885
1075.162 0.891
1076.022 0.86
1076.892 0.87
1077.765 0.873
1078.64 0.875
1079.478 0.838
1080.373 0.895
1081.274 0.901
1082.2 0.926
1083.083 0.883
1083.984 0.901
1093.735 0.852
1094.604 0.869
1095.492 0.888
1096.373 0.881
1097.231 0.858
1098.114 0.883
1099.008 0.894
1099.894 0.886
1100.738 0.844
1101.609 0.871
1102.485 0.876
1103.369 0.884
1104.228 0.859
1105.108 0.88
1105.989 0.881
1106.864 0.875
1107.719 0.855
1108.598 0.879
1109.484 0.886
1110.371 0.887
1111.239 0.868
1112.129 0.89
1113.04 0.911
1113.929 0.889
1114.818 0.889
1115.728 0.91
1116.647 0.919
1117.539 0.892
1118.411 0.872
1119.301 0.89
1120.183 0.882
1121.025 0.842
1121.863 0.838
1122.693 0.83
1123.516 0.823
1124.317 0.801
1125.102 0.785
1125.897 0.795
1126.651 0.754
1127.403 0.752
1128.158 0.755
1128.911 0.753
1129.646 0.735
1130.382 0.736
1131.141 0.759
1131.931 0.79
1132.735 0.804
1133.525 0.79
1134.328 0.803
1135.142 0.814
1135.928 0.786
1136.715 0.787
1137.514 0.799
1138.296 0.782
1139.07 0.774
1139.826 0.756
1140.558 0.732
1141.295 0.737
1142.042 0.747
1142.785 0.743
1143.537 0.752
1144.331 0.794
1145.186 0.855
1146.034 0.848
1146.901 0.867
1147.783 0.882
1148.666 0.883
1149.553 0.887
1150.423 0.87
1151.301 0.878
1152.172 0.871
1153.047 0.875
1153.902 0.855
1154.782 0.88
1155.687 0.905
1156.616 0.929
1157.521 0.905
1158.42 0.899
1159.313 0.893
1160.192 0.879
1161.028 0.836
1161.863 0.835
1162.718 0.855
1163.585 0.867
1164.429 0.844
1165.278 0.849
1166.148 0.87
1167.032 0.884
1167.903 0.871
1168.75 0.847
1169.618 0.868
1170.48 0.862
1171.349 0.869
1172.19 0.841
1173.048 0.858
1173.899 0.851
1174.761 0.862
1175.593 0.832
1176.431 0.838
1177.28 0.849
1178.128 0.848
1178.982 0.854
1179.803 0.821
1180.636 0.833
1181.468 0.832
1182.321 0.853
1183.149 0.828
1183.993 0.844
1184.847 0.854
1185.72 0.873
1186.585 0.865
1187.458 0.873
1188.324 0.866
1189.202 0.878
1190.041 0.839
1190.88 0.839
1191.716 0.836
1192.563 0.847
1193.393 0.83
1194.234 0.841
1195.087 0.853
1195.952 0.865
1196.792 0.84
1197.646 0.854
1198.496 0.85
1199.361 0.865
1200.21 0.849
1201.059 0.849
1201.91 0.851
1202.769 0.859
1203.611 0.842
1204.466 0.855
1205.333 0.867
1206.215 0.882
1207.073 0.858
1207.961 0.888
1208.864 0.903
1209.776 0.912
1210.659 0.883
1211.538 0.879
1212.41 0.872
1213.277 0.867
1214.12 0.843
1214.966 0.846
1215.821 0.855
1216.688 0.867
1217.543 0.855
1218.413 0.87
1219.295 0.882
1220.181 0.886
1221.035 0.854
1221.886 0.851
1222.75 0.864
1223.618 0.868
1224.476 0.858
1225.324 0.848
1226.183 0.859
1227.042 0.859
1227.907 0.865
1228.751 0.844
1229.602 0.851
1230.463 0.861
1231.324 0.861
1232.154 0.83
1232.99 0.836
1233.841 0.851
1234.695 0.854
1235.522 0.827
1236.351 0.829
1237.175 0.824
1237.991 0.816
1238.781 0.79
1239.558 0.777
1240.346 0.788
1241.136 0.79
1241.927 0.791
1242.706 0.779
1243.502 0.796
1244.323 0.821
1245.165 0.842
1246.0 0.835
1246.833 0.833
1247.686 0.853
1248.563 0.877
1249.447 0.884
1250.337 0.89
1251.206 0.869
1252.073 0.867
1252.888 0.815
1253.703 0.815
1254.532 0.829
1255.372 0.84
1256.191 0.819
1257.031 0.84
1257.889 0.858
1258.773 0.884
1259.632 0.859
1260.505 0.873
1261.387 0.882
1262.283 0.896
1263.135 0.852
1263.99 0.855
1264.836 0.846
1265.675 0.839
1266.499 0.824
1267.325 0.826
1268.152 0.827
1268.973 0.821
1269.771 0.798
1270.596 0.825
1271.439 0.843
1272.299 0.86
1273.145 0.846
1274.013 0.868
1274.917 0.904
1275.864 0.947
1276.779 0.915
1277.692 0.913
1278.586 0.894
1279.46 0.874
1280.298 0.838
1281.141 0.843
1281.964 0.823
1282.78 0.816
1283.565 0.785
1284.352 0.787
1285.147 0.795
1285.949 0.802
1286.734 0.785
1287.498 0.764
1288.265 0.767
1289.066 0.801
1289.909 0.843
1290.746 0.837
1291.618 0.872
1292.513 0.895
1293.421 0.908
1294.333 0.912
1295.199 0.866
1296.076 0.877
1296.941 0.865
1297.81 0.869
1298.649 0.839
1299.475 0.826
1300.312 0.837
1301.168 0.856
1302.022 0.854
1302.875 0.853
1303.744 0.869
1304.645 0.901
1305.56 0.915
1306.424 0.864
1307.29 0.866
1308.162 0.872
1309.042 0.88
1309.9 0.858
1310.75 0.85
1311.622 0.872
1312.507 0.885
1313.443 0.936
1314.368 0.925
1315.305 0.937
1316.238 0.933
1317.168 0.93
1318.04 0.872
1318.905 0.865
1319.758 0.853
1320.621 0.863
1321.441 0.82
1322.256 0.815
1323.075 0.819
1323.903 0.828
1325.587 1.684
1326.421 0.834
1327.246 0.825
1328.062 0.816
1328.835 0.773
1329.605 0.77
1330.382 0.777
1331.168 0.786
1331.956 0.788
1332.788 0.832
1333.677 0.889
1334.644 0.967
1335.582 0.938
1336.522 0.94
1337.466 0.944
1338.402 0.936
1339.277 0.875
1340.145 0.868
1341.008 0.863
1341.866 0.858
1342.685 0.819
1343.511 0.826
1344.343 0.832
1345.196 0.853
1346.049 0.853
1346.867 0.818
1347.701 0.834
1348.544 0.843
1349.402 0.858
1350.267 0.865
1351.11 0.843
1351.928 0.818
1352.72 0.792
1353.485 0.765
1354.216 0.731
1354.952 0.736
1355.719 0.767
1356.537 0.818
1357.367 0.83
1358.21 0.843
1359.09 0.88
1359.99 0.9
1360.887 0.897
1361.749 0.862
1362.618 0.869
1363.492 0.874
1364.398 0.906
1365.275 0.877
1366.184 0.909
1367.103 0.919
1368.037 0.934
1368.939 0.902
1369.859 0.92
1370.801 0.942
1371.727 0.926
1372.626 0.899
1373.541 0.915
1374.462 0.921
1375.365 0.903
1376.261 0.896
1377.175 0.914
1378.123 0.948
1379.114 0.991
1380.046 0.932
1381.011 0.965
1381.991 0.98
1382.94 0.949
1383.844 0.904
1384.759 0.915
1385.672 0.913
1386.562 0.89
1387.439 0.877
1388.355 0.916
1389.262 0.907
1390.155 0.893
1391.016 0.861
1391.887 0.871
1392.767 0.88
1393.651 0.884
1394.509 0.858
1395.362 0.853
1396.243 0.881
1397.137 0.894
1398.035 0.898
1398.885 0.85
1399.73 0.845
1400.57 0.84
1401.423 0.853
1402.233 0.81
1403.04 0.807
1403.869 0.829
1404.736 0.867
1405.614 0.878
1406.462 0.848
1407.318 0.856
1408.182 0.864
1409.042 0.86
1409.858 0.816
1410.659 0.801
1411.452 0.793
1412.214 0.762
1412.968 0.754
1413.72 0.752
1414.498 0.778
1415.277 0.779
1416.08 0.803
1416.904 0.824
1417.758 0.854
1418.585 0.827
1419.415 0.83
1420.239 0.824
1421.066 0.827
1421.861 0.795
1422.649 0.788
1423.437 0.788
1424.23 0.793
1425.028 0.798
1425.807 0.779
1426.587 0.78
1427.368 0.781
1428.175 0.807
1428.999 0.824
1429.816 0.817
1430.691 0.875
1431.584 0.893
1432.497 0.913
1433.38 0.883
1434.253 0.873
1435.111 0.858
1435.957 0.846
1436.772 0.815
1437.594 0.822
1438.441 0.847
1439.332 0.891
1440.227 0.895
1441.121 0.894
1441.998 0.877
1442.866 0.868
1443.726 0.86
1444.529 0.803
1445.353 0.824
1446.173 0.82
1446.961 0.788
1447.772 0.811
1448.602 0.83
1449.445 0.843
1450.26 0.815
1451.053 0.793
1451.848 0.795
1452.633 0.785
1453.39 0.757