0.000 0.664
0.664 0.664
1.312 0.648
1.949 0.637
2.596 0.647
3.234 0.638
3.881 0.647
4.552 0.671
5.261 0.709
5.982 0.721
6.691 0.709
7.388 0.697
8.1 0.712
8.8 0.7
9.482 0.682
10.139 0.657
10.775 0.636
11.395 0.62
12.019 0.624
12.616 0.597
13.195 0.579
13.77 0.575
14.342 0.572
14.935 0.593
15.581 0.646
16.35 0.769
17.166 0.816
17.965 0.799
18.755 0.79
19.591 0.836
20.453 0.862
21.318 0.865
22.149 0.831
22.95 0.801
23.767 0.817
24.584 0.817
25.365 0.781
26.091 0.726
26.833 0.742
27.585 0.752
28.356 0.771
29.121 0.765
29.901 0.78
30.696 0.795
31.451 0.755
32.16 0.709
32.851 0.691
33.499 0.648
34.127 0.628
34.744 0.617
35.361 0.617
35.974 0.613
36.589 0.615
37.232 0.643
37.896 0.664
38.572 0.676
39.239 0.667
39.882 0.643
40.539 0.657
41.194 0.655
41.886 0.692
42.625 0.739
43.413 0.788
44.19 0.777
44.979 0.789
45.746 0.767
46.493 0.747
47.219 0.726
47.921 0.702
48.629 0.708
49.347 0.718
50.087 0.74
50.825 0.738
51.531 0.706
52.263 0.732
53.014 0.751
53.812 0.798
54.585 0.773
55.335 0.75
56.155 0.82
56.997 0.842
57.843 0.846
58.665 0.822
59.418 0.753
60.183 0.765
60.953 0.77
61.75 0.797
62.525 0.775
63.341 0.816
64.144 0.803
64.964 0.82
65.816 0.852
66.624 0.808
67.457 0.833
68.283 0.826
69.057 0.774
69.863 0.806
70.698 0.835
71.549 0.851
72.372 0.823
73.208 0.836
74.019 0.811
74.806 0.787
75.568 0.762
76.368 0.8
77.208 0.84
78.057 0.849
78.894 0.837
79.796 0.902
80.719 0.923
81.614 0.895
82.498 0.884
83.349 0.851
84.13 0.781
84.823 0.693
85.736 0.913
86.533 0.797
87.289 0.756
87.994 0.705
88.714 0.72
89.451 0.737
90.223 0.772
90.97 0.747
91.778 0.808
92.623 0.845
93.473 0.85
94.311 0.838
95.203 0.892
96.084 0.881
96.917 0.833
97.786 0.869
98.659 0.873
99.49 0.831
100.269 0.779
101.075 0.806
101.897 0.822
102.678 0.781
103.495 0.817
104.352 0.857
105.197 0.845
106.008 0.811
106.862 0.854
107.728 0.866
108.574 0.846
109.368 0.794
110.207 0.839
111.064 0.857
111.93 0.866
112.758 0.828
113.584 0.826
114.431 0.847
115.288 0.857
116.13 0.842
116.933 0.803
117.724 0.791
118.511 0.787
119.287 0.776
120.112 0.825
120.987 0.875
121.894 0.907
122.785 0.891
123.694 0.909
124.592 0.898
125.462 0.87
126.331 0.869
127.208 0.877
128.086 0.878
128.918 0.832
129.688 0.77
130.49 0.802
131.344 0.854
132.213 0.869
133.076 0.863
133.9 0.824
134.719 0.819
135.542 0.823
136.377 0.835
137.206 0.829
138.052 0.846
138.908 0.856
139.773 0.865
140.612 0.839
141.439 0.827
142.276 0.837
143.117 0.841
143.957 0.84
144.807 0.85
145.7 0.893
146.604 0.904
147.505 0.901
148.372 0.867
149.245 0.873
150.123 0.878
151.006 0.883
151.841 0.835
152.681 0.84
153.526 0.845
154.377 0.851
155.259 0.882
156.167 0.908
157.025 0.858
157.847 0.822
158.676 0.829
159.501 0.825
160.344 0.843
161.182 0.838
161.995 0.813
162.772 0.777
163.599 0.827
164.447 0.848
165.314 0.867
166.175 0.861
167.0 0.825
167.853 0.853
168.724 0.871
169.563 0.839
170.34 0.777
171.124 0.784
171.872 0.748
172.443 0.571
173.236 0.793
173.894 0.658
174.535 0.641
175.176 0.641
175.819 0.643
176.468 0.649
177.112 0.644
177.757 0.645
178.397 0.64
179.028 0.631
179.664 0.636
180.289 0.625
180.918 0.629
181.551 0.633
182.19 0.639
182.863 0.673
183.52 0.657
184.197 0.677
184.918 0.721
185.649 0.731
186.411 0.762
187.222 0.811
188.019 0.797
188.819 0.8
189.622 0.803
190.355 0.733
191.057 0.702
191.736 0.679
192.419 0.683
193.113 0.694
193.819 0.706
194.515 0.696
195.25 0.735
195.997 0.747
196.728 0.731
197.434 0.706
198.148 0.714
198.882 0.734
199.65 0.768
200.41 0.76
201.177 0.767
201.925 0.748
202.628 0.703
203.354 0.726
204.088 0.734
204.872 0.784
205.692 0.82
206.532 0.84
207.412 0.88
208.3 0.888
209.157 0.857
209.964 0.807
210.724 0.76
211.507 0.783
212.308 0.801
213.114 0.806
213.878 0.764
214.675 0.797
215.5 0.825
216.339 0.839
217.128 0.789
217.935 0.807
218.746 0.811
219.58 0.834
220.375 0.795
221.144 0.769
221.925 0.781
222.708 0.783
223.449 0.741
224.224 0.775
225.012 0.788
225.774 0.762
226.513 0.739
227.262 0.749
228.049 0.787
228.845 0.796
229.63 0.785
230.45 0.82
231.266 0.816
232.051 0.785
232.782 0.731
233.496 0.714
234.22 0.724
234.95 0.73
235.688 0.738
236.401 0.713
237.086 0.685
237.806 0.72
238.556 0.75
239.308 0.752
240.083 0.775
240.84 0.757
241.571 0.731
242.28 0.709
242.994 0.714
243.752 0.758
244.554 0.802
245.489 0.935
246.453 0.964
247.347 0.894
248.198 0.851
249.024 0.826
249.819 0.795
250.593 0.774
251.363 0.77
252.1 0.737
252.871 0.771
253.724 0.853
254.628 0.904
255.545 0.917
256.473 0.928
257.393 0.92
258.322 0.929
259.218 0.896
260.11 0.892
260.96 0.85
261.783 0.823
262.567 0.784
263.325 0.758
264.06 0.735
264.748 0.688
265.422 0.674
266.104 0.682
266.813 0.709
267.585 0.772
268.365 0.78
269.164 0.799
269.951 0.787
270.746 0.795
271.52 0.774
272.239 0.719
272.948 0.709
273.656 0.708
274.396 0.74
275.183 0.787
276.025 0.842
276.877 0.852
277.697 0.82
278.456 0.759
279.182 0.726
279.885 0.703
280.577 0.692
281.26 0.683
281.922 0.662
282.58 0.658
283.259 0.679
283.994 0.735
284.831 0.837
285.667 0.836
286.502 0.835
287.346 0.844
288.163 0.817
288.943 0.78
289.718 0.775
290.487 0.769
291.242 0.755
291.935 0.693
292.587 0.652
293.236 0.649
293.881 0.645
294.557 0.676
295.313 0.756
296.132 0.819
296.993 0.861
297.835 0.842
298.677 0.842
299.511 0.834
300.334 0.823
301.135 0.801
301.876 0.741
302.593 0.717
303.303 0.71
304.048 0.745
304.86 0.812
305.713 0.853
306.59 0.877
307.488 0.898
308.368 0.88
309.221 0.853
310.037 0.816
310.824 0.787
311.548 0.724
312.231 0.683
312.907 0.676
313.581 0.674
314.287 0.706
315.066 0.779
315.909 0.843
316.748 0.839
317.576 0.828
318.375 0.799
319.144 0.769
319.904 0.76
320.653 0.749
321.409 0.756
322.116 0.707
322.823 0.707
323.541 0.718
324.299 0.758
325.089 0.79
325.895 0.806
326.748 0.853
327.611 0.863
328.466 0.855
329.311 0.845
330.086 0.775
330.802 0.716
331.49 0.688
332.159 0.669
332.826 0.667
333.498 0.672
334.212 0.714
335.004 0.792
335.837 0.833
336.687 0.85
337.534 0.847
338.356 0.822
339.147 0.791
339.901 0.754
340.648 0.747
341.392 0.744
342.104 0.712
342.806 0.702
343.512 0.706
344.238 0.726
344.983 0.745
345.742 0.759
346.525 0.783
347.306 0.781
348.072 0.766
348.822 0.75
349.554 0.732
350.277 0.723
350.982 0.705
351.674 0.692
352.334 0.66
352.988 0.654
353.641 0.653
354.322 0.681
355.054 0.732
355.824 0.77
356.639 0.815
357.47 0.831
358.282 0.812
359.093 0.811
359.871 0.778
360.62 0.749
361.359 0.739
362.057 0.698
362.744 0.687
363.423 0.679
364.114 0.691
364.835 0.721
365.595 0.76
366.371 0.776
367.144 0.773
367.884 0.74
368.582 0.698
369.243 0.661
369.877 0.634
370.495 0.618
371.108 0.613
371.725 0.617
372.362 0.637
373.017 0.655
373.742 0.725
374.569 0.827
375.419 0.85
376.261 0.842
377.113 0.852
377.955 0.842
378.777 0.822
379.578 0.801
380.373 0.795
381.167 0.794
381.906 0.739
382.629 0.723
383.349 0.72
384.081 0.732
384.827 0.746
385.574 0.747
386.342 0.768
387.128 0.786
387.892 0.764
388.636 0.744
389.369 0.733
390.093 0.724
390.804 0.711
391.497 0.693
392.18 0.683
392.841 0.661
393.497 0.656
394.153 0.656
394.825 0.672
395.512 0.687
396.224 0.712
396.964 0.74
397.715 0.751
398.466 0.751
399.19 0.724
399.873 0.683
400.522 0.649
401.16 0.638
401.786 0.626
402.411 0.625
403.05 0.639
403.705 0.655
404.401 0.696
405.141 0.74
405.917 0.776
406.715 0.798
407.518 0.803
408.311 0.793
409.083 0.772
409.847 0.764
410.586 0.739
411.308 0.722
411.997 0.689
412.664 0.667
413.332 0.668
414.008 0.676
414.719 0.711
415.469 0.75
416.254 0.785
417.061 0.807
417.858 0.797
418.63 0.772
419.415 0.785
420.191 0.776
420.948 0.757
421.704 0.756
422.436 0.732
423.132 0.696
423.825 0.693
424.526 0.701
425.249 0.723
425.967 0.718
426.649 0.682
427.332 0.683
428.022 0.69
428.716 0.694
429.409 0.693
430.11 0.701
430.819 0.709
431.526 0.707
432.21 0.684
432.891 0.681
433.582 0.691
434.282 0.7
434.995 0.713
435.727 0.732
436.475 0.748
437.225 0.75
437.956 0.731
438.666 0.71
439.359 0.693
440.04 0.681
440.733 0.693
441.421 0.688
442.108 0.687
442.803 0.695
443.515 0.712
444.258 0.743
445.033 0.775
445.821 0.788
446.618 0.797
447.399 0.781
448.15 0.751
448.865 0.715
449.555 0.69
450.225 0.67
450.877 0.652
451.503 0.626
452.123 0.62
452.749 0.626
453.399 0.65
454.134 0.735
454.954 0.82
455.787 0.833
456.633 0.846
457.489 0.856
458.334 0.845
459.146 0.812
459.918 0.772
460.669 0.751
461.4 0.731
462.099 0.699
462.782 0.683
463.471 0.689
464.17 0.699
464.901 0.731
465.674 0.773
466.496 0.822
467.346 0.85
468.202 0.856
469.026 0.824
469.809 0.783
470.57 0.761
471.308 0.738
472.014 0.706
472.69 0.676
473.358 0.668
474.027 0.669
474.722 0.695
475.449 0.727
476.22 0.771
477.02 0.8
477.838 0.818
478.647 0.809
479.394 0.747
480.089 0.695
480.776 0.687
481.448 0.672
482.106 0.658
482.778 0.672
483.473 0.695
484.194 0.721
484.952 0.758
485.746 0.794
486.558 0.812
487.364 0.806
488.154 0.79
488.891 0.737
489.583 0.692
490.251 0.668
490.907 0.656
491.55 0.643
492.199 0.649
492.858 0.659
493.545 0.687
494.295 0.75
495.111 0.816
495.94 0.829
496.759 0.819
497.548 0.789
498.292 0.744
499.017 0.725
499.728 0.711
500.424 0.696
501.118 0.694
501.8 0.682
502.478 0.678
503.151 0.673
503.833 0.682
504.562 0.729
505.315 0.753
506.077 0.762
506.86 0.783
507.647 0.787
508.421 0.774
509.193 0.772
509.953 0.76
510.674 0.721
511.362 0.688
512.013 0.651
512.649 0.636
513.279 0.63
513.911 0.632
514.566 0.655
515.255 0.689
515.973 0.718
516.733 0.76
517.537 0.804
518.343 0.806
519.146 0.803
519.906 0.76
520.637 0.731
521.325 0.688
521.982 0.657
522.63 0.648
523.281 0.651
523.96 0.679
524.687 0.727
525.438 0.751
526.211 0.773
527.009 0.798
527.825 0.816
528.65 0.825
529.482 0.832
530.28 0.798
531.036 0.756
531.779 0.743
532.528 0.749
533.274 0.746
534.029 0.755
534.774 0.745
535.517 0.743
536.26 0.743
537.027 0.767
537.845 0.818
538.695 0.85
539.449 0.754
540.174 0.725
540.871 0.697
541.54 0.669
542.176 0.636
542.783 0.607
543.387 0.604
543.992 0.605
544.61 0.618
545.236 0.626
545.87 0.634
546.509 0.639
547.152 0.643
547.799 0.647
548.454 0.655
549.105 0.651
549.748 0.643
550.406 0.658
551.072 0.666
551.753 0.681
552.441 0.688
553.138 0.697
553.809 0.671