0.000 0.341
8.999 0.341
9.267 0.268
9.592 0.325
11.189 1.597
12.702 1.513
14.915 2.213
15.877 0.962
16.864 0.987
17.837 0.973
18.791 0.954
19.801 1.01
20.854 1.053
21.878 1.024
22.946 1.068
24.064 1.118
25.247 1.183
26.433 1.186
27.697 1.264
28.87 1.173
30.008 1.138
31.145 1.137
32.282 1.137
33.421 1.139
34.581 1.16
35.681 1.1
36.74 1.059
37.793 1.053
39.001 1.208
40.193 1.192
41.336 1.143
42.462 1.126
43.634 1.172
44.863 1.229
46.028 1.165
47.188 1.16
48.45 1.262
49.687 1.237
50.851 1.164
52.1 1.249
53.353 1.253
54.523 1.17
55.816 1.293
57.138 1.322
58.418 1.28
59.617 1.199
60.841 1.224
62.035 1.194
63.209 1.174
64.429 1.22
65.618 1.189
66.752 1.134
67.86 1.108
69.086 1.226
70.522 1.436
71.778 1.256
72.969 1.191
74.239 1.27
75.525 1.286
76.763 1.238
78.087 1.324
79.445 1.358
80.701 1.256
81.974 1.273
83.212 1.238
84.35 1.138
85.497 1.147
86.709 1.212
87.975 1.266
89.223 1.248
90.533 1.31
91.781 1.248
92.979 1.198
94.185 1.206
95.346 1.161
96.529 1.183
97.73 1.201
98.942 1.212
100.076 1.134
101.22 1.144
102.415 1.195
103.644 1.229
104.758 1.114
105.804 1.046
106.845 1.041
107.931 1.086
109.075 1.144
110.263 1.188
111.4 1.137
112.476 1.076
113.58 1.104
114.641 1.061
115.726 1.085
116.839 1.113
117.943 1.104
119.049 1.106
120.192 1.143
121.357 1.165
122.522 1.165
123.626 1.104
124.743 1.117
125.859 1.116
126.96 1.101
128.031 1.071
129.111 1.08
130.195 1.084
131.266 1.071
132.359 1.093
133.485 1.126
134.605 1.12
135.696 1.091
136.807 1.111
137.95 1.143
139.015 1.065
140.057 1.042
141.112 1.055
142.167 1.055
143.226 1.059
144.314 1.088
145.444 1.13
146.524 1.08
147.598 1.074
148.633 1.035
149.676 1.043
150.742 1.066
151.821 1.079
152.878 1.057
153.906 1.028
155.007 1.101
156.138 1.131
157.218 1.08
158.268 1.05
159.336 1.068
160.468 1.132
161.569 1.101
162.718 1.149
163.902 1.184
165.089 1.187
166.263 1.174
167.477 1.214
168.719 1.242
170.014 1.295
171.23 1.216
172.485 1.255
173.755 1.27
174.948 1.193
176.148 1.2
177.321 1.173
178.466 1.145
179.59 1.124
180.818 1.228
182.095 1.277
183.317 1.222
184.475 1.158
185.706 1.231
186.948 1.242
188.12 1.172
189.313 1.193
190.643 1.33
191.938 1.295
193.178 1.24
194.36 1.182
195.622 1.262
196.848 1.226
197.989 1.141
199.136 1.147
200.338 1.202
201.509 1.171
202.627 1.118
203.747 1.12
204.922 1.175
206.154 1.232
207.378 1.224
208.613 1.235
209.789 1.176
210.953 1.164
212.184 1.231
213.48 1.296
214.727 1.247
215.948 1.221
217.184 1.236
218.382 1.198
219.512 1.13
220.647 1.135
221.779 1.132
222.871 1.092
223.944 1.073
225.026 1.082
226.109 1.083
227.155 1.046
228.165 1.01
229.171 1.006
230.209 1.038
231.33 1.121
232.494 1.164
233.624 1.13
234.692 1.068
235.775 1.083
236.873 1.098
237.91 1.037
238.948 1.038
239.99 1.042
241.042 1.052
242.056 1.014
243.1 1.044
244.154 1.054
245.23 1.076
246.294 1.064
247.402 1.108
248.538 1.136
249.649 1.111
250.731 1.082
251.827 1.096
252.913 1.086
253.983 1.07
255.05 1.067
256.141 1.091
257.262 1.121
258.338 1.076
259.428 1.09
260.555 1.127
261.658 1.103
262.716 1.058
263.778 1.062
264.844 1.066
265.876 1.032
266.892 1.016
267.919 1.027
268.969 1.05
269.991 1.022
271.027 1.036
272.092 1.065
273.173 1.081
274.225 1.052
275.285 1.06
276.339 1.054
277.366 1.027
278.38 1.014
279.408 1.028
280.448 1.04
281.457 1.009
282.46 1.003
283.495 1.035
284.55 1.055
285.604 1.054
286.695 1.091
287.87 1.175
289.021 1.151
290.168 1.147
291.406 1.238
292.666 1.26
293.863 1.197
294.989 1.126
296.182 1.193
297.352 1.17
298.469 1.117
299.578 1.109
300.72 1.142
301.886 1.166
302.993 1.107
304.058 1.065
305.102 1.044
306.127 1.025
307.161 1.034
308.255 1.094
309.365 1.11
310.522 1.157
311.693 1.171
312.905 1.212
314.082 1.177
315.289 1.207
316.479 1.19
317.633 1.154
318.737 1.104
319.859 1.122
321.035 1.176
322.242 1.207
323.448 1.206
324.623 1.175
325.843 1.22
327.044 1.201
328.269 1.225
329.51 1.241
330.67 1.16
331.775 1.105
332.853 1.078
333.908 1.055
335.03 1.122
336.196 1.166
337.383 1.187
338.661 1.278
339.961 1.3
341.255 1.294
342.532 1.277
343.801 1.269
345.101 1.3
346.387 1.286
347.642 1.255
348.876 1.234
350.158 1.282
351.436 1.278
352.733 1.297
354.059 1.326
355.333 1.274
356.621 1.288
357.884 1.263
359.124 1.24
360.332 1.208
361.567 1.235
362.784 1.217
364.035 1.251
365.303 1.268
366.337 1.034
367.337 1.0
368.312 0.975
369.285 0.973
370.293 1.008
371.279 0.986
372.321 1.042
373.359 1.038
374.405 1.046
375.485 1.08
376.506 1.021
377.534 1.028
378.578 1.044
379.608 1.03
380.646 1.038
381.734 1.088
382.823 1.089
383.912 1.089
385.058 1.146
386.205 1.147
387.374 1.169
388.602 1.228
389.771 1.169
391.014 1.243
392.22 1.206
393.381 1.161
394.583 1.202
395.772 1.189
396.889 1.117
398.017 1.128
399.124 1.107
400.218 1.094
401.341 1.123
402.401 1.06
403.511 1.11
404.62 1.109
405.75 1.13
406.902 1.152
407.981 1.079
409.057 1.076
410.19 1.133
411.241 1.051
412.309 1.068
413.432 1.123
414.51 1.078
415.716 1.206
416.922 1.206
418.031 1.109
419.166 1.135
420.329 1.163
421.467 1.138
422.686 1.219
423.916 1.23
425.099 1.183
426.301 1.202
427.487 1.186
428.732 1.245
430.056 1.324
431.31 1.254
432.533 1.223
433.727 1.194
434.916 1.189
436.076 1.16
437.247 1.171
438.404 1.157
439.636 1.232
440.8 1.164
442.003 1.203
443.147 1.144
444.32 1.173
445.513 1.193
446.654 1.141
447.812 1.158
448.951 1.139
450.064 1.113
451.275 1.211
452.509 1.234
453.868 1.359
455.191 1.323
456.391 1.2
457.663 1.272
459.093 1.43
460.331 1.238
461.663 1.332
462.992 1.329
464.171 1.179
465.445 1.274
466.757 1.312
467.944 1.187
469.123 1.179
470.264 1.141
471.44 1.176
472.688 1.248
473.813 1.125
474.948 1.135
476.144 1.196
477.33 1.186
478.564 1.234
479.772 1.208
480.955 1.183
482.095 1.14
483.254 1.159
484.586 1.332
485.816 1.23
487.028 1.212
488.315 1.287
489.549 1.234
490.736 1.187
491.98 1.244
493.225 1.245
494.515 1.29
495.854 1.339
497.048 1.194
498.26 1.212
499.46 1.2
500.59 1.13
501.771 1.181
502.989 1.218
504.169 1.18
505.422 1.253
506.621 1.199
507.825 1.204
509.046 1.221
510.22 1.174
511.463 1.243
512.734 1.271
513.931 1.197
515.098 1.167
516.243 1.145
517.385 1.142
518.573 1.188
519.763 1.19
520.91 1.147
522.067 1.157
523.222 1.155
524.419 1.197
525.736 1.317
526.9 1.164
527.924 1.024
528.925 1.001
530.036 1.111
531.137 1.101
532.265 1.128
533.432 1.167
534.529 1.097
535.66 1.131
536.823 1.163
537.94 1.117
539.09 1.15
540.324 1.234
541.527 1.203
542.817 1.29
544.12 1.303
545.41 1.29
546.659 1.249
547.893 1.234
549.073 1.18
550.227 1.154
551.374 1.147
552.484 1.11
553.634 1.15
554.814 1.18
556.096 1.282
557.454 1.358
558.762 1.308
559.814 1.052
560.837 1.023
561.803 0.966
562.714 0.911
563.621 0.907
564.508 0.887
565.368 0.86
566.218 0.85
567.047 0.829
567.872 0.825
568.695 0.823
569.533 0.838
570.395 0.862
571.275 0.88
572.162 0.887
573.077 0.915
574.03 0.953
574.974 0.944
575.945 0.971
577.025 1.08
578.212 1.187
579.415 1.203
580.619 1.204
581.733 1.114
582.841 1.108
583.958 1.117
585.032 1.074
586.119 1.087
587.319 1.2
588.529 1.21
589.744 1.215
591.0 1.256
592.217 1.217
593.408 1.191
594.561 1.153
595.597 1.036
596.575 0.978
597.58 1.005
598.643 1.063
599.758 1.115
600.819 1.061
601.935 1.116
603.077 1.142
604.209 1.132
605.397 1.188
606.561 1.164
607.699 1.138
608.877 1.178
610.047 1.17
611.244 1.197
612.462 1.218
613.647 1.185
614.864 1.217
616.046 1.182
617.194 1.148
618.377 1.183
619.549 1.172
620.666 1.117
621.82 1.154
622.998 1.178
624.161 1.163
625.323 1.162
626.472 1.149
627.561 1.089
628.659 1.098
629.694 1.035
630.651 0.957
631.724 1.073
632.914 1.19
634.042 1.128
635.152 1.11
636.269 1.117
637.316 1.047
638.355 1.039
639.411 1.056
640.477 1.066
641.532 1.055
642.619 1.087
643.759 1.14
644.866 1.107
645.97 1.104
647.054 1.084
648.106 1.052
649.178 1.072
650.299 1.121
651.413 1.114
652.526 1.113
653.623 1.097
654.712 1.089
655.855 1.143
656.989 1.134
658.05 1.061
659.112 1.062
660.169 1.057
661.196 1.027
662.201 1.005
663.141 0.94
664.06 0.919
665.013 0.953
666.061 1.048
667.13 1.069
668.219 1.089
669.335 1.116
670.407 1.072
671.485 1.078
672.576 1.091
673.643 1.067
674.71 1.067
675.782 1.072
676.822 1.04
677.876 1.054
678.987 1.111
680.086 1.099
681.212 1.126
682.347 1.135
683.505 1.158
684.694 1.189
685.868 1.174
687.047 1.179
688.243 1.196
689.404 1.161
690.525 1.121
691.632 1.107
692.708 1.076
693.791 1.083
694.807 1.016
695.831 1.024
696.9 1.069
697.932 1.032
699.009 1.077
700.122 1.113
701.227 1.105
702.566 1.339
703.848 1.282
705.178 1.33
706.481 1.303
707.761 1.28
709.038 1.277
710.255 1.217
711.5 1.245
712.754 1.254
713.93 1.176
715.223 1.293
716.602 1.379
717.904 1.302
719.294 1.39
720.622 1.328
721.879 1.257
723.097 1.218
724.264 1.167
725.435 1.171
726.582 1.147
727.626 1.044
728.692 1.066
729.82 1.128
730.831 1.011
731.875 1.044
732.941 1.066
733.971 1.03
735.074 1.103
736.244 1.17
737.368 1.124
738.531 1.163
739.653 1.122
740.756 1.103
741.897 1.141
743.077 1.18
744.204 1.127
745.336 1.132
746.466 1.13
747.544 1.078
748.638 1.094
749.755 1.117
750.83 1.075
751.958 1.128
753.072 1.114
754.174 1.102
755.314 1.14
756.452 1.138
757.584 1.132
758.733 1.149
759.87 1.137
761.002 1.132
762.172 1.17
763.269 1.097
764.266 0.997
765.31 1.044
766.315 1.005
767.322 1.007
768.435 1.113
769.523 1.088
770.624 1.101
771.747 1.123
772.822 1.075
773.904 1.082
775.003 1.099
776.067 1.064
777.184 1.117
778.336 1.152
779.508 1.172
780.694 1.186
781.889 1.195
783.051 1.162
784.214 1.163
785.339 1.125
786.429 1.09
787.535 1.106
788.638 1.103
789.746 1.108
790.929 1.183
792.092 1.163
793.257 1.165
794.452 1.195
795.586 1.134
796.697 1.111
797.826 1.129
798.903 1.077
800.008 1.105
801.124 1.116
802.205 1.081
803.318 1.113
804.404 1.086
805.49 1.086
806.584 1.094
807.687 1.103
808.853 1.166
810.002 1.149
811.15 1.148
812.297 1.147
813.408 1.111
814.518 1.11
815.641 1.123
816.741 1.1
817.874 1.133
819.001 1.127
820.108 1.107
821.242 1.134
822.408 1.166
823.545 1.137
824.691 1.146
825.775 1.084
826.865 1.09
827.953 1.088
829.006 1.053
830.113 1.107
831.211 1.098
832.308 1.097
833.497 1.189
834.694 1.197
835.864 1.17
837.085 1.221
838.268 1.183
839.436 1.168
840.562 1.126
841.67 1.108
842.817 1.147
843.954 1.137
845.094 1.14
846.252 1.158
847.387 1.135
848.517 1.13
849.692 1.175
850.839 1.147
851.951 1.112
853.073 1.122
854.156 1.083
855.277 1.121
856.388 1.111
857.489 1.101
858.628 1.139
859.73 1.102
860.831 1.101
861.942 1.111
863.007 1.065
864.125 1.118
865.186 1.061
866.296 1.11
867.382 1.086
868.478 1.096
869.472 0.994
870.49 1.018
871.46 0.97
872.391 0.931
873.346 0.955
874.346 1.0
875.33 0.984
876.292 0.962
877.239 0.947
878.156 0.917
879.116 0.96
880.131 1.015
881.091 0.96
882.018 0.927
883.005 0.987
884.082 1.077
885.166 1.084
886.261 1.095
887.372 1.111
888.468 1.096
889.53 1.062
890.613 1.083
891.688 1.075
892.752 1.064
893.805 1.053
894.857 1.052
895.917 1.06
896.974 1.057
898.053 1.079
899.172 1.119
900.254 1.082
901.398 1.144
902.576 1.178
903.744 1.168
904.879 1.135
905.99 1.111
907.073 1.083
908.163 1.09
909.228 1.065
910.271 1.043
911.343 1.072
912.437 1.094
913.489 1.052
914.573 1.084
915.697 1.124
916.814 1.117
917.957 1.143
919.065 1.108
920.168 1.103
921.28 1.112
922.352 1.072
923.424 1.072
924.494 1.07
925.537 1.043
926.607 1.07
927.698 1.091
928.818 1.12
929.952 1.134
931.046 1.094
932.125 1.079
933.199 1.074
934.281 1.082
935.348 1.067
936.464 1.116
937.559 1.095
938.624 1.065
939.692 1.068
940.735 1.043
941.814 1.079
942.905 1.091
943.986 1.081
945.082 1.096
946.18 1.098
947.279 1.099
948.399 1.12
949.5 1.101
950.59 1.09
951.707 1.117
952.78 1.073
953.84 1.06
954.915 1.075
955.984 1.069
957.071 1.087
958.174 1.103
959.296 1.122
960.457 1.161
961.591 1.134
962.718 1.127
963.873 1.155
965.055 1.182
966.181 1.126
967.292 1.111
968.369 1.077
969.438 1.069
970.524 1.086
971.561 1.037
972.596 1.035
973.64 1.044
974.674 1.034
975.755 1.081
976.847 1.092
977.933 1.086
979.032 1.099
980.144 1.112
981.189 1.045
982.218 1.029
983.167 0.949
984.096 0.929
985.018 0.922
985.919 0.901
986.849 0.93
987.818 0.969
988.819 1.001
989.825 1.006
990.814 0.989
991.769 0.955
992.729 0.96
993.689 0.96
994.646 0.957
995.588 0.942
996.495 0.907
997.405 0.91
998.337 0.932
999.308 0.971
1000.328 1.02
1001.38 1.052
1002.409 1.029
1003.479 1.07
1004.583 1.104
1005.734 1.151
1006.997 1.263
1008.212 1.215
1009.347 1.135
1010.498 1.151
1011.616 1.118
1012.748 1.132
1013.881 1.133
1015.089 1.208
1016.261 1.172
1017.456 1.195
1018.64 1.184
1019.848 1.208
1021.032 1.184
1022.177 1.145
1023.321 1.144
1024.435 1.114
1025.626 1.191
1026.877 1.251
1028.091 1.214
1029.319 1.228
1030.532 1.213
1031.749 1.217
1032.934 1.185
1034.141 1.207
1035.305 1.164
1036.491 1.186
1037.74 1.249
1038.95 1.21
1040.158 1.208
1041.431 1.273
1042.683 1.252
1043.878 1.195
1045.131 1.253
1046.354 1.223
1047.575 1.221
1048.823 1.248
1050.018 1.195
1051.202 1.184
1052.406 1.204
1053.633 1.227
1054.783 1.15
1055.958 1.175
1057.203 1.245
1058.435 1.232
1059.689 1.254
1061.008 1.319
1062.237 1.229
1063.417 1.18
1064.604 1.187
1065.776 1.172
1066.908 1.132
1068.073 1.165
1069.215 1.142
1070.35 1.135
1071.521 1.171
1072.693 1.172
1073.816 1.123
1074.957 1.141
1076.14 1.183
1077.315 1.175
1078.516 1.201
1079.748 1.232
1080.936 1.188
1082.116 1.18
1083.319 1.203
1084.502 1.183
1085.633 1.131
1086.771 1.138
1087.902 1.131
1089.018 1.116
1090.129 1.111
1091.25 1.121
1092.363 1.113
1093.523 1.16
1094.692 1.169
1095.84 1.148
1097.012 1.172
1098.19 1.178
1099.319 1.129
1100.48 1.161
1101.677 1.197
1102.834 1.157
1103.97 1.136
1105.194 1.224
1106.301 1.107
1107.413 1.112
1108.527 1.114
1109.572 1.045
1110.675 1.103
1111.937 1.262
1113.068 1.131
1114.231 1.163
1115.447 1.216
1116.59 1.143
1117.795 1.205
1118.98 1.185
1120.122 1.142
1121.32 1.198
1122.479 1.159
1123.611 1.132
1124.784 1.173
1125.925 1.141
1127.077 1.152
1128.264 1.187
1129.469 1.205
1130.68 1.211
1131.995 1.315
1133.283 1.288
1134.458 1.175
1135.641 1.183
1136.817 1.176
1137.953 1.136
1139.155 1.202
1140.368 1.213
1141.617 1.249
1142.862 1.245
1144.114 1.252
1145.276 1.162
1146.431 1.155
1147.616 1.185
1148.762 1.146
1149.905 1.143
1151.102 1.197
1152.268 1.166
1153.407 1.139
1154.581 1.174
1155.754 1.173
1156.886 1.132
1158.085 1.199
1159.333 1.248
1160.533 1.2
1161.735 1.202
1162.896 1.161
1163.982 1.086
1165.081 1.099
1166.215 1.134
1167.347 1.132
1168.469 1.122
1169.536 1.067
1170.567 1.031
1171.589 1.022
1172.532 0.943
1173.416 0.884
1174.316 0.9
1175.296 0.98
1176.489 1.193
1177.585 1.096
1178.682 1.097
1179.783 1.101
1180.836 1.053
1181.975 1.139
1183.182 1.207
1184.352 1.17
1185.651 1.299
1186.937 1.286
1188.153 1.216
1189.456 1.303
1190.754 1.298
1192.084 1.33
1193.491 1.407
1194.879 1.388
1196.059 1.18
1197.193 1.134
1198.395 1.202
1199.51 1.115
1200.674 1.164
1201.902 1.228
1203.085 1.183
1204.278 1.193
1205.487 1.209
1206.659 1.172
1207.808 1.149
1209.011 1.203
1210.258 1.247
1211.513 1.255
1212.638 1.125
1213.697 1.059
1214.758 1.061
1215.872 1.114
1217.452 1.58
1218.945 1.493
1220.334 1.389
1221.749 1.415
1223.208 1.459
1224.711 1.503
1226.056 1.345
1227.339 1.283
1228.558 1.219
1229.635 1.077
1230.675 1.04
1231.724 1.049
1232.857 1.133
1234.252 1.395
1235.636 1.384
1237.037 1.401
1238.443 1.406
1239.907 1.464
1241.346 1.439
1242.698 1.352
1243.969 1.271
1245.158 1.189
1246.221 1.063
1247.315 1.094
1248.464 1.149
1249.585 1.121
1250.758 1.173
1251.998 1.24
1253.202 1.204
1254.397 1.195
1255.608 1.211
1256.849 1.241
1258.068 1.219
1259.259 1.191
1260.443 1.184
1261.635 1.192
1262.788 1.153
1263.982 1.194
1265.122 1.14
1266.192 1.07
1267.312 1.12
1268.501 1.189
1269.853 1.352
1271.147 1.294
1272.47 1.323
1273.759 1.289
1274.998 1.239
1276.184 1.186
1277.265 1.081
1278.287 1.022
1279.293 1.006
1280.371 1.078
1281.53 1.159
1282.772 1.242
1284.049 1.277
1285.345 1.296
1286.606 1.261
1287.787 1.181
1288.929 1.142
1290.111 1.182
1291.336 1.225
1292.521 1.185
1293.649 1.128
1294.721 1.072
1295.766 1.045
1296.851 1.085
1298.021 1.17
1299.241 1.22
1300.463 1.222
1301.588 1.125
1302.663 1.075
1303.716 1.053
1304.8 1.084
1305.941 1.141
1307.166 1.225
1308.443 1.277
1309.721 1.278
1310.946 1.225
1312.133 1.187
1313.244 1.111
1314.263 1.019
1315.234 0.971
1316.181 0.947
1317.173 0.992
1318.323 1.15
1319.573 1.25
1320.917 1.344
1322.276 1.359
1323.568 1.292
1324.797 1.229
1325.99 1.193
1327.18 1.19
1328.353 1.173
1329.44 1.087
1330.493 1.053
1331.544 1.051
1332.641 1.097
1333.913 1.272
1335.247 1.334
1336.636 1.389
1337.953 1.317
1339.205 1.252
1340.401 1.196
1341.557 1.156
1342.644 1.087
1343.675 1.031
1344.677 1.002
1345.682 1.005
1346.734 1.052
1347.88 1.146
1349.161 1.281
1350.412 1.251
1351.692 1.28
1353.031 1.339
1354.341 1.31
1355.603 1.262
1356.81 1.207
1358.009 1.199
1359.191 1.182
1360.352 1.161
1361.482 1.13
1362.604 1.122
1363.691 1.087
1364.73 1.039
1365.731 1.001
1366.745 1.014
1367.866 1.121
1369.229 1.363
1370.545 1.316
1371.857 1.312
1373.1 1.243
1374.283 1.183
1375.46 1.177
1376.724 1.264
1378.148 1.424
1379.503 1.355
1380.801 1.298
1382.087 1.286
1383.32 1.233
1384.539 1.219
1385.702 1.163
1386.798 1.096
1387.851 1.053
1388.884 1.033
1389.915 1.031
1390.951 1.036
1392.047 1.096
1393.278 1.231
1394.63 1.352
1395.968 1.338
1397.265 1.297
1398.547 1.282
1399.738 1.191
1400.87 1.132
1401.921 1.051
1402.914 0.993
1403.854 0.94
1404.766 0.912
1405.663 0.897
1406.584 0.921
1407.62 1.036
1408.808 1.188
1410.027 1.219
1411.375 1.348
1412.672 1.297
1413.976 1.304
1415.245 1.269
1416.524 1.279
1417.755 1.231
1418.931 1.176
1420.077 1.146
1421.18 1.103
1422.217 1.037
1423.218 1.001
1424.213 0.995
1425.244 1.031
1426.409 1.165
1427.918 1.509
1429.268 1.35
1430.578 1.31
1431.93 1.352
1433.22 1.29
1434.463 1.243
1435.678 1.215
1436.891 1.213
1438.085 1.194
1439.222 1.137
1440.282 1.06
1441.291 1.009
1442.281 0.99
1443.319 1.038
1444.634 1.315
1446.151 1.517
1447.468 1.317
1448.79 1.322
1450.073 1.283
1451.262 1.189
1452.395 1.133
1453.527 1.132
1454.669 1.142
1455.751 1.082
1456.776 1.025
1457.776 1.0
1458.78 1.004
1459.828 1.048
1460.955 1.127
1462.14 1.185
1463.462 1.322
1464.807 1.345
1466.146 1.339
1467.444 1.298
1468.722 1.278
1469.927 1.205
1471.08 1.153
1472.214 1.134
1473.322 1.108
1474.426 1.104
1475.521 1.095
1476.632 1.111
1477.771 1.139
1478.919 1.148
1480.087 1.168
1481.222 1.135
1482.34 1.118
1483.458 1.118
1484.56 1.102
1485.626 1.066
1486.669 1.043
1487.665 0.996
1488.653 0.988
1489.677 1.024
1490.754 1.077
1491.791 1.037
1492.908 1.117
1494.006 1.098
1495.085 1.079
1496.128 1.043