0.000 0.727
0.727 0.727
1.456 0.729
2.2 0.744
2.959 0.759
3.728 0.769
4.477 0.749
5.238 0.761
5.999 0.761
6.746 0.747
7.483 0.737
8.222 0.739
8.945 0.723
9.332 0.387
9.65 0.318
10.332 0.682
10.745 0.413
11.018 0.273
11.687 0.669
18.323 6.636
18.999 0.676
19.264 0.265
19.688 0.424
20.375 0.687
21.062 0.687
21.756 0.694
22.453 0.697
23.134 0.681
23.816 0.682
24.498 0.682
25.194 0.696
25.907 0.713
26.61 0.703
27.33 0.72
28.062 0.732
28.811 0.749
29.56 0.749
30.3 0.74
31.034 0.734
31.772 0.738
32.497 0.725
33.211 0.714
33.921 0.71
34.639 0.718
35.332 0.693
36.021 0.689
36.714 0.693
37.412 0.698
38.13 0.718
38.846 0.716
39.577 0.731
40.324 0.747
41.065 0.741
41.797 0.732
42.535 0.738
43.275 0.74
44.0 0.725
44.723 0.723
45.45 0.727
46.161 0.711
46.859 0.698
47.567 0.708
48.278 0.711
48.993 0.715
49.698 0.705
50.405 0.707
51.123 0.718
51.842 0.719
52.553 0.711
53.272 0.719
54.001 0.729
54.729 0.728
55.453 0.724
56.174 0.721
56.892 0.718
57.603 0.711
58.307 0.704
59.0 0.693
59.689 0.689
60.379 0.69
61.082 0.703
61.788 0.706
62.49 0.702
63.203 0.713
63.926 0.723
64.665 0.739
65.398 0.733
66.137 0.739
66.883 0.746
67.633 0.75
68.369 0.736
69.107 0.738
69.852 0.745
70.586 0.734
71.311 0.725
72.042 0.731
72.777 0.735
73.493 0.716
74.212 0.719
74.94 0.728
75.672 0.732
76.405 0.733
77.147 0.742
77.898 0.751
78.634 0.736
79.373 0.739
80.112 0.739
80.844 0.732
81.569 0.725
82.298 0.729
83.038 0.74
83.772 0.734
84.502 0.73
85.251 0.749
86.006 0.755
86.742 0.736
87.494 0.752
88.257 0.763
89.001 0.744
89.737 0.736
90.478 0.741
91.211 0.733
91.926 0.715
92.639 0.713
93.362 0.723
94.097 0.735
94.823 0.726
95.555 0.732
96.304 0.749
97.062 0.758
97.813 0.751
98.564 0.751
99.318 0.754
100.059 0.741
100.793 0.734
101.529 0.736
102.267 0.738
102.99 0.723
103.712 0.722
104.438 0.726
105.16 0.722
105.883 0.723
106.612 0.729
107.354 0.742
108.087 0.733
108.828 0.741
109.581 0.753
110.319 0.738
111.051 0.732
111.784 0.733
112.513 0.729
113.233 0.72
113.962 0.729
114.689 0.727
115.423 0.734
116.143 0.72
116.877 0.734
117.619 0.742
118.364 0.745
119.099 0.735
119.851 0.752
120.604 0.753
121.353 0.749
122.086 0.733
122.818 0.732
123.552 0.734
124.286 0.734
125.003 0.717
125.725 0.722
126.451 0.726
127.185 0.734
127.915 0.73
128.651 0.736
129.398 0.747
130.147 0.749
130.884 0.737
131.625 0.741
132.37 0.745
133.103 0.733
133.823 0.72
134.545 0.722
135.274 0.729
135.995 0.721
136.72 0.725
137.449 0.729
138.181 0.732
138.909 0.728
139.648 0.739
140.388 0.74
141.115 0.727
141.836 0.721
142.568 0.732
143.305 0.737
144.029 0.724
144.743 0.714
145.462 0.719
146.19 0.728
146.919 0.729
147.638 0.719
148.359 0.721
149.091 0.732
149.832 0.741
150.567 0.735
151.303 0.736
152.042 0.739
152.786 0.744
153.517 0.731
154.241 0.724
154.972 0.731
155.695 0.723
156.404 0.709
157.114 0.71
157.831 0.717
158.554 0.723
159.275 0.721
160.006 0.731
160.743 0.737
161.484 0.741
162.228 0.744
162.98 0.752
163.738 0.758
164.483 0.745
165.227 0.744
165.975 0.748
166.726 0.751
167.467 0.741
168.21 0.743
168.948 0.738
169.682 0.734
170.406 0.724
171.133 0.727
171.859 0.726
172.585 0.726
173.306 0.721
174.038 0.732
174.78 0.742
175.522 0.742
176.253 0.731
176.984 0.731
177.727 0.743
178.475 0.748
179.209 0.734
179.929 0.72
180.657 0.728
181.396 0.739
182.161 0.765
182.911 0.75
183.667 0.756
184.438 0.771
185.2 0.762
185.953 0.753
186.696 0.743
187.448 0.752
188.202 0.754
188.95 0.748
189.682 0.732
190.417 0.735
191.151 0.734
191.897 0.746
192.66 0.763
193.415 0.755
194.155 0.74
194.898 0.743
195.646 0.748
196.371 0.725
197.094 0.723
197.824 0.73
198.55 0.726
199.266 0.716
199.985 0.719
200.715 0.73
201.446 0.731
202.167 0.721
202.885 0.718
203.616 0.731
204.361 0.745
205.094 0.733
205.834 0.74
206.581 0.747
207.315 0.734
208.032 0.717
208.743 0.711
209.453 0.71
210.158 0.705
210.855 0.697
211.559 0.704
212.275 0.716
212.995 0.72
213.721 0.726
214.453 0.732
215.191 0.738
215.935 0.744
216.672 0.737
217.407 0.735
218.146 0.739
218.884 0.738
219.62 0.736
220.374 0.754
221.129 0.755
221.873 0.744
222.626 0.753
223.372 0.746
224.115 0.743
224.851 0.736
225.605 0.754
226.366 0.761
227.11 0.744
227.848 0.738
228.605 0.757
229.377 0.772
230.135 0.758
230.896 0.761
231.666 0.77
232.425 0.759
233.161 0.736
233.902 0.741
234.652 0.75
235.417 0.765
236.17 0.753
236.922 0.752
237.69 0.768
238.457 0.767
239.215 0.758
239.98 0.765
240.755 0.775
241.534 0.779
242.291 0.757
243.059 0.768
243.835 0.776
244.601 0.766
245.35 0.749
246.094 0.744
246.842 0.748
247.585 0.743
248.319 0.734
249.051 0.732
249.793 0.742
250.548 0.755
251.294 0.746
252.053 0.759
252.825 0.772
253.611 0.786
254.377 0.766
255.142 0.765
255.912 0.77
256.677 0.765
257.427 0.75
258.18 0.753
258.936 0.756
259.684 0.748
260.426 0.742
261.184 0.758
261.955 0.771
262.717 0.762
263.488 0.771
264.266 0.778
265.045 0.779
265.803 0.758
266.564 0.761
267.327 0.763
268.087 0.76
268.825 0.738
269.573 0.748
270.323 0.75
271.081 0.758
271.822 0.741
272.567 0.745
273.326 0.759
274.085 0.759
274.834 0.749
275.591 0.757
276.349 0.758
277.104 0.755
277.844 0.74
278.588 0.744
279.332 0.744
280.077 0.745
280.805 0.728
281.54 0.735
282.288 0.748
283.04 0.752
283.778 0.738
284.535 0.757
285.3 0.765
286.053 0.753
286.796 0.743
287.543 0.747
288.286 0.743
289.028 0.742
289.758 0.73
290.482 0.724
291.218 0.736
291.961 0.743
292.701 0.74
293.427 0.726
294.148 0.721
294.879 0.731
295.616 0.737
296.36 0.744
297.089 0.729
297.81 0.721
298.536 0.726
299.268 0.732
299.991 0.723
300.704 0.713
301.424 0.72
302.152 0.728
302.886 0.734
303.606 0.72
304.328 0.722
305.06 0.732
305.803 0.743
306.569 0.766
307.344 0.775
308.1 0.756
308.864 0.764
309.636 0.772
310.409 0.773
311.167 0.758
311.925 0.758
321.345 9.42
321.995 0.65
322.645 0.65
323.293 0.648
323.946 0.653
324.607 0.661
325.274 0.667
325.926 0.652
326.576 0.65
327.23 0.654
327.886 0.656
328.537 0.651
329.186 0.649
329.842 0.656
330.518 0.676
331.208 0.69
331.899 0.691
332.59 0.691
333.289 0.699
333.99 0.701
334.69 0.7
335.395 0.705
336.113 0.718
336.851 0.738
337.57 0.719
338.291 0.721
339.008 0.717
339.695 0.687
340.376 0.681
341.044 0.668
341.693 0.649
342.344 0.651
343.003 0.659
343.679 0.676
344.356 0.677
345.033 0.677
345.735 0.702
346.462 0.727
347.203 0.741
347.938 0.735
348.67 0.732
349.408 0.738
350.149 0.741
350.905 0.756
351.654 0.749
352.395 0.741
353.14 0.745
353.881 0.741
354.62 0.739
355.365 0.745
356.124 0.759
356.872 0.748
357.605 0.733
358.339 0.734
359.064 0.725
359.777 0.713
360.499 0.722
361.215 0.716
361.918 0.703
362.62 0.702
363.348 0.728
364.095 0.747
364.842 0.747
365.59 0.748
366.344 0.754
367.109 0.765
367.853 0.744
368.595 0.742
369.346 0.751
370.088 0.742
370.816 0.728
371.55 0.734
372.294 0.744
373.043 0.749
373.795 0.752
374.527 0.732
375.257 0.73
376.01 0.753
376.768 0.758
377.526 0.758
378.269 0.743
378.998 0.729
379.73 0.732
380.456 0.726
381.173 0.717
381.889 0.716
382.616 0.727
383.345 0.729
384.075 0.73
384.806 0.731
385.553 0.747
386.31 0.757
387.083 0.773
387.844 0.761
388.613 0.769
389.389 0.776
390.167 0.778
390.933 0.766
391.689 0.756
392.457 0.768
393.24 0.783
394.021 0.781
394.777 0.756
395.525 0.748
396.286 0.761
397.073 0.787
397.866 0.793
398.644 0.778
399.428 0.784
400.211 0.783
400.99 0.779
401.756 0.766
402.526 0.77
403.291 0.765
404.057 0.766
404.817 0.76
405.58 0.763
406.352 0.772
407.135 0.783
407.919 0.784
408.7 0.781
409.479 0.779
410.255 0.776
411.023 0.768
411.793 0.77
412.545 0.752
413.31 0.765
414.069 0.759
414.824 0.755
415.565 0.741
416.321 0.756
417.079 0.758
417.833 0.754
418.58 0.747
419.332 0.752
420.08 0.748
420.814 0.734
421.556 0.742
422.31 0.754
423.063 0.753
423.811 0.748
424.57 0.759
425.338 0.768
426.086 0.748
426.841 0.755
427.584 0.743
428.326 0.742
429.061 0.735
429.809 0.748
430.572 0.763
431.327 0.755
432.079 0.752
432.846 0.767
433.604 0.758
434.345 0.741
435.079 0.734
435.825 0.746
436.581 0.756
437.329 0.748
438.067 0.738
438.824 0.757
439.593 0.769
440.359 0.766
441.117 0.758
441.881 0.764
442.62 0.739
443.351 0.731
444.095 0.744
444.845 0.75
445.584 0.739
446.322 0.738
447.071 0.749
447.835 0.764
448.583 0.748
449.339 0.756
450.097 0.758
450.849 0.752
451.596 0.747
452.34 0.744
453.084 0.744
453.815 0.731
454.54 0.725
455.28 0.74
456.035 0.755
456.798 0.763
457.544 0.746
458.299 0.755
459.056 0.757
459.795 0.739
460.531 0.736
461.273 0.742
462.024 0.751
462.758 0.734
463.492 0.734
464.228 0.736
464.954 0.726
465.679 0.725
466.43 0.751
467.19 0.76
467.944 0.754
468.689 0.745
469.436 0.747
470.187 0.751
470.925 0.738
471.677 0.752
472.438 0.761
473.189 0.751
473.944 0.755
474.702 0.758
475.464 0.762
476.217 0.753
476.974 0.757
477.747 0.773
478.523 0.776
479.287 0.764
480.068 0.781
480.847 0.779
481.602 0.755
482.368 0.766
483.124 0.756
483.873 0.749
484.608 0.735
485.348 0.74
486.09 0.742
486.822 0.732
487.547 0.725
488.285 0.738
489.033 0.748
489.775 0.742
490.511 0.736
491.264 0.753
492.022 0.758
492.782 0.76
493.535 0.753
494.297 0.762
495.075 0.778
495.825 0.75
496.564 0.739
497.315 0.751
498.073 0.758
498.811 0.738
499.557 0.746
500.315 0.758
501.067 0.752
501.807 0.74
502.558 0.751
503.312 0.754
504.069 0.757
504.813 0.744
505.571 0.758
506.33 0.759
507.085 0.755
507.818 0.733
508.552 0.734
509.285 0.733
510.01 0.725
510.751 0.741
511.509 0.758
512.272 0.763
513.016 0.744
513.782 0.766
514.558 0.776
515.318 0.76
516.074 0.756
516.834 0.76
526.733 0.742
527.458 0.725
528.193 0.735
528.937 0.744
529.711 0.774
530.481 0.77
531.247 0.766
531.988 0.741
532.706 0.718
533.426 0.72
534.146 0.72
534.856 0.71
535.554 0.698
536.267 0.713
536.994 0.727
537.733 0.739
538.473 0.74
539.237 0.764
540.013 0.776
540.781 0.768
541.543 0.762
542.308 0.765
543.078 0.77
543.837 0.759
544.59 0.753
545.34 0.75
546.092 0.752
546.853 0.761
547.589 0.736
548.32 0.731
549.061 0.741
549.81 0.749
550.549 0.739
551.298 0.749
552.055 0.757
552.82 0.765
553.571 0.751
554.319 0.748
555.061 0.742
555.804 0.743
556.536 0.732
557.265 0.729
558.004 0.739
558.755 0.751
559.497 0.742
560.23 0.733
560.972 0.742
561.724 0.752
562.469 0.745
563.214 0.745
563.98 0.766
564.748 0.768
565.502 0.754
566.294 0.792
567.066 0.772
567.833 0.767
568.586 0.753
569.335 0.749
570.091 0.756
570.84 0.749
571.571 0.731
572.303 0.732
573.049 0.746
573.792 0.743
574.529 0.737
575.279 0.75
576.034 0.755
576.784 0.75
577.524 0.74
578.268 0.744
579.034 0.766
579.805 0.771
580.559 0.754
581.313 0.754
582.064 0.751
582.824 0.76
583.567 0.743
584.314 0.747
585.066 0.752
585.822 0.756
586.575 0.753
587.336 0.761
588.113 0.777
588.881 0.768
589.628 0.747
590.376 0.748
591.135 0.759
591.898 0.763
592.641 0.743
593.387 0.746
594.125 0.738
594.866 0.741
595.592 0.726
596.322 0.73
597.06 0.738
597.796 0.736
598.532 0.736
599.277 0.745
600.032 0.755
600.799 0.767
601.542 0.743
602.281 0.739
603.028 0.747
603.775 0.747
604.54 0.765
605.282 0.742
606.02 0.738
606.773 0.753
607.545 0.772
608.296 0.751
609.05 0.754
609.822 0.772
610.586 0.764
611.325 0.739
612.071 0.746
612.82 0.749
613.582 0.762
614.32 0.738
615.052 0.732
615.81 0.758
616.57 0.76
617.31 0.74
618.054 0.744
618.803 0.749
619.54 0.737
620.264 0.724
620.987 0.723
621.72 0.733
622.469 0.749
623.199 0.73
623.933 0.734
624.677 0.744
625.43 0.753
626.166 0.736
626.901 0.735
627.648 0.747
628.396 0.748
629.151 0.755
629.899 0.748
630.65 0.751
631.417 0.767
632.185 0.768
632.948 0.763
633.701 0.753
634.465 0.764
635.218 0.753
635.954 0.736
636.692 0.738
637.431 0.739
638.174 0.743
638.898 0.724
639.616 0.718
640.345 0.729
641.082 0.737
641.81 0.728
642.532 0.722
643.275 0.743
644.028 0.753
644.779 0.751
645.52 0.741
646.275 0.755
647.039 0.764
647.79 0.751
648.532 0.742
649.282 0.75
650.031 0.749
650.772 0.741
651.494 0.722
652.219 0.725
652.954 0.735
653.694 0.74
654.427 0.733
655.164 0.737
655.911 0.747
656.657 0.746
657.393 0.736
658.127 0.734
658.874 0.747
659.623 0.749
660.353 0.73
661.082 0.729
661.815 0.733
662.555 0.74
663.302 0.747
664.043 0.741
664.8 0.757
665.56 0.76
666.341 0.781
667.106 0.765
667.868 0.762
668.646 0.778
669.407 0.761
670.144 0.737
670.874 0.73
671.617 0.743
672.377 0.76
673.136 0.759
673.881 0.745
674.633 0.752
675.396 0.763
676.143 0.747
676.88 0.737
677.625 0.745
678.354 0.729
679.059 0.705
679.739 0.68
680.417 0.678
681.099 0.682
681.773 0.674
682.439 0.666
683.106 0.667
683.767 0.661
684.43 0.663
685.104 0.674
685.788 0.684
686.468 0.68
687.141 0.673
687.817 0.676
688.502 0.685
689.204 0.702
689.899 0.695
690.613 0.714
691.332 0.719
692.055 0.723
692.783 0.728
693.497 0.714
694.208 0.711
694.925 0.717
695.652 0.727
696.38 0.728
697.108 0.728
697.855 0.747
698.614 0.759
699.372 0.758
700.133 0.761
700.878 0.745
701.607 0.729
702.339 0.732
703.068 0.729
703.787 0.719
704.497 0.71
705.214 0.717
705.927 0.713
706.645 0.718
707.347 0.702
708.045 0.698
708.754 0.709
709.473 0.719
710.199 0.726
710.919 0.72
711.636 0.717
712.357 0.721
713.084 0.727
713.811 0.727
714.524 0.713
715.225 0.701
715.919 0.694
716.624 0.705
717.345 0.721
718.068 0.723
718.782 0.714
719.49 0.708
720.209 0.719
720.936 0.727
721.666 0.73
722.389 0.723
723.114 0.725
723.858 0.744
724.619 0.761
725.364 0.745
726.099 0.735
726.837 0.738
727.583 0.746
728.328 0.745
729.06 0.732
729.788 0.728
730.522 0.734
731.267 0.745
732.009 0.742
732.759 0.75
733.502 0.743
734.245 0.743
734.998 0.753
735.747 0.749
736.5 0.753
737.26 0.76
738.051 0.791
738.824 0.773
739.588 0.764
740.356 0.768
741.129 0.773
741.893 0.764
742.646 0.753
743.404 0.758
744.156 0.752
744.907 0.751
745.657 0.75
746.414 0.757
747.167 0.753
747.917 0.75
748.669 0.752
749.426 0.757
750.185 0.759
750.937 0.752
751.681 0.744
752.415 0.734
753.156 0.741
753.896 0.74
754.647 0.751
755.39 0.743
756.122 0.732
756.867 0.745
757.63 0.763
758.401 0.771
759.149 0.748
759.9 0.751
760.657 0.757
761.416 0.759
762.165 0.749
762.908 0.743
763.657 0.749
764.415 0.758
765.162 0.747
765.894 0.732
766.63 0.736
767.365 0.735
768.104 0.739
768.831 0.727
769.571 0.74
770.318 0.747
771.077 0.759
771.815 0.738
772.555 0.74
773.306 0.751
774.065 0.759
774.803 0.738
775.539 0.736
776.275 0.736
777.029 0.754
777.774 0.745
778.511 0.737
779.258 0.747
780.009 0.751
780.758 0.749
781.509 0.751
782.266 0.757
783.033 0.767
783.793 0.76
784.535 0.742
785.294 0.759
786.045 0.751
786.804 0.759
787.547 0.743
788.28 0.733
789.03 0.75
789.782 0.752
790.525 0.743
791.263 0.738
792.0 0.737
792.741 0.741
793.47 0.729
794.188 0.718
794.916 0.728
795.641 0.725
796.351 0.71
797.069 0.718
797.791 0.722
798.522 0.731
799.24 0.718
799.954 0.714
800.691 0.737
801.436 0.745
802.19 0.754
802.926 0.736
803.661 0.735
804.423 0.762
805.178 0.755
805.928 0.75
806.666 0.738
807.398 0.732
808.138 0.74
808.853 0.715
809.564 0.711
810.285 0.721
811.003 0.718
811.718 0.715
812.433 0.715
813.161 0.728
813.903 0.742
814.635 0.732
815.387 0.752
816.143 0.756
816.901 0.758
817.659 0.758
818.404 0.745
819.157 0.753
819.924 0.767
820.661 0.737
821.414 0.753
822.16 0.746
822.912 0.752
823.657 0.745
824.396 0.739
825.148 0.752
825.896 0.748
826.637 0.741
827.399 0.762
828.159 0.76
828.907 0.748
829.652 0.745
830.396 0.744
831.152 0.756
831.891 0.739
832.616 0.725
833.36 0.744
834.096 0.736
834.838 0.742
835.567 0.729
836.302 0.735
837.054 0.752
837.788 0.734
838.52 0.732
839.259 0.739
839.992 0.733
840.716 0.724
841.431 0.715
842.153 0.722
842.885 0.732
843.597 0.712
844.327 0.73
845.058 0.731
845.793 0.735
846.52 0.727
847.247 0.727
847.989 0.742
848.724 0.735
849.454 0.73
850.185 0.731
850.925 0.74
851.665 0.74
852.389 0.724
853.117 0.728
853.87 0.753
854.617 0.747
855.345 0.728
856.054 0.709
856.765 0.711
857.495 0.73
858.265 0.77
859.027 0.762
859.761 0.734
860.515 0.754
861.273 0.758
862.044 0.771
862.793 0.749
863.537 0.744
864.292 0.755
865.038 0.746
865.762 0.724
866.489 0.727
867.215 0.726
867.964 0.749
868.717 0.753
869.463 0.746
870.225 0.762
870.99 0.765
871.755 0.765
872.524 0.769
873.29 0.766
874.06 0.77
874.83 0.77
875.584 0.754
876.331 0.747
877.079 0.748
877.823 0.744
878.549 0.726
879.276 0.727
880.012 0.736
880.754 0.742
881.49 0.736
882.229 0.739
882.977 0.748
883.728 0.751
884.468 0.74
885.193 0.725
885.93 0.737
886.677 0.747
887.425 0.748
888.16 0.735
888.892 0.732
889.641 0.749
890.391 0.75
891.121 0.73
891.866 0.745
892.606 0.74
893.347 0.741
894.072 0.725
894.799 0.727
895.556 0.757
896.298 0.742
897.045 0.747
897.797 0.752
898.55 0.753
899.317 0.767
900.069 0.752
900.816 0.747
901.575 0.759
902.328 0.753
903.068 0.74
903.809 0.741
904.549 0.74
905.289 0.74
906.007 0.718
906.722 0.715
907.458 0.736
908.186 0.728
908.916 0.73
909.654 0.738
910.41 0.756
911.163 0.753
911.892 0.729
912.641 0.749
913.39 0.749
914.103 0.713
914.817 0.714
915.537 0.72
916.274 0.737
916.997 0.723
917.714 0.717
918.457 0.743
919.2 0.743
919.949 0.749
920.676 0.727
921.417 0.741
922.176 0.759
922.922 0.746
923.645 0.723
924.347 0.702
925.044 0.697
925.788 0.744
926.531 0.743
927.279 0.748
928.024 0.745
928.736 0.712
929.44 0.704
930.155 0.715
930.879 0.724
931.602 0.723
932.323 0.721
933.063 0.74
933.81 0.747
934.582 0.772
935.336 0.754
936.093 0.757
936.849 0.756
937.598 0.749
938.333 0.735
939.076 0.743
939.801 0.725
940.523 0.722
941.248 0.725
941.971 0.723
942.7 0.729
943.418 0.718
944.14 0.722
944.879 0.739
945.601 0.722
946.326 0.725
947.062 0.736
947.8 0.738
948.546 0.746
949.272 0.726
949.99 0.718
950.719 0.729
951.459 0.74
952.186 0.727
952.914 0.728
953.658 0.744
954.403 0.745
955.133 0.73
955.852 0.719
956.576 0.724
957.306 0.73
958.055 0.749
958.777 0.722
959.481 0.704
960.185 0.704
960.898 0.713
961.598 0.7
962.293 0.695
962.999 0.706
963.714 0.715
964.423 0.709
965.114 0.691
965.794 0.68
966.482 0.688
967.162 0.68
967.849 0.687
968.531 0.682
969.22 0.689
969.912 0.692
970.599 0.687
971.27 0.671
971.939 0.669
972.625 0.686
973.319 0.694
974.006 0.687
974.701 0.695
975.402 0.701
976.095 0.693
976.774 0.679
977.457 0.683
978.154 0.697
978.87 0.716
979.599 0.729
980.319 0.72
981.033 0.714
981.767 0.734
982.507 0.74
983.25 0.743
984.008 0.758
984.744 0.736
985.482 0.738
986.236 0.754
987.003 0.767
987.767 0.764
988.517 0.75
989.259 0.742
990.003 0.744
990.761 0.758
991.541 0.78
992.323 0.782
993.085 0.762
993.854 0.769
994.642 0.788
995.433 0.791
996.23 0.797
997.013 0.783
997.791 0.778
998.567 0.776
999.35 0.783
1000.119 0.769
1000.883 0.764
1001.66 0.777
1002.447 0.787
1003.232 0.785
1004.001 0.769
1004.768 0.767
1005.539 0.771
1006.317 0.778
1007.085 0.768
1007.846 0.761
1008.626 0.78
1009.41 0.784
1010.183 0.773
1010.944 0.761
1011.723 0.779
1012.508 0.785
1013.291 0.783
1014.052 0.761
1014.815 0.763
1015.584 0.769
1016.344 0.76
1017.098 0.754
1017.85 0.752
1018.607 0.757
1019.365 0.758
1020.116 0.751
1020.876 0.76
1021.647 0.771
1022.42 0.773
1023.18 0.76
1023.949 0.769
1024.717 0.768
1025.479 0.762
1026.229 0.75
1026.986 0.757
1027.748 0.762
1028.513 0.765
1029.262 0.749
1030.02 0.758
1030.784 0.764
1031.548 0.764
1032.297 0.749
1033.045 0.748
1033.8 0.755
1034.574 0.774
1035.326 0.752
1036.07 0.744
1036.822 0.752
1037.574 0.752
1038.316 0.742
1039.062 0.746
1039.82 0.758
1040.598 0.778
1041.382 0.784
1042.155 0.773
1042.938 0.783
1043.731 0.793
1044.543 0.812
1045.338 0.795
1046.13 0.792
1046.918 0.788
1047.705 0.787
1048.467 0.762
1049.212 0.745
1049.969 0.757
1050.733 0.764
1051.513 0.78
1052.276 0.763
1053.014 0.738
1053.759 0.745
1054.521 0.762
1055.295 0.774
1056.069 0.774
1056.826 0.757
1057.592 0.766
1058.379 0.787
1059.166 0.787
1059.937 0.771
1060.709 0.772
1061.475 0.766
1062.245 0.77
1062.997 0.752
1063.746 0.749
1064.503 0.757
1065.268 0.765
1066.009 0.741
1066.741 0.732
1067.501 0.76
1068.251 0.75
1068.973 0.722
1069.718 0.745
1070.469 0.751
1071.201 0.732
1071.929 0.728
1072.673 0.744
1073.417 0.744
1074.151 0.734
1074.88 0.729
1075.62 0.74
1076.367 0.747
1077.11 0.743
1077.84 0.73
1078.584 0.744
1079.334 0.75
1080.082 0.748
1080.829 0.747
1081.583 0.754
1082.342 0.759
1083.081 0.739
1083.829 0.748
1084.574 0.745
1085.329 0.755
1086.063 0.734
1086.794 0.731
1087.534 0.74
1088.273 0.739
1088.997 0.724
1089.732 0.735
1090.479 0.747
1091.224 0.745
1091.962 0.738
1092.713 0.751
1093.466 0.753
1094.205 0.739
1094.949 0.744
1095.698 0.749
1096.442 0.744
1097.176 0.734
1097.916 0.74
1098.659 0.743
1099.393 0.734
1100.114 0.721
1100.839 0.725
1101.573 0.734
1102.315 0.742
1103.038 0.723
1103.765 0.727
1104.504 0.739
1105.254 0.75
1105.989 0.735
1106.729 0.74
1107.484 0.755
1108.24 0.756
1108.986 0.746
1109.723 0.737
1110.47 0.747
1111.22 0.75
1111.948 0.728
1112.669 0.721
1113.4 0.731
1114.126 0.726
1114.838 0.712
1115.553 0.715
1116.277 0.724
1117.019 0.742
1117.743 0.724
1118.475 0.732
1119.242 0.767
1120.021 0.779
1120.775 0.754
1121.541 0.766
1122.314 0.773
1123.051 0.737
1123.769 0.718
1124.212 0.443
1124.484 0.272
1125.181 0.697
1125.863 0.682
1126.545 0.682
1127.233 0.688
1127.928 0.695
1128.624 0.696
1129.341 0.717
1130.045 0.704
1130.737 0.692
1131.434 0.697
1132.128 0.694
1132.812 0.684
1133.503 0.691
1134.215 0.712
1134.941 0.726
1135.661 0.72
1136.38 0.719
1137.116 0.736
1137.857 0.741
1138.586 0.729
1139.302 0.716
1140.031 0.729
1140.771 0.74
1141.519 0.748
1142.251 0.732
1142.971 0.72
1143.672 0.701
1144.372 0.7
1145.058 0.686
1145.717 0.659
1146.369 0.652
1147.014 0.645
1147.646 0.632
1148.282 0.636
1148.909 0.627
1149.535 0.626
1150.164 0.629
1150.793 0.629
1151.429 0.636
1152.065 0.636
1152.708 0.643
1153.354 0.646
1154.007 0.653
1154.656 0.649
1155.307 0.651
1155.966 0.659
1156.624 0.658
1157.283 0.659
1157.955 0.672
1158.631 0.676
1159.32 0.689
1160.004 0.684
1160.28 0.276
1160.683 0.403
1161.367 0.684
1162.058 0.691
1162.763 0.705
1163.472 0.709
1164.177 0.705
1164.711 0.534
1165.602 0.891
1166.3 0.698
1167.0 0.7
1167.538 0.538
1168.392 0.854
1169.082 0.69
1169.766 0.684
1170.449 0.683
1171.134 0.685
1171.825 0.691
1172.512 0.687
1173.199 0.687
1173.886 0.687
1174.235 0.349
1174.583 0.348
1175.279 0.696
1175.983 0.704
1176.694 0.711
1177.402 0.708
1178.103 0.701
1178.806 0.703
1179.505 0.699
1180.206 0.701
1180.911 0.705
1181.612 0.701
1182.306 0.694
1183.011 0.705
1183.713 0.702
1184.41 0.697
1185.111 0.701
1185.807 0.696
1186.508 0.701
1187.202 0.694
1187.902 0.7
1188.596 0.694
1189.291 0.695
1189.986 0.695
1190.675 0.689
1191.368 0.693
1192.066 0.698
1192.772 0.706
1193.47 0.698
1194.168 0.698
1194.865 0.697
1195.555 0.69
1196.24 0.685
1196.925 0.685
1197.613 0.688
1198.307 0.694
1198.997 0.69
1199.687 0.69
1200.375 0.688
1201.088 0.713
1201.807 0.719
1202.515 0.708
1203.227 0.712
1203.952 0.725
1204.682 0.73
1205.407 0.725
1206.128 0.721
1206.846 0.718
1207.56 0.714
1208.269 0.709
1208.969 0.7
1209.664 0.695
1210.35 0.686
1211.03 0.68
1211.704 0.674
1212.36 0.656
1213.002 0.642
1213.643 0.641
1214.332 0.689
1215.094 0.762
1215.906 0.812
1216.731 0.825
1217.57 0.839
1218.391 0.821
1219.197 0.806
1219.987 0.79
1220.775 0.788
1221.554 0.779
1222.299 0.745
1223.014 0.715
1223.739 0.725
1224.503 0.764
1225.298 0.795
1226.092 0.794
1226.894 0.802
1227.674 0.78
1228.44 0.766
1229.187 0.747
1229.932 0.745
1230.67 0.738
1231.413 0.743
1232.113 0.7
1232.801 0.688
1233.493 0.692
1234.207 0.714
1234.957 0.75
1235.723 0.766
1236.495 0.772
1237.275 0.78
1238.037 0.762
1238.785 0.748
1239.526 0.741
1240.261 0.735
1240.994 0.733
1241.721 0.727
1242.415 0.694
1243.099 0.684
1243.789 0.69
1244.51 0.721
1245.262 0.752
1246.037 0.775
1246.829 0.792
1247.617 0.788
1248.392 0.775
1249.16 0.768
1249.922 0.762
1250.678 0.756
1251.433 0.755
1252.158 0.725
1252.853 0.695
1253.538 0.685
1254.235 0.697
1254.96 0.725
1255.709 0.749
1256.466 0.757
1257.237 0.771
1258.008 0.771
1258.774 0.766
1259.542 0.768
1260.308 0.766
1261.075 0.767
1261.849 0.774
1262.583 0.734
1263.3 0.717
1264.024 0.724
1264.774 0.75
1265.545 0.771
1266.323 0.778
1267.103 0.78
1267.878 0.775
1268.635 0.757
1269.375 0.74
1270.117 0.742
1270.868 0.751
1271.63 0.762
1272.362 0.732
1273.072 0.71
1273.787 0.715
1274.527 0.74
1275.306 0.779
1276.105 0.799
1276.895 0.79
1277.677 0.782
1278.443 0.766
1279.194 0.751
1279.93 0.736
1280.665 0.735
1281.396 0.731
1282.103 0.707
1282.788 0.685
1283.47 0.682
1284.17 0.7
1284.905 0.735
1285.671 0.766
1286.442 0.771
1287.229 0.787
1288.002 0.773
1288.754 0.752
1289.497 0.743
1290.228 0.731
1290.963 0.735
1291.693 0.73
1292.403 0.71
1293.101 0.698
1293.803 0.702
1294.545 0.742
1295.341 0.796
1296.148 0.807
1296.965 0.817
1297.77 0.805
1298.556 0.786
1299.325 0.769
1300.078 0.753
1300.822 0.744
1301.548 0.726
1302.255 0.707
1302.94 0.685
1303.623 0.683
1304.324 0.701
1305.087 0.763
1305.898 0.811
1306.718 0.82
1307.544 0.826
1308.359 0.815
1309.156 0.797
1309.928 0.772
1310.695 0.767
1311.435 0.74
1312.143 0.708
1312.827 0.684
1313.501 0.674
1314.175 0.674
1314.879 0.704
1315.643 0.764
1316.43 0.787
1317.23 0.8
1318.03 0.8
1318.806 0.776
1319.569 0.763
1320.323 0.754
1321.085 0.762
1321.849 0.764
1322.571 0.722
1323.283 0.712
1324.013 0.73
1324.799 0.786
1325.605 0.806
1326.429 0.824
1327.248 0.819
1328.045 0.797
1328.834 0.789
1329.598 0.764
1330.331 0.733
1331.061 0.73
1331.781 0.72
1332.473 0.692
1333.152 0.679
1333.838 0.686
1334.563 0.725
1335.332 0.769
1336.141 0.809
1336.956 0.815
1337.773 0.817
1338.565 0.792
1339.341 0.776
1340.096 0.755
1340.836 0.74
1341.558 0.722
1342.25 0.692
1342.927 0.677
1343.596 0.669
1344.279 0.683
1345.007 0.728
1345.779 0.772
1346.581 0.802
1347.393 0.812
1348.193 0.8
1348.977 0.784
1349.754 0.777
1350.527 0.773
1351.301 0.774
1352.043 0.742
1352.754 0.711
1353.457 0.703
1354.166 0.709
1354.905 0.739
1355.674 0.769
1356.443 0.769
1357.225 0.782
1357.991 0.766
1358.735 0.744
1359.481 0.746
1360.244 0.763
1361.002 0.758
1361.751 0.749
1362.458 0.707
1363.152 0.694
1363.849 0.697
1364.599 0.75
1365.42 0.821
1366.278 0.858
1367.129 0.851
1367.95 0.821
1368.739 0.789
1369.511 0.772
1370.265 0.754
1371.02 0.755
1371.76 0.74
1372.465 0.705
1373.157 0.692
1373.845 0.688
1374.554 0.709
1375.305 0.751
1376.086 0.781
1376.88 0.794
1377.686 0.806
1378.478 0.792
1379.262 0.784
1380.029 0.767
1380.781 0.752
1381.516 0.735
1382.209 0.693
1382.886 0.677
1383.552 0.666
1384.218 0.666
1384.912 0.694
1385.627 0.715
1386.359 0.732
1387.117 0.758
1387.869 0.752
1388.608 0.739
1389.343 0.735
1390.079 0.736
1390.829 0.75
1391.584 0.755
1392.308 0.724
1393.01 0.702
1393.703 0.693
1394.406 0.703
1395.145 0.739
1395.941 0.796
1396.76 0.819
1397.57 0.81
1398.359 0.789
1399.127 0.768
1399.876 0.749
1400.615 0.739
1401.34 0.725
1402.051 0.711
1402.743 0.692
1403.423 0.68
1404.094 0.671
1404.776 0.682
1405.5 0.724
1406.297 0.797
1407.131 0.834
1407.967 0.836
1408.781 0.814
1409.585 0.804
1410.383 0.798
1411.17 0.787
1411.936 0.766
1412.67 0.734
1413.383 0.713
1414.085 0.702
1414.799 0.714
1415.556 0.757
1416.343 0.787
1417.141 0.798
1417.936 0.795
1418.717 0.781
1419.479 0.762
1420.236 0.757
1420.999 0.763
1421.74 0.741
1422.444 0.704
1423.136 0.692
1423.82 0.684
1424.513 0.693
1425.252 0.739
1426.045 0.793
1426.885 0.84
1427.733 0.848
1428.531 0.798
1429.321 0.79
1430.092 0.771
1430.849 0.757
1431.592 0.743
1432.311 0.719
1433.018 0.707
1433.713 0.695
1434.399 0.686
1435.091 0.692
1435.813 0.722
1436.68 0.867
1437.532 0.852
1438.366 0.834
1439.188 0.822
1439.988 0.8
1440.757 0.769
1441.481 0.724
1442.174 0.693
1442.857 0.683
1443.551 0.694
1444.298 0.747
1445.078 0.78
1445.871 0.793
1446.657 0.786
1447.415 0.758
1448.157 0.742
1448.891 0.734
1449.621 0.73
1450.355 0.734
1451.07 0.715
1451.777 0.707
1452.477 0.7
1453.167 0.69
1453.861 0.694
1454.56 0.699
1455.284 0.724
1456.033 0.749
1456.813 0.78
1457.599 0.786
1458.367 0.768
1459.129 0.762
1459.87 0.741
1460.596 0.726
1461.29 0.694
1461.961 0.671
1462.613 0.652
1463.255 0.642
1463.908 0.653
1464.586 0.678
1465.288 0.702
1466.017 0.729
1466.758 0.741
1467.49 0.732
1468.217 0.727
1468.945 0.728
1469.674 0.729
1470.416 0.742
1471.157 0.741
1471.888 0.731
1472.604 0.716
1473.302 0.698
1473.986 0.684
1474.674 0.688
1475.368 0.694
1476.087 0.719
1476.828 0.741
1477.552 0.724
1478.261 0.709
1478.984 0.723
1479.717 0.733
1480.439 0.722
1481.162 0.723
1481.865 0.703
1482.547 0.682
1483.212 0.665
1483.87 0.658
1484.523 0.653
1485.166 0.643
1485.804 0.638
1486.451 0.647
1487.118 0.667
1487.795 0.677
1488.478 0.683
1489.156 0.678
1489.827 0.671
1490.498 0.671
1491.164 0.666
1491.817 0.653
1492.458 0.641
1493.094 0.636
1493.734 0.64
1494.373 0.639
1495.007 0.634
1495.641 0.634
1496.28 0.639
1496.928 0.648
1497.594 0.666
1498.288 0.694
1498.999 0.711
1499.718 0.719
1500.423 0.705
1501.124 0.701
1501.829 0.705
1502.537 0.708
1503.248 0.711
1503.947 0.699
1504.642 0.695
1505.32 0.678
1505.984 0.664
1506.648 0.664
1507.298 0.65
1507.95 0.652