0.000 0.852
0.852 0.852
1.689 0.837
2.535 0.846
3.381 0.846
4.166 0.785
4.998 0.832
5.871 0.873
6.673 0.802
7.481 0.808
8.321 0.84
9.168 0.847
9.945 0.777
10.735 0.79
11.583 0.848
12.456 0.873
13.275 0.819
14.079 0.804
14.889 0.81
15.603 0.714
16.334 0.731
17.017 0.683
17.689 0.672
18.401 0.712
19.107 0.706
19.955 0.848
20.779 0.824
21.645 0.866
22.506 0.861
23.332 0.826
24.143 0.811
24.957 0.814
25.74 0.783
26.453 0.713
27.183 0.73
27.906 0.723
28.61 0.704
29.293 0.683
30.02 0.727
30.694 0.674
36.999 6.305
37.75 0.751
38.486 0.736
39.197 0.711
39.963 0.766
40.724 0.761
41.487 0.763
42.305 0.818
43.125 0.82
43.975 0.85
44.731 0.756
45.53 0.799
46.41 0.88
47.28 0.87
48.035 0.755
48.866 0.831
49.71 0.844
50.52 0.81
51.42 0.9
52.355 0.935
53.303 0.948
54.261 0.958
55.187 0.926
56.007 0.82
56.751 0.744
57.547 0.796
58.452 0.905
59.287 0.835
60.232 0.945
61.13 0.898
61.982 0.852
62.815 0.833
63.657 0.842
64.569 0.912
65.49 0.921
66.395 0.905
67.229 0.834
68.145 0.916
69.034 0.889
69.873 0.839
70.719 0.846
71.478 0.759
72.189 0.711
72.928 0.739
73.727 0.799
74.549 0.822
75.284 0.735
76.102 0.818
76.968 0.866
77.838 0.87
78.619 0.781
79.432 0.813
80.281 0.849
81.039 0.758
81.872 0.833
82.724 0.852
83.485 0.761
84.292 0.807
85.158 0.866
85.986 0.828
86.866 0.88
87.665 0.799
88.489 0.824
89.323 0.834
90.083 0.76
90.945 0.862
91.827 0.882
92.608 0.781
93.431 0.823
94.313 0.882
95.089 0.776
95.922 0.833
96.767 0.845
97.538 0.771
98.25 0.712
98.949 0.699
99.673 0.724
100.461 0.788
101.305 0.844
102.056 0.751
102.869 0.813
103.738 0.869
109.998 6.26
110.746 0.748
111.535 0.789
112.329 0.794
113.207 0.878
114.173 0.966
115.03 0.857
115.962 0.932
116.89 0.928
117.72 0.83
118.548 0.828
119.524 0.976
120.538 1.014
121.428 0.89
122.307 0.879
123.08 0.773
123.916 0.836
130.998 7.082
131.942 0.944
132.86 0.918
133.793 0.933
134.624 0.831
135.411 0.787
136.309 0.898
137.113 0.804
137.976 0.863
138.853 0.877
139.653 0.8
140.582 0.929
141.535 0.953
142.487 0.952
143.349 0.862
144.258 0.909
145.085 0.827
145.851 0.766
146.663 0.812
147.528 0.865
148.404 0.876
149.215 0.811
150.036 0.821
150.91 0.874
151.789 0.879
152.629 0.84
153.437 0.808
154.312 0.875
155.146 0.834
155.973 0.827
156.874 0.901
157.774 0.9
158.701 0.927
159.52 0.819
160.325 0.805
161.201 0.876
162.012 0.811
162.882 0.87
163.793 0.911
164.608 0.815
165.472 0.864
166.358 0.886
167.216 0.858
168.116 0.9
168.947 0.831
169.827 0.88
170.7 0.873
171.468 0.768
172.271 0.803
173.113 0.842
173.887 0.774
174.733 0.846
175.56 0.827
176.362 0.802
177.208 0.846
178.073 0.865
178.854 0.781
179.697 0.843
180.569 0.872
181.368 0.799
182.22 0.852
183.103 0.883
183.987 0.884
184.864 0.877
201.997 17.133
202.851 0.854
203.76 0.909
204.695 0.935
205.54 0.845
206.328 0.788
207.16 0.832
208.056 0.896
208.883 0.827
209.775 0.892
210.691 0.916
211.603 0.912
212.484 0.881
213.392 0.908
214.307 0.915
215.113 0.806
215.943 0.83
216.842 0.899
217.705 0.863
218.564 0.859
219.468 0.904
220.336 0.868
221.216 0.88
222.153 0.937
223.109 0.956
223.972 0.863
224.845 0.873
225.693 0.848
226.542 0.849
227.293 0.751
228.071 0.778
228.79 0.719
229.505 0.715
230.255 0.75
230.987 0.732
231.692 0.705
232.464 0.772
233.289 0.825
234.062 0.773
234.904 0.842
235.809 0.905
236.635 0.826
237.455 0.82
238.329 0.874
239.208 0.879
239.991 0.783
240.854 0.863
241.787 0.933
242.731 0.944
243.651 0.92
244.457 0.806
245.268 0.811
246.163 0.895
246.951 0.788
247.814 0.863
248.762 0.948
249.729 0.967
250.637 0.908
251.488 0.851
252.406 0.918
253.262 0.856
254.076 0.814
254.985 0.909
255.807 0.822
256.716 0.909
257.654 0.938
258.467 0.813
259.257 0.79
260.11 0.853
260.976 0.866
261.851 0.875
262.668 0.817
263.595 0.927
264.49 0.895
265.396 0.906
266.352 0.956
267.239 0.887
268.027 0.788
268.746 0.719
269.498 0.752
270.216 0.718
271.0 0.784
271.878 0.878
272.747 0.869
273.582 0.835
274.523 0.941
275.392 0.869
276.203 0.811
277.095 0.892
277.932 0.837
278.746 0.814
279.597 0.851
280.45 0.853
281.324 0.874
282.097 0.773
282.922 0.825
283.801 0.879
284.605 0.804
285.471 0.866
286.395 0.924
287.226 0.831
288.144 0.918
289.075 0.931
289.905 0.83
290.791 0.886
291.675 0.884
292.591 0.916
293.402 0.811
294.254 0.852
295.176 0.922
295.999 0.823
296.884 0.885
297.786 0.902
298.701 0.915
299.502 0.801
300.354 0.852
301.245 0.891
302.169 0.924
302.959 0.79
303.805 0.846
304.671 0.866
305.547 0.876
306.344 0.797
307.106 0.762
307.936 0.83
308.842 0.906
309.661 0.819
310.534 0.873
311.445 0.911
312.25 0.805
313.139 0.889
314.041 0.902
314.835 0.794
315.704 0.869
316.579 0.875
317.359 0.78
318.234 0.875
319.141 0.907
319.938 0.797
320.81 0.872
321.703 0.893
322.486 0.783
323.334 0.848
324.208 0.874
324.994 0.786
325.843 0.849
326.726 0.883
327.543 0.817
328.393 0.85
329.192 0.799
329.948 0.756
330.694 0.746
331.433 0.739
332.269 0.836
333.132 0.863
333.915 0.783
334.773 0.858
335.656 0.883
336.47 0.814
337.232 0.762
338.058 0.826
338.956 0.898
339.854 0.898
340.714 0.86
341.498 0.784
342.358 0.86
343.214 0.856
344.094 0.88
345.063 0.969
345.934 0.871
346.865 0.931
347.791 0.926
348.688 0.897
349.578 0.89
350.403 0.825
351.153 0.75
351.975 0.822
352.889 0.914
353.822 0.933
354.623 0.801
355.482 0.859
356.379 0.897
357.221 0.842
358.121 0.9
358.984 0.863
359.757 0.773
360.558 0.801
361.377 0.819
362.119 0.742
362.851 0.732
363.613 0.762
364.401 0.788
365.199 0.798
365.934 0.735
366.625 0.691
367.345 0.72
368.054 0.709
368.761 0.707
369.523 0.762
370.311 0.788
371.095 0.784
371.857 0.762
372.576 0.719
373.242 0.666
373.911 0.669
374.611 0.7
375.344 0.733
376.149 0.805
377.088 0.939
377.948 0.86
378.885 0.937
379.854 0.969
380.716 0.862
381.631 0.915
382.477 0.846
383.261 0.784
384.099 0.838
385.015 0.916
385.857 0.842
386.713 0.856
387.554 0.841
388.335 0.781
389.094 0.759
389.801 0.707
390.535 0.734
391.288 0.753
392.022 0.734
392.75 0.728
393.522 0.772
394.359 0.837
395.187 0.828
396.066 0.879
396.957 0.891
397.764 0.807
398.511 0.747
399.289 0.778
400.111 0.822
400.953 0.842
401.742 0.789
402.603 0.861
403.527 0.924
404.446 0.919
405.332 0.886
406.156 0.824
419.753 0.759
420.578 0.825
421.506 0.928
422.435 0.929
423.317 0.882
424.189 0.872
425.132 0.943
425.984 0.852
426.848 0.864
427.787 0.939
428.717 0.93
429.625 0.908
430.613 0.988
431.539 0.926
432.487 0.948
433.446 0.959
434.366 0.92
435.285 0.919
436.184 0.899
437.057 0.873
437.81 0.753
438.553 0.743
439.302 0.749
440.03 0.728
440.861 0.831
441.792 0.931
442.658 0.866
443.448 0.79
444.295 0.847
445.196 0.901
446.069 0.873
446.973 0.904
447.867 0.894
448.714 0.847
449.462 0.748
450.248 0.786
451.063 0.815
451.943 0.88
452.715 0.772
453.506 0.791
454.38 0.874
455.359 0.979
456.348 0.989
457.326 0.978
458.284 0.958
459.204 0.92
459.991 0.787
460.799 0.808
461.708 0.909
462.545 0.837
463.305 0.76
464.086 0.781
464.87 0.784
465.605 0.735
466.373 0.768
467.2 0.827
468.107 0.907
469.086 0.979
470.025 0.939
470.964 0.939
471.875 0.911
472.661 0.786
473.502 0.841
474.428 0.926
475.342 0.914
476.258 0.916
477.133 0.875
477.991 0.858
478.919 0.928
479.787 0.868
480.542 0.755
481.321 0.779
482.149 0.828
483.014 0.865
483.772 0.758
484.495 0.723
485.252 0.757
486.109 0.857
487.032 0.923
487.937 0.905
488.794 0.857
489.656 0.862
490.569 0.913
491.441 0.872
492.301 0.86
493.195 0.894
494.09 0.895
494.876 0.786
495.708 0.832
496.562 0.854
497.352 0.79
498.226 0.874
499.125 0.899
499.933 0.808
500.766 0.833
501.681 0.915
502.615 0.934
503.569 0.954
504.498 0.929
505.367 0.869
506.236 0.869
507.16 0.924
508.11 0.95
508.984 0.874
509.836 0.852
510.74 0.904
511.584 0.844
512.404 0.82
513.195 0.791
513.995 0.8
514.731 0.736
515.431 0.7
516.084 0.653
516.709 0.625
517.326 0.617
517.936 0.61
518.554 0.618
519.252 0.698
520.033 0.781
520.749 0.716
521.448 0.699
522.206 0.758
523.035 0.829
523.82 0.785
524.561 0.741
525.407 0.846
526.357 0.95
527.304 0.947
528.253 0.949
529.194 0.941
530.024 0.83
530.914 0.89
531.825 0.911
532.617 0.792
533.455 0.838
534.334 0.879
535.118 0.784
536.002 0.884
536.932 0.93
537.761 0.829
538.679 0.918
539.641 0.962
540.514 0.873
541.317 0.803
542.192 0.875
543.088 0.896
543.88 0.792
544.752 0.872
545.733 0.981
546.705 0.972
547.588 0.883
548.478 0.89
549.399 0.921
550.214 0.815
551.08 0.866
552.062 0.982
552.893 0.831
553.743 0.85
554.679 0.936
555.657 0.978
556.634 0.977
557.532 0.898
558.394 0.862
559.326 0.932
560.212 0.886
560.997 0.785
561.879 0.882
562.83 0.951
563.694 0.864
564.532 0.838
565.442 0.91
566.376 0.934
567.239 0.863
568.18 0.941
569.065 0.885
569.907 0.842
570.823 0.916
571.747 0.924
572.684 0.937
573.513 0.829
574.433 0.92
575.374 0.941
576.36 0.986
577.213 0.853
578.163 0.95
579.077 0.914
579.893 0.816
580.796 0.903
581.678 0.882
582.473 0.795
583.371 0.898
584.309 0.938
585.246 0.937
586.186 0.94
587.059 0.873
587.979 0.92
588.867 0.888
589.68 0.813
590.576 0.896
591.513 0.937
592.331 0.818
593.201 0.87
594.098 0.897
594.892 0.794
595.691 0.799
596.562 0.871
597.484 0.922
598.328 0.844
599.256 0.928
600.187 0.931
600.99 0.803
601.779 0.789
602.634 0.855
603.554 0.92
604.517 0.963
605.466 0.949
606.275 0.809
607.148 0.873
608.088 0.94
609.018 0.93
609.914 0.896
610.708 0.794
611.578 0.87
612.477 0.899
613.289 0.812
614.165 0.876
615.115 0.95
616.015 0.9
616.938 0.923
617.932 0.994
618.818 0.886
619.72 0.902
620.631 0.911
621.445 0.814
622.297 0.852
623.225 0.928
624.158 0.933
625.018 0.86
625.895 0.877
626.813 0.918
627.695 0.882
628.509 0.814
629.407 0.898
630.329 0.922
631.266 0.937
632.124 0.858
633.012 0.888
633.881 0.869
634.673 0.792
635.57 0.897
636.454 0.884
637.255 0.801
638.104 0.849
639.003 0.899
639.836 0.833
640.698 0.862
641.622 0.924
642.557 0.935
643.394 0.837
644.262 0.868
645.168 0.906
646.063 0.895
646.919 0.856
647.705 0.786
648.571 0.866
649.428 0.857
650.205 0.777
651.104 0.899
651.986 0.882
652.792 0.806
653.692 0.9
654.591 0.899
655.379 0.788
656.194 0.815
657.072 0.878
657.904 0.832
658.7 0.796
659.548 0.848
660.324 0.776
661.079 0.755
661.795 0.716
662.529 0.734
663.304 0.775
664.136 0.832
664.888 0.752
665.69 0.802
666.55 0.86
667.383 0.833
668.209 0.826
669.096 0.887
669.95 0.854
670.731 0.781
671.599 0.868
672.567 0.968
673.508 0.941
674.405 0.897
675.248 0.843
676.054 0.806
676.903 0.849
677.738 0.835
678.515 0.777
679.363 0.848
680.303 0.94
681.252 0.949
682.131 0.879
683.012 0.881
683.915 0.903
684.71 0.795
685.583 0.873
686.482 0.899
687.293 0.811
688.153 0.86
689.082 0.929
689.959 0.877
690.844 0.885
691.75 0.906
692.558 0.808
693.438 0.88
694.327 0.889
695.157 0.83
696.032 0.875
696.86 0.828
697.617 0.757
698.449 0.832
699.291 0.842
700.171 0.88
700.963 0.792
701.81 0.847
702.726 0.916
703.571 0.845
704.404 0.833
705.301 0.897
706.192 0.891
707.074 0.882
707.885 0.811
708.757 0.872
709.558 0.801
710.332 0.774
711.172 0.84
711.981 0.809
712.792 0.811
713.679 0.887
714.595 0.916
715.508 0.913
716.353 0.845
717.231 0.878
718.154 0.923
718.989 0.835
719.855 0.866
720.709 0.854
721.476 0.767
722.309 0.833
723.19 0.881
723.972 0.782
724.82 0.848
725.732 0.912
726.532 0.8
727.327 0.795
728.2 0.873
729.029 0.829
729.791 0.762
730.615 0.824
731.492 0.877
732.302 0.81
733.038 0.736
733.771 0.733
734.558 0.787
735.413 0.855
736.313 0.9
737.215 0.902
738.024 0.809
738.842 0.818
739.707 0.865
740.531 0.824
741.303 0.772
742.135 0.832
742.993 0.858
743.869 0.876
744.696 0.827
745.545 0.849
746.511 0.966
747.451 0.94
748.371 0.92
749.227 0.856
750.075 0.848
750.868 0.793
751.686 0.818
752.511 0.825
753.303 0.792
754.124 0.821
754.882 0.758
755.59 0.708
756.291 0.701
757.048 0.757
757.897 0.849
758.72 0.823
759.483 0.763
760.32 0.837
761.238 0.918
762.114 0.876
762.942 0.828
763.856 0.914
764.834 0.978
765.718 0.884
766.595 0.877
767.528 0.933
768.458 0.93
769.325 0.867
770.279 0.954
771.244 0.965
772.112 0.868
772.961 0.849
773.754 0.793
774.562 0.808
775.381 0.819
776.139 0.758
776.869 0.73
777.627 0.758
778.331 0.704
779.036 0.705
779.764 0.728
780.532 0.768
781.282 0.75
782.087 0.805
782.868 0.781
783.759 0.891
784.675 0.916
785.598 0.923
786.474 0.876
787.324 0.85
788.073 0.749
788.842 0.769
789.677 0.835
790.523 0.846
791.283 0.76
792.078 0.795
792.905 0.827
793.786 0.881
794.666 0.88
795.582 0.916
796.474 0.892
797.403 0.929
798.349 0.946
799.298 0.949
800.235 0.937
801.048 0.813
801.878 0.83
802.802 0.924
803.766 0.964
804.745 0.979
805.695 0.95
806.505 0.81
807.251 0.746
808.041 0.79
808.938 0.897
809.876 0.938
810.796 0.92
811.765 0.969
812.71 0.945
813.577 0.867
814.487 0.91
815.452 0.965
816.367 0.915
817.302 0.935
818.15 0.848
818.939 0.789
819.79 0.851
820.644 0.854
821.455 0.811
822.346 0.891
823.286 0.94
824.165 0.879
825.081 0.916
826.007 0.926
826.845 0.838
827.761 0.916
828.689 0.928
829.565 0.876
830.497 0.932
831.37 0.873
832.245 0.875
833.126 0.881
834.031 0.905
834.907 0.876
835.81 0.903
836.715 0.905
837.556 0.841
838.403 0.847
839.27 0.867
840.067 0.797
840.865 0.798
841.756 0.891
842.606 0.85
843.466 0.86
844.376 0.91
845.231 0.855
846.058 0.827
846.955 0.897
847.834 0.879
848.697 0.863
849.62 0.923
850.489 0.869
851.305 0.816
852.193 0.888
853.052 0.859
853.868 0.816
854.762 0.894
855.669 0.907
856.604 0.935
857.433 0.829
858.236 0.803
859.085 0.849
859.936 0.851
860.736 0.8
861.621 0.885
862.454 0.833
863.253 0.799
864.146 0.893
865.0 0.854
865.803 0.803
866.677 0.874
867.619 0.942
868.437 0.818
869.324 0.887
870.222 0.898
871.01 0.788
871.842 0.832
872.731 0.889
873.544 0.813
874.425 0.881
875.375 0.95
876.221 0.846
877.114 0.893
877.99 0.876
878.799 0.809
879.684 0.885
880.618 0.934
881.435 0.817
882.306 0.871
883.24 0.934
884.055 0.815
884.926 0.871
885.842 0.916
886.639 0.797
887.464 0.825
888.354 0.89
889.189 0.835
890.046 0.857
890.941 0.895
891.78 0.839
892.608 0.828
893.484 0.876
894.306 0.822
895.151 0.845
895.998 0.847
896.765 0.767
897.561 0.796
898.387 0.826
899.172 0.785
899.987 0.815
900.886 0.899
901.69 0.804
902.533 0.843
903.402 0.869
904.198 0.796
905.029 0.831
905.889 0.86
906.675 0.786
907.502 0.827
908.363 0.861
909.141 0.778
909.966 0.825
910.864 0.898
911.686 0.822
912.524 0.838
913.461 0.937
914.345 0.884
915.24 0.895
916.142 0.902
916.991 0.849
917.784 0.793
918.64 0.856
919.524 0.884
920.287 0.763
921.1 0.813
921.975 0.875
922.757 0.782
923.579 0.822
924.481 0.902
925.286 0.805
926.157 0.871
927.055 0.898
927.874 0.819
928.721 0.847
929.622 0.901
930.498 0.876
931.353 0.855
932.25 0.897
933.182 0.932
934.116 0.934
934.94 0.824
935.818 0.878
936.727 0.909
937.654 0.927
938.567 0.913
939.476 0.909
940.261 0.785
941.105 0.844
941.984 0.879
942.75 0.766
943.543 0.793
944.441 0.898
945.295 0.854
946.102 0.807
947.013 0.911
947.885 0.872
948.712 0.827
949.592 0.88
950.407 0.815
951.18 0.773
952.015 0.835
952.881 0.866
953.654 0.773
954.49 0.836
955.44 0.95
956.366 0.926
957.267 0.901
958.081 0.814
958.98 0.899
959.901 0.921
960.811 0.91
961.639 0.828
962.536 0.897
963.407 0.871
964.229 0.822
965.119 0.89
965.978 0.859
966.775 0.797
967.66 0.885
968.549 0.889
969.441 0.892
970.314 0.873
971.096 0.782
971.947 0.851
972.877 0.93
973.735 0.858
974.555 0.82
975.432 0.877
976.282 0.85
977.096 0.814
977.977 0.881
978.858 0.881
979.755 0.897
980.581 0.826
981.378 0.797
982.251 0.873
983.134 0.883
983.913 0.779
984.728 0.815
985.67 0.942
986.592 0.922
987.416 0.824
988.311 0.895
989.249 0.938
990.076 0.827
990.925 0.849
991.831 0.906
992.714 0.883
993.561 0.847
994.36 0.799
995.242 0.882
996.117 0.875
996.944 0.827
997.831 0.887
998.655 0.824
999.419 0.764
1000.248 0.829
1001.161 0.913
1002.039 0.878
1002.865 0.826
1003.756 0.891
1004.599 0.843
1005.375 0.776
1006.223 0.848
1007.11 0.887
1008.0 0.89
1008.804 0.804
1009.611 0.807
1010.451 0.84
1011.248 0.797
1012.012 0.764
1012.84 0.828
1013.68 0.84
1014.465 0.785
1015.278 0.813
1016.146 0.868
1016.945 0.799
1017.801 0.856
1018.727 0.926
1019.601 0.874
1020.385 0.784
1021.216 0.831
1021.979 0.763
1022.677 0.698
1023.407 0.73
1024.198 0.791
1024.966 0.768
1025.699 0.733
1026.475 0.776
1027.217 0.742
1027.956 0.739
1028.668 0.712
1029.409 0.741
1030.149 0.74
1030.901 0.752
1031.616 0.715
1032.306 0.69
1033.005 0.699
1033.716 0.711
1034.44 0.724
1035.117 0.677
1035.777 0.66
1036.422 0.645
1037.092 0.67
1037.783 0.691
1038.51 0.727
1039.216 0.706
1039.913 0.697
1040.612 0.699
1041.324 0.712
1042.082 0.758
1042.861 0.779
1043.641 0.78
1044.372 0.731
1045.077 0.705
1045.772 0.695
1046.53 0.758
1047.277 0.747
1048.059 0.782
1048.865 0.806
1049.631 0.766
1050.332 0.701
1051.02 0.688
1051.713 0.693
1052.429 0.716
1053.177 0.748
1053.909 0.732
1054.724 0.815
1055.591 0.867
1056.417 0.826
1057.238 0.821
1058.115 0.877
1058.94 0.825
1059.719 0.779
1060.573 0.854
1061.444 0.871
1062.234 0.79
1063.078 0.844
1063.947 0.869
1064.912 0.965
1065.871 0.959
1066.754 0.883
1067.715 0.961
1068.693 0.978
1069.678 0.985
1070.562 0.884
1071.425 0.863
1072.358 0.933
1073.297 0.939
1074.178 0.881
1074.947 0.769
1075.762 0.815
1076.735 0.973
1077.673 0.938
1078.628 0.955
1079.641 1.013
1080.649 1.008
1081.681 1.032
1082.697 1.016
1083.581 0.884
1084.429 0.848
1085.325 0.896
1086.33 1.005
1087.367 1.037
1088.369 1.002
1089.218 0.849
1090.071 0.853
1090.971 0.9
1091.898 0.927
1092.859 0.961
1093.738 0.879
1094.655 0.917
1095.61 0.955
1096.431 0.821
1097.308 0.877
1098.313 1.005
1099.288 0.975
1100.272 0.984
1101.305 1.033
1102.243 0.938
1103.172 0.929
1104.116 0.944
1105.059 0.943
1105.855 0.796
1106.652 0.797
1107.519 0.867
1108.449 0.93
1109.352 0.903
1110.277 0.925
1111.23 0.953
1112.064 0.834
1112.928 0.864
1113.867 0.939
1114.832 0.965
1115.727 0.895
1116.687 0.96
1117.679 0.992
1118.584 0.905
1119.572 0.988
1120.556 0.984
1121.489 0.933
1122.28 0.791
1123.1 0.82
1123.984 0.884
1124.854 0.87
1125.82 0.966
1126.728 0.908
1127.521 0.793
1128.373 0.852
1129.27 0.897
1130.127 0.857
1130.883 0.756
1131.632 0.749
1132.45 0.818
1133.306 0.856
1134.193 0.887
1135.112 0.919
1135.924 0.812
1136.649 0.725
1137.407 0.758
1138.192 0.785
1138.934 0.742
1139.713 0.779
1140.583 0.87
1141.391 0.808
1142.174 0.783
1142.952 0.778
1143.707 0.755
1144.511 0.804
1145.29 0.779
1146.06 0.77
1146.916 0.856
1147.695 0.779
1148.55 0.855
1149.422 0.872
1150.243 0.821
1151.132 0.889
1151.996 0.864
1152.856 0.86
1153.642 0.786
1154.345 0.703
1155.063 0.718
1155.811 0.748
1156.599 0.788
1157.401 0.802
1158.158 0.757
1158.865 0.707
1159.594 0.729
1160.344 0.75
1161.131 0.787
1161.931 0.8
1162.738 0.807
1163.488 0.75
1164.293 0.805
1165.141 0.848
1166.048 0.907
1166.991 0.943
1167.867 0.876
1168.772 0.905
1169.7 0.928
1170.613 0.913
1171.547 0.934
1172.467 0.92
1173.299 0.832
1174.196 0.897
1175.162 0.966
1176.101 0.939
1177.077 0.976
1178.011 0.934
1178.944 0.933
1179.914 0.97
1180.895 0.981
1181.856 0.961
1182.715 0.859
1183.642 0.927
1184.612 0.97
1185.569 0.957
1186.435 0.866
1187.249 0.814
1188.085 0.836
1188.954 0.869
1189.729 0.775
1190.514 0.785
1191.382 0.868
1192.325 0.943
1193.248 0.923
1194.1 0.852
1194.972 0.872
1195.764 0.792
1196.558 0.794
1197.366 0.808
1198.134 0.768
1199.037 0.903
1200.031 0.994
1201.015 0.984
1202.015 1.0
1202.98 0.965
1203.948 0.968
1204.809 0.861
1205.601 0.792
1206.402 0.801
1207.29 0.888
1208.163 0.873
1208.985 0.822
1209.874 0.889
1210.672 0.798
1211.485 0.813
1212.239 0.754
1213.075 0.836
1214.0 0.925
1214.944 0.944
1215.823 0.879
1216.699 0.876
1217.555 0.856
1218.391 0.836
1219.164 0.773
1219.979 0.815
1220.776 0.797
1221.595 0.819
1222.422 0.827
1223.231 0.809
1223.983 0.752
1224.733 0.75
1225.439 0.706
1226.144 0.705
1226.898 0.754
1227.7 0.802
1228.473 0.773
1229.321 0.848
1230.228 0.907
1231.142 0.914
1232.046 0.904
1232.913 0.867
1233.68 0.767
1234.411 0.731
1235.157 0.746
1235.933 0.776
1236.85 0.917
1237.802 0.952
1238.72 0.918
1239.629 0.909
1240.484 0.855
1241.261 0.777
1242.061 0.8
1242.842 0.781
1243.589 0.747
1244.401 0.812
1245.242 0.841
1246.108 0.866
1246.963 0.855
1247.905 0.942
1248.861 0.956
1249.798 0.937
1250.639 0.841
1251.562 0.923
1252.55 0.988
1253.462 0.912
1254.322 0.86
1255.261 0.939
1256.275 1.014
1257.299 1.024
1258.144 0.845
1258.962 0.818
1259.715 0.753
1260.447 0.732
1261.207 0.76
1261.94 0.733
1262.657 0.717
1263.425 0.768
1264.142 0.717
1264.891 0.749
1265.623 0.732
1266.33 0.707
1267.093 0.763
1267.893 0.8
1268.697 0.804
1269.518 0.821
1270.272 0.754
1271.049 0.777
1271.855 0.806
1272.635 0.78
1273.374 0.739
1274.189 0.815
1275.0 0.811
1275.771 0.771
1276.553 0.782
1277.372 0.819
1278.269 0.897
1279.162 0.893
1280.148 0.986
1281.186 1.038
1282.233 1.047
1283.257 1.024
1284.259 1.002
1285.236 0.977
1286.197 0.961
1287.096 0.899
1288.023 0.927
1289.005 0.982
1290.014 1.009
1290.947 0.933
1291.769 0.822
1292.569 0.8
1293.379 0.81
1294.224 0.845
1295.135 0.911
1296.115 0.98
1297.128 1.013
1298.121 0.993
1299.085 0.964
1300.03 0.945
1300.949 0.919
1301.862 0.913
1302.762 0.9
1303.692 0.93
1304.489 0.797
1305.284 0.795
1306.142 0.858
1307.054 0.912
1307.995 0.941
1308.873 0.878
1309.705 0.832
1310.511 0.806
1311.377 0.866
1312.283 0.906
1313.142 0.859
1314.056 0.914
1314.974 0.918
1315.825 0.851
1316.63 0.805
1317.487 0.857
1318.385 0.898
1319.345 0.96
1320.332 0.987
1321.292 0.96
1322.272 0.98
1323.265 0.993
1324.194 0.929
1325.047 0.853
1325.979 0.932
1326.914 0.935
1327.762 0.848
1328.677 0.915
1329.59 0.913
1330.413 0.823
1331.209 0.796
1332.063 0.854
1332.961 0.898
1333.846 0.885
1334.658 0.812
1335.519 0.861
1336.402 0.883
1337.335 0.933
1338.159 0.824
1338.953 0.794
1339.77 0.817
1340.641 0.871
1341.611 0.97
1342.594 0.983
1343.539 0.945
1344.477 0.938
1345.415 0.938
1346.274 0.859
1347.076 0.802
1347.907 0.831
1348.786 0.879
1349.725 0.939
1350.68 0.955
1351.508 0.828
1352.31 0.802
1353.139 0.829
1354.022 0.883
1354.888 0.866
1355.672 0.784
1356.432 0.76
1357.203 0.771
1358.03 0.827
1358.911 0.881
1359.828 0.917
1360.754 0.926
1361.662 0.908
1362.533 0.871
1363.319 0.786
1364.099 0.78
1364.897 0.798
1365.737 0.84
1366.648 0.911
1367.577 0.929
1368.509 0.932
1369.412 0.903
1370.242 0.83
1371.03 0.788
1371.825 0.795
1372.654 0.829
1373.505 0.851
1374.286 0.781
1375.123 0.837
1375.993 0.87
1376.862 0.869
1377.693 0.831
1378.455 0.762
1379.247 0.792
1380.052 0.805
1380.83 0.778
1381.601 0.771
1382.413 0.812
1383.246 0.833
1384.076 0.83
1384.89 0.814
1385.665 0.775
1386.414 0.749
1387.191 0.777
1388.002 0.811
1388.749 0.747
1389.543 0.794
1390.377 0.834
1391.19 0.813
1392.044 0.854
1392.941 0.897
1393.814 0.873
1394.667 0.853
1395.562 0.895
1396.438 0.876
1397.244 0.806
1398.012 0.768
1398.784 0.772
1399.603 0.819
1400.525 0.922
1401.47 0.945
1402.415 0.945
1403.304 0.889
1404.19 0.886
1404.993 0.803
1405.773 0.78
1406.578 0.805
1407.416 0.838
1408.298 0.882
1409.213 0.915
1410.144 0.931
1411.089 0.945
1411.911 0.822
1412.704 0.793
1413.487 0.783
1414.321 0.834
1415.129 0.808
1416.01 0.881
1416.917 0.907
1417.854 0.937
1418.694 0.84
1419.535 0.841
1420.41 0.875
1421.302 0.892
1422.26 0.958
1423.203 0.943
1424.036 0.833
1424.918 0.882
1425.815 0.897
1426.652 0.837
1427.487 0.835
1428.357 0.87
1429.176 0.819
1430.025 0.849
1430.947 0.922
1431.894 0.947
1432.832 0.938
1433.763 0.931
1434.596 0.833
1435.412 0.816
1436.274 0.862
1437.191 0.917
1438.165 0.974
1439.134 0.969
1440.009 0.875
1440.853 0.844
1441.7 0.847
1442.601 0.901
1443.547 0.946
1444.477 0.93
1445.397 0.92
1446.253 0.856
1447.061 0.808
1447.905 0.844
1448.794 0.889
1449.655 0.861
1450.454 0.799
1451.303 0.849
1452.195 0.892
1453.103 0.908
1453.935 0.832
1454.79 0.855
1455.672 0.882
1456.539 0.867
1457.373 0.834
1458.255 0.882
1459.1 0.845
1459.898 0.798
1460.778 0.88
1461.709 0.931
1462.644 0.935
1463.592 0.948
1464.506 0.914
1465.461 0.955
1466.367 0.906
1467.195 0.828
1467.998 0.803
1468.803 0.805
1469.663 0.86
1470.567 0.904
1471.473 0.906
1472.362 0.889
1473.172 0.81
1474.017 0.845
1474.908 0.891
1475.838 0.93
1476.769 0.931
1477.659 0.89
1478.489 0.83
1479.305 0.816
1480.148 0.843
1481.033 0.885
1481.929 0.896
1482.833 0.904
1483.656 0.823
1484.48 0.824
1485.35 0.87
1486.253 0.903
1487.179 0.926
1488.027 0.848
1488.924 0.897
1489.854 0.93
1490.787 0.933
1491.741 0.954
1492.597 0.856
1493.456 0.859
1494.363 0.907
1495.274 0.911
1496.164 0.89
1496.977 0.813
1497.869 0.892
1498.79 0.921
1499.712 0.922
1500.559 0.847
1501.44 0.881
1502.349 0.909
1503.185 0.836
1504.019 0.834
1504.883 0.864
1505.676 0.793
1506.504 0.828
1507.396 0.892
1508.285 0.889
1509.22 0.935
1510.175 0.955
1511.073 0.898
1511.977 0.904
1512.925 0.948
1513.912 0.987
1514.847 0.935
1515.698 0.851
1516.604 0.906
1517.521 0.917
1518.367 0.846
1519.243 0.876
1520.154 0.911
1521.083 0.929
1522.023 0.94
1522.955 0.932
1523.804 0.849
1524.661 0.857
1525.58 0.919
1526.519 0.939
1527.373 0.854
1528.26 0.887
1529.145 0.885
1530.021 0.876
1530.905 0.884
1531.772 0.867
1532.576 0.804
1533.428 0.852
1534.327 0.899
1535.227 0.9
1536.087 0.86
1536.998 0.911
1537.95 0.952
1538.872 0.922
1539.832 0.96
1540.735 0.903
1541.627 0.892
1542.479 0.852
1543.38 0.901
1544.224 0.844
1545.024 0.8
1545.906 0.882
1546.839 0.933
1547.762 0.923
1548.595 0.833
1549.495 0.9
1550.418 0.923
1551.337 0.919
1552.165 0.828
1553.036 0.871
1553.91 0.874
1554.737 0.827
1555.555 0.818
1556.413 0.858
1557.291 0.878
1558.106 0.815
1558.957 0.851
1559.845 0.888
1560.713 0.868
1561.475 0.762
1562.222 0.747
1563.001 0.779
1563.829 0.828
1564.698 0.869
1565.495 0.797
1566.302 0.807
1567.098 0.796
1567.855 0.757
1568.653 0.798
1569.518 0.865
1570.315 0.797
1571.123 0.808
1572.006 0.883
1572.868 0.862
1573.734 0.866
1574.675 0.941
1575.584 0.909
1576.52 0.936
1577.407 0.887
1578.285 0.878
1579.197 0.912
1580.16 0.963
1580.99 0.83
1581.891 0.901
1582.832 0.941
1583.725 0.893
1584.666 0.941
1585.476 0.81
1586.282 0.806
1587.154 0.872
1588.039 0.885
1588.912 0.873
1589.724 0.812
1590.538 0.814
1591.376 0.838
1592.213 0.837
1592.998 0.785
1593.78 0.782
1594.501 0.721
1595.257 0.756
1596.042 0.785
1596.843 0.801
1597.65 0.807
1598.427 0.777
1599.207 0.78
1599.93 0.723
1600.697 0.767
1601.49 0.793
1602.329 0.839
1603.086 0.757
1603.882 0.796
1604.71 0.828
1605.472 0.762
1606.223 0.751
1607.001 0.778
1607.82 0.819
1608.597 0.777
1609.485 0.888
1610.424 0.939
1611.361 0.937
1612.278 0.917
1613.164 0.886
1614.052 0.888
1614.85 0.798
1615.594 0.744
1616.354 0.76
1617.179 0.825
1617.967 0.788
1618.895 0.928
1619.856 0.961
1620.886 1.03
1621.835 0.949
1622.747 0.912
1623.716 0.969
1624.694 0.978
1625.524 0.83
1626.369 0.845
1627.278 0.909
1628.14 0.862
1628.918 0.778
1629.776 0.858
1630.699 0.923
1631.62 0.921
1632.546 0.926
1633.573 1.027
1634.526 0.953
1635.384 0.858
1636.316 0.932
1637.213 0.897
1638.124 0.911
1639.097 0.973
1640.086 0.989
1640.986 0.9
1641.829 0.843
1642.742 0.913
1643.614 0.872
1644.432 0.818
1645.362 0.93
1646.352 0.99
1647.246 0.894
1648.178 0.932