0.000 0.941
0.941 0.941
1.849 0.908
2.676 0.827
3.509 0.833
4.393 0.884
5.304 0.911
6.303 0.999
7.157 0.854
8.009 0.852
8.828 0.819
9.627 0.799
10.377 0.75
11.089 0.712
11.778 0.689
17.222 5.444
17.999 0.777
18.893 0.894
19.839 0.946
20.783 0.944
21.761 0.978
22.809 1.048
23.883 1.074
24.926 1.043
25.838 0.912
26.697 0.859
27.566 0.869
28.573 1.007
29.699 1.126
30.814 1.115
31.928 1.114
33.04 1.112
34.149 1.109
35.227 1.078
36.241 1.014
37.276 1.035
38.358 1.082
39.456 1.098
40.559 1.103
41.664 1.105
42.759 1.095
43.858 1.099
44.96 1.102
46.06 1.1
47.086 1.026
47.936 0.85
48.863 0.927
49.962 1.099
50.973 1.011
52.043 1.07
53.143 1.1
54.232 1.089
55.325 1.093
56.419 1.094
57.501 1.082
58.242 0.741
58.955 0.713
59.925 0.97
61.045 1.12
62.15 1.105
63.252 1.102
64.352 1.1
65.456 1.104
66.555 1.099
67.658 1.103
68.656 0.998
69.62 0.964
70.582 0.962
71.691 1.109
72.784 1.093
73.847 1.063
74.95 1.103
75.977 1.027
76.802 0.825
77.664 0.862
78.699 1.035
79.815 1.116
80.918 1.103
81.898 0.98
82.709 0.811
83.521 0.812
84.376 0.855
85.496 1.12
86.602 1.106
87.706 1.104
88.809 1.103
89.673 0.864
90.517 0.844
91.402 0.885
92.475 1.073
93.593 1.118
94.694 1.101
95.629 0.935
96.466 0.837
97.258 0.792
98.052 0.794
99.157 1.105
100.246 1.089
101.283 1.037
102.257 0.974
103.075 0.818
103.838 0.763
104.601 0.763
105.406 0.805
106.346 0.94
107.38 1.034
108.403 1.023
109.389 0.986
110.322 0.933
111.334 1.012
112.405 1.071
113.474 1.069
114.523 1.049
115.546 1.023
116.507 0.961
117.419 0.912
118.349 0.93
119.366 1.017
120.445 1.079
121.536 1.091
122.597 1.061
123.552 0.955
124.422 0.87
125.24 0.818
126.055 0.815
126.909 0.854
127.955 1.046
129.07 1.115
130.171 1.101
131.273 1.102
132.372 1.099
133.383 1.011
134.237 0.854
135.125 0.888
136.219 1.094
137.303 1.084
138.389 1.086
139.472 1.083
140.555 1.083
141.635 1.08
142.571 0.936
143.555 0.984
144.576 1.021
145.66 1.084
146.757 1.097
147.845 1.088
148.939 1.094
150.034 1.095
151.13 1.096
152.226 1.096
153.289 1.063
154.362 1.073
155.46 1.098
156.538 1.078
157.636 1.098
158.721 1.085
159.81 1.089
160.899 1.089
161.992 1.093
163.082 1.09
164.168 1.086
165.252 1.084
166.312 1.06
167.323 1.011
168.421 1.098
169.506 1.085
170.589 1.083
171.639 1.05
172.606 0.967
173.703 1.097
174.784 1.081
175.869 1.085
176.96 1.091
178.047 1.087
179.131 1.084
180.216 1.085
181.068 0.852
181.999 0.931
183.096 1.097
184.181 1.085
185.272 1.091
186.36 1.088
187.445 1.085
188.529 1.084
189.564 1.035
190.545 0.981
191.649 1.104
192.736 1.087
193.82 1.084
194.91 1.09
196.003 1.093
197.091 1.088
198.177 1.086
199.094 0.917
200.082 0.988
201.18 1.098
202.265 1.085
203.353 1.088
204.438 1.085
205.522 1.084
206.567 1.045
207.404 0.837
208.345 0.941
209.446 1.101
210.53 1.084
211.62 1.09
212.71 1.09
213.798 1.088
214.887 1.089
215.974 1.087
216.921 0.947
217.685 0.764
218.458 0.773
219.338 0.88
220.237 0.899
221.19 0.953
222.158 0.968
223.046 0.888
223.925 0.879
224.864 0.939
225.944 1.08
227.071 1.127
228.065 0.994
229.01 0.945
229.959 0.949
230.967 1.008
232.006 1.039
233.057 1.051
234.12 1.063
235.087 0.967
235.921 0.834
236.704 0.783
237.492 0.788
238.318 0.826
239.321 1.003
240.463 1.142
241.517 1.054
242.518 1.001
243.513 0.995
244.485 0.972
245.344 0.859
246.153 0.809
246.987 0.834
247.879 0.892
248.792 0.913
249.639 0.847
250.519 0.88
251.524 1.005
252.558 1.034
253.517 0.959
254.484 0.967
255.486 1.002
256.503 1.017
257.552 1.049
258.579 1.027
259.571 0.992
260.608 1.037
261.706 1.098
262.798 1.092
263.918 1.12
265.019 1.101
266.121 1.102
267.221 1.1
268.317 1.096
269.412 1.095
270.513 1.101
271.498 0.985
272.505 1.007
273.446 0.941
274.346 0.9
275.262 0.916
276.39 1.128
277.504 1.114
278.622 1.118
279.684 1.062
280.649 0.965
281.641 0.992
282.612 0.971
283.698 1.086
284.823 1.125
285.935 1.112
287.048 1.113
288.157 1.109
289.159 1.002
290.054 0.895
291.006 0.952
292.099 1.093
293.208 1.109
294.305 1.097
295.402 1.097
296.503 1.101
297.601 1.098
298.698 1.097
299.616 0.918
300.453 0.837
301.448 0.995
302.568 1.12
303.677 1.109
304.79 1.113
305.904 1.114
307.013 1.109
308.12 1.107
309.133 1.013
310.043 0.91
311.081 1.038
312.023 0.942
313.133 1.11
314.231 1.098
315.33 1.099
316.26 0.93
317.089 0.829
317.973 0.884
318.999 1.026
320.089 1.09
321.083 0.994
322.131 1.048
323.164 1.033
324.174 1.01
325.146 0.972
326.131 0.985
327.039 0.908
327.92 0.881
328.764 0.844
329.609 0.845
330.389 0.78
331.132 0.743
331.888 0.756
332.659 0.771
333.404 0.745
334.147 0.743
334.853 0.706
335.536 0.683
336.202 0.666
336.873 0.671
337.553 0.68
338.261 0.708
339.009 0.748
339.825 0.816
340.658 0.833
341.545 0.887
342.459 0.914
343.38 0.921
344.299 0.919
345.19 0.891
346.088 0.898
346.973 0.885
347.806 0.833
348.607 0.801
349.422 0.815
350.32 0.898
351.314 0.994
352.376 1.062
353.464 1.088
354.483 1.019
355.549 1.066
356.652 1.103
357.753 1.101
358.849 1.096
359.973 1.124
361.079 1.106
362.091 1.012
363.04 0.949
364.065 1.025
365.189 1.124
366.07 0.881
366.858 0.788
367.67 0.812
368.575 0.905
369.638 1.063
370.774 1.136
371.891 1.117
373.009 1.118
374.122 1.113
375.228 1.106
376.184 0.956
377.299 1.115
378.398 1.099
379.499 1.101
380.595 1.096
381.693 1.098
382.793 1.1
383.839 1.046
384.663 0.824
385.467 0.804
386.27 0.803
387.343 1.073
388.452 1.109
389.549 1.097
390.286 0.737
391.386 1.1
392.488 1.102
393.59 1.102
394.691 1.101
395.791 1.1
396.89 1.099
397.984 1.094
399.074 1.09
400.159 1.085
401.143 0.984
402.074 0.931
403.162 1.088
404.234 1.072
405.307 1.073
406.38 1.073
407.452 1.072
408.522 1.07
409.474 0.952
410.268 0.794
411.214 0.946
412.302 1.088
413.373 1.071
414.442 1.069
415.513 1.071
416.587 1.074
417.664 1.077
418.517 0.853
419.231 0.714
419.942 0.711
420.982 1.04
422.066 1.084
423.168 1.102
424.253 1.085
425.331 1.078
426.41 1.079
427.486 1.076
428.473 0.987
429.389 0.916
430.316 0.927
431.211 0.895
432.067 0.856
432.953 0.886
433.832 0.879
434.707 0.875
435.553 0.846
436.333 0.78
437.123 0.79
437.948 0.825
438.769 0.821
439.56 0.791
440.314 0.754
441.046 0.732
441.811 0.765
442.603 0.792
443.429 0.826
444.263 0.834
445.051 0.788
445.819 0.768
446.596 0.777
447.396 0.8
448.164 0.768
448.872 0.708
449.548 0.676
450.211 0.663
450.884 0.673
451.596 0.712
452.358 0.762
453.197 0.839
454.088 0.891
454.978 0.89
455.813 0.835
456.607 0.794
457.368 0.761
458.142 0.774
458.94 0.798
459.768 0.828
460.587 0.819
461.367 0.78
462.149 0.782
462.956 0.807
463.78 0.824
464.632 0.852
465.434 0.802
466.255 0.821
467.158 0.903
468.034 0.876
468.865 0.831
469.678 0.813
470.496 0.818
471.341 0.845
472.22 0.879
473.014 0.794
473.779 0.765
474.581 0.802
475.404 0.823
476.26 0.856
477.103 0.843
477.917 0.814
478.755 0.838
479.626 0.871
480.391 0.765
480.919 0.528
481.781 0.862
482.431 0.65
483.116 0.685
483.908 0.792
484.852 0.944
485.831 0.979
486.759 0.928
487.625 0.866
488.53 0.905
489.526 0.996
490.551 1.025
491.487 0.936
492.403 0.916
493.351 0.948
494.274 0.923
495.16 0.886
496.077 0.917
497.072 0.995
498.036 0.964
498.943 0.907
499.901 0.958
500.877 0.976
501.813 0.936
502.785 0.972
503.784 0.999
504.792 1.008
505.81 1.018
506.793 0.983
507.784 0.991
508.751 0.967
509.558 0.807
510.292 0.734
511.019 0.727
511.777 0.758
512.724 0.947
513.791 1.067
514.841 1.05
515.766 0.925
516.663 0.897
517.629 0.966
518.709 1.08
519.758 1.049
520.755 0.997
521.768 1.013
522.799 1.031
523.765 0.966
524.714 0.949
525.726 1.012
526.814 1.088
527.862 1.048
528.888 1.026
529.913 1.025
530.905 0.992
531.914 1.009
532.918 1.004
533.928 1.01
534.948 1.02
535.913 0.965
536.89 0.977
537.883 0.993
538.93 1.047
539.929 0.999
540.867 0.938
541.831 0.964
542.839 1.008
543.825 0.986
544.805 0.98
545.819 1.014
546.792 0.973
547.593 0.801
548.353 0.76
549.123 0.77
549.943 0.82
551.05 1.107
552.089 1.039
553.047 0.958
554.042 0.995
555.105 1.063
556.094 0.989
557.026 0.932
558.005 0.979
559.037 1.032
559.95 0.913
560.743 0.793
561.522 0.779
562.395 0.873
563.493 1.098
564.577 1.084
565.58 1.003
566.384 0.804
567.13 0.746
567.883 0.753
568.651 0.768
569.401 0.75
570.174 0.773
570.955 0.781
571.732 0.777
572.486 0.754
573.268 0.782
574.045 0.777
574.773 0.728
575.505 0.732
576.251 0.746
577.029 0.778
577.905 0.876
578.8 0.895
579.721 0.921
580.643 0.922
581.513 0.87
582.351 0.838
583.191 0.84
584.075 0.884
585.001 0.926
585.969 0.968
586.946 0.977
587.936 0.99
588.959 1.023
589.994 1.035
591.033 1.039
592.038 1.005
593.045 1.007
594.05 1.005
595.092 1.042
596.04 0.948
596.896 0.856
597.807 0.911
598.864 1.057
599.962 1.098
601.002 1.04
601.99 0.988
603.017 1.027
604.078 1.061
605.096 1.018
605.987 0.891
606.779 0.792
607.56 0.781
608.334 0.774
609.404 1.07
610.538 1.134
611.656 1.118
612.713 1.057
613.725 1.012
614.716 0.991
615.714 0.998
616.608 0.894
617.519 0.911
618.521 1.002
619.596 1.075
620.625 1.029
621.613 0.988
622.626 1.013
623.672 1.046
624.74 1.068
625.664 0.924
626.478 0.814
627.317 0.839
628.21 0.893
629.163 0.953
630.03 0.867
630.91 0.88
631.907 0.997
632.975 1.068
634.034 1.059
635.09 1.056
636.047 0.957
637.026 0.979
638.014 0.988
639.125 1.111
640.083 0.958
641.026 0.943
642.046 1.02
643.141 1.095
644.214 1.073
645.231 1.017
646.227 0.996
647.188 0.961
648.12 0.932
649.118 0.998
650.19 1.072
651.298 1.108
652.39 1.092
653.476 1.086
654.537 1.061
655.344 0.807
656.076 0.732
656.811 0.735
657.705 0.894
658.807 1.102
659.901 1.094
660.995 1.094
662.091 1.096
663.184 1.093
664.274 1.09
665.292 1.018
666.127 0.835
667.103 0.976
668.204 1.101
669.294 1.09
670.384 1.09
671.473 1.089
672.563 1.09
673.654 1.091
674.748 1.094
675.841 1.093
676.83 0.989
677.694 0.864
678.787 1.093
679.876 1.089
680.963 1.087
682.047 1.084
683.128 1.081
684.213 1.085
685.207 0.994
686.012 0.805
686.839 0.827
687.664 0.825
688.484 0.82
689.405 0.921
690.427 1.022
691.404 0.977
692.417 1.013
693.368 0.951
694.241 0.873
695.061 0.82
695.821 0.76
696.54 0.719
697.245 0.705
697.955 0.71
698.793 0.838
699.915 1.122
700.963 1.048
701.829 0.866
702.682 0.853
703.534 0.852
704.619 1.085
705.748 1.129
706.838 1.09
707.92 1.082
708.861 0.941
709.691 0.83
710.611 0.92
711.464 0.853
712.227 0.763
712.967 0.74
713.674 0.707
714.363 0.689
715.074 0.711
715.843 0.769
716.703 0.86
717.597 0.894
718.469 0.872
719.337 0.868
720.184 0.847
720.974 0.79
721.724 0.75
722.468 0.744
723.185 0.717
723.875 0.69
724.599 0.724
725.417 0.818
726.409 0.992
727.429 1.02
728.386 0.957
729.255 0.869
730.152 0.897
731.09 0.938
732.056 0.966
733.032 0.976
734.026 0.994
734.997 0.971
735.792 0.795
736.551 0.759
737.297 0.746
738.07 0.773
738.914 0.844
739.753 0.839
740.755 1.002
741.801 1.046
742.845 1.044
743.839 0.994
744.757 0.918
745.704 0.947
746.703 0.999
747.793 1.09
748.92 1.127
750.026 1.106
751.133 1.107
752.238 1.105
753.242 1.004
754.078 0.836
754.902 0.824
755.809 0.907
756.929 1.12
758.031 1.102
759.136 1.105
760.238 1.102
761.335 1.097
762.43 1.095
763.266 0.836
764.127 0.861
765.079 0.952
766.17 1.091
767.269 1.099
768.357 1.088
769.445 1.088
770.535 1.09
771.62 1.085
772.574 0.954
773.383 0.809
774.275 0.892
775.308 1.033
776.405 1.097
777.485 1.08
778.567 1.082
779.649 1.082
780.734 1.085
781.818 1.084
782.902 1.084
783.864 0.962
784.751 0.887
785.844 1.093
786.931 1.087
788.015 1.084
789.101 1.086
790.186 1.085
791.266 1.08
792.172 0.906
792.955 0.783
793.964 1.009
795.065 1.101
796.152 1.087
797.234 1.082
798.318 1.084
799.403 1.085
800.484 1.081
801.565 1.081
802.638 1.073
803.435 0.797
804.249 0.814
805.243 0.994
806.266 1.023
807.359 1.093
808.437 1.078
809.521 1.084
810.602 1.081
811.68 1.078
812.762 1.082
813.668 0.906
814.537 0.869
815.5 0.963
816.539 1.039
817.547 1.008
818.634 1.087
819.726 1.092
820.805 1.079
821.89 1.085
822.877 0.987
823.791 0.914
824.808 1.017
825.838 1.03
826.841 1.003
827.947 1.106
829.036 1.089
830.125 1.089
831.212 1.087
832.298 1.086
833.3 1.002
834.208 0.908
835.258 1.05
836.352 1.094
837.432 1.08
838.512 1.08
839.59 1.078
840.668 1.078
841.681 1.013
842.52 0.839
843.403 0.883
844.486 1.083
845.561 1.075
846.639 1.078
847.71 1.071
848.784 1.074
849.86 1.076
850.862 1.002
851.66 0.798
852.499 0.839
853.391 0.892
854.304 0.913
855.396 1.092
856.481 1.085
857.567 1.086
858.654 1.087
859.524 0.87
860.316 0.792
861.177 0.861
862.273 1.096
863.371 1.098
864.461 1.09
865.548 1.087
866.634 1.086
867.718 1.084
868.798 1.08
869.879 1.081
870.832 0.953
871.675 0.843
872.599 0.924
873.687 1.088
874.761 1.074
875.832 1.071
876.903 1.071
877.977 1.074
879.052 1.075
879.973 0.921
880.689 0.716
881.471 0.782
882.553 1.082
883.633 1.08
884.714 1.081
885.791 1.077
886.87 1.079
887.887 1.017
888.784 0.897
889.669 0.885
890.644 0.975
891.74 1.096
892.817 1.077
893.895 1.078
894.975 1.08
896.055 1.08
897.134 1.079
898.044 0.91
898.861 0.817
899.655 0.794
900.507 0.852
901.415 0.908
902.396 0.981
903.49 1.094
904.572 1.082
905.653 1.081
906.507 0.854
907.358 0.851
908.296 0.938
909.286 0.99
910.233 0.947
911.25 1.017
912.322 1.072
913.403 1.081
914.409 1.006
915.407 0.998
916.393 0.986
917.395 1.002
918.306 0.911
919.175 0.869
920.087 0.912
921.075 0.988
922.045 0.97
922.984 0.939
923.924 0.94
924.892 0.968
925.885 0.993
926.83 0.945
927.738 0.908
928.732 0.994
929.8 1.068
930.823 1.023
931.768 0.945
932.725 0.957
933.721 0.996
934.701 0.98
935.56 0.859
936.352 0.792
937.153 0.801
938.011 0.858
938.998 0.987
939.989 0.991
940.919 0.93
941.909 0.99
942.96 1.051
944.035 1.075
945.008 0.973
945.91 0.902
946.82 0.91
947.828 1.008
948.809 0.981
949.723 0.914
950.701 0.978
951.74 1.039
952.844 1.104
953.877 1.033
954.834 0.957
955.808 0.974
956.77 0.962
957.702 0.932
958.518 0.816
959.315 0.797
960.094 0.779
960.897 0.803
961.703 0.806
962.518 0.815
963.327 0.809
964.131 0.804
964.906 0.775
965.635 0.729
966.382 0.747
967.157 0.775
967.971 0.814
968.778 0.807
969.529 0.751
970.274 0.745
971.021 0.747
971.736 0.715
972.459 0.723
973.218 0.759
974.123 0.905
975.111 0.988
976.11 0.999
977.094 0.984
977.961 0.867
978.75 0.789
979.518 0.768
980.302 0.784
981.111 0.809
982.009 0.898
982.828 0.819
983.599 0.771
984.385 0.786
985.172 0.787
986.077 0.905
987.122 1.045
988.1 0.978
988.977 0.877
989.878 0.901
990.69 0.812
991.522 0.832
992.473 0.951
993.614 1.141
994.667 1.053
995.689 1.022
996.76 1.071
997.855 1.095
998.951 1.096
1000.032 1.081
1001.111 1.079
1002.14 1.029
1003.101 0.961
1004.057 0.956
1005.067 1.01
1006.192 1.125
1007.304 1.112
1008.416 1.112
1009.523 1.107
1010.629 1.106
1011.734 1.105
1012.814 1.08
1013.804 0.99
1014.916 1.112
1016.017 1.101
1017.118 1.101
1018.218 1.1
1019.316 1.098
1020.408 1.092
1021.433 1.025
1022.395 0.962
1023.412 1.017
1024.4 0.988
1025.5 1.1
1026.584 1.084
1027.673 1.089
1028.76 1.087
1029.85 1.09
1030.943 1.093
1032.034 1.091
1033.127 1.093
1034.216 1.089
1035.305 1.089
1036.393 1.088
1037.48 1.087
1038.558 1.078
1039.64 1.082
1040.639 0.999
1041.521 0.882
1042.327 0.806
1043.145 0.818
1043.95 0.805
1045.051 1.101
1046.157 1.106
1047.025 0.868
1047.793 0.768
1048.571 0.778
1049.368 0.797
1050.237 0.869
1051.198 0.961
1052.146 0.948
1053.048 0.902
1053.943 0.895
1054.903 0.96
1055.92 1.017
1056.95 1.03
1057.913 0.963
1058.872 0.959
1059.892 1.02
1060.95 1.058
1061.972 1.022
1062.939 0.967
1063.923 0.984
1064.968 1.045
1066.036 1.068
1067.091 1.055
1068.105 1.014
1069.156 1.051
1070.238 1.082
1071.349 1.111
1072.444 1.095
1073.485 1.041
1074.575 1.09
1075.679 1.104
1076.766 1.087
1077.855 1.089
1078.943 1.088
1080.029 1.086
1081.113 1.084
1082.195 1.082
1083.28 1.085
1084.362 1.082
1085.443 1.081
1086.497 1.054
1087.586 1.089
1088.66 1.074
1089.733 1.073
1090.808 1.075
1091.885 1.077
1092.961 1.076
1094.033 1.072
1095.098 1.065
1096.169 1.071
1097.13 0.961
1098.21 1.08
1099.275 1.065
1100.344 1.069
1101.415 1.071
1102.485 1.07
1103.558 1.073
1104.633 1.075
1105.71 1.077
1106.782 1.072
1107.857 1.075
1108.931 1.074
1109.997 1.066
1111.061 1.064
1112.125 1.064
1113.187 1.062
1114.249 1.062
1115.311 1.062
1116.376 1.065
1117.44 1.064
1118.504 1.064
1119.572 1.068
1120.641 1.069
1121.626 0.985
1122.429 0.803
1123.5 1.071
1124.569 1.069
1125.642 1.073
1126.71 1.068
1127.786 1.076
1128.855 1.069
1129.655 0.8
1130.364 0.709
1131.051 0.687
1131.878 0.827
1132.77 0.892
1133.735 0.965
1134.792 1.057
1135.82 1.028
1136.786 0.966
1137.895 1.109
1138.99 1.095
1140.082 1.092
1141.129 1.047
1142.052 0.923
1142.982 0.93
1143.824 0.842
1144.667 0.843
1145.619 0.952
1146.742 1.123
1147.635 0.893
1148.495 0.86
1149.479 0.984
1150.572 1.093
1151.696 1.124
1152.809 1.113
1153.833 1.024
1154.807 0.974
1155.774 0.967
1156.731 0.957
1157.782 1.051
1158.78 0.998
1159.694 0.914
1160.641 0.947
1161.647 1.006
1162.656 1.009
1163.642 0.986
1164.637 0.995
1165.611 0.974
1166.465 0.854
1167.265 0.8
1168.109 0.844
1169.031 0.922
1169.984 0.953
1170.984 1.0
1171.999 1.015
1172.957 0.958
1173.834 0.877
1174.753 0.919
1175.69 0.937
1176.602 0.912
1177.592 0.99
1178.6 1.008
1179.571 0.971
1180.52 0.949
1181.423 0.903
1182.277 0.854
1183.127 0.85
1184.028 0.901
1185.013 0.985
1186.123 1.11
1187.215 1.092
1188.312 1.097
1189.404 1.092
1190.493 1.089
1191.484 0.991
1192.333 0.849
1193.178 0.845
1194.089 0.911
1194.994 0.905
1196.094 1.1
1197.179 1.085
1198.249 1.07
1199.248 0.999
1200.207 0.959
1201.118 0.911
1202.017 0.899
1202.943 0.926
1203.935 0.992
1204.99 1.055
1206.105 1.115
1207.2 1.095
1208.295 1.095
1209.387 1.092
1210.476 1.089
1211.566 1.09
1212.573 1.007
1213.514 0.941
1214.49 0.976
1215.538 1.048
1216.641 1.103
1217.722 1.081
1218.745 1.023
1219.819 1.074
1220.886 1.067
1221.983 1.097
1223.061 1.078
1224.139 1.078
1225.219 1.08
1226.302 1.083
1227.367 1.065
1228.362 0.995
1229.317 0.955
1230.281 0.964
1231.35 1.069
1232.436 1.086
1233.512 1.076
1234.587 1.075
1235.661 1.074
1236.737 1.076
1237.605 0.868
1238.426 0.821
1239.267 0.841
1240.186 0.919
1241.277 1.091
1242.36 1.083
1243.443 1.083
1244.528 1.085
1245.611 1.083
1246.63 1.019
1247.383 0.753
1248.134 0.751
1248.987 0.853
1250.075 1.088
1251.16 1.085
1252.24 1.08
1253.32 1.08
1254.401 1.081
1255.481 1.08
1256.542 1.061
1257.418 0.876
1258.347 0.929
1259.312 0.965
1260.412 1.1
1261.498 1.086
1262.582 1.084
1263.669 1.087
1264.757 1.088
1265.847 1.09
1266.937 1.09
1268.024 1.087
1268.934 0.91
1269.692 0.758
1270.444 0.752
1271.324 0.88
1272.423 1.099
1273.515 1.092
1274.608 1.093
1275.704 1.096
1276.8 1.096
1277.897 1.097
1278.923 1.026
1279.704 0.781
1280.464 0.76
1281.239 0.775
1282.132 0.893
1283.253 1.121
1284.358 1.105
1285.46 1.102
1286.567 1.107
1287.671 1.104
1288.777 1.106
1289.879 1.102
1290.851 0.972
1291.636 0.785
1292.425 0.789
1293.26 0.835
1294.228 0.968
1295.345 1.117
1296.438 1.093
1297.532 1.094
1298.629 1.097
1299.727 1.098
1300.824 1.097
1301.918 1.094
1302.894 0.976
1303.656 0.762
1304.407 0.751
1305.22 0.813
1306.32 1.1
1307.419 1.099
1308.511 1.092
1309.601 1.09
1310.691 1.09
1311.78 1.089
1312.87 1.09
1313.962 1.092
1314.964 1.002
1315.804 0.84
1316.726 0.922
1317.627 0.901
1318.476 0.849
1319.313 0.837
1320.15 0.837
1321.048 0.898
1322.166 1.118
1323.272 1.106
1324.377 1.105
1325.48 1.103
1326.582 1.102
1327.682 1.1
1328.78 1.098
1329.873 1.093
1330.91 1.037
1331.944 1.034
1332.998 1.054
1334.01 1.012
1334.96 0.95
1335.811 0.851
1336.612 0.801
1337.388 0.776
1338.162 0.774
1338.968 0.806
1339.865 0.897
1340.927 1.062
1342.059 1.132
1343.169 1.11
1344.278 1.109
1345.386 1.108
1346.46 1.074
1347.358 0.898
1348.202 0.844
1349.02 0.818
1349.863 0.843
1350.752 0.889
1351.607 0.855
1352.426 0.819
1353.26 0.834
1354.183 0.923
1355.318 1.135
1356.434 1.116
1357.549 1.115
1358.666 1.117
1359.773 1.107
1360.761 0.988
1361.702 0.941
1362.575 0.873
1363.439 0.864
1364.34 0.901
1365.344 1.004
1366.411 1.067
1367.54 1.129
1368.649 1.109
1369.757 1.108
1370.85 1.093
1371.932 1.082
1372.992 1.06
1374.014 1.022
1374.973 0.959
1375.874 0.901
1376.751 0.877
1377.627 0.876
1378.554 0.927
1379.55 0.996
1380.555 1.005
1381.607 1.052
1382.667 1.06
1383.744 1.077
1384.823 1.079
1385.892 1.069
1386.918 1.026
1387.928 1.01
1388.924 0.996
1389.82 0.896
1390.64 0.82
1391.428 0.788
1392.218 0.79
1393.052 0.834
1393.986 0.934
1395.056 1.07
1396.152 1.096
1397.212 1.06
1398.255 1.043
1399.277 1.022
1400.259 0.982
1401.198 0.939
1402.072 0.874
1403.01 0.938
1404.015 1.005
1405.029 1.014
1405.975 0.946
1406.812 0.837
1407.598 0.786
1408.362 0.764
1409.156 0.794
1410.075 0.919
1411.192 1.117
1412.308 1.116
1413.444 1.136
1414.56 1.116
1415.681 1.121
1416.715 1.034
1417.644 0.929
1418.483 0.839
1419.287 0.804
1420.155 0.868
1421.287 1.132
1422.412 1.125
1423.535 1.123
1424.657 1.122
1425.723 1.066
1426.651 0.928
1427.524 0.873
1428.392 0.868
1429.283 0.891
1430.417 1.134
1431.534 1.117
1432.649 1.115
1433.763 1.114
1434.878 1.115
1435.831 0.953
1436.731 0.9
1437.583 0.852
1438.484 0.901
1439.5 1.016
1440.587 1.087
1441.716 1.129
1442.802 1.086
1443.857 1.055
1444.865 1.008
1445.816 0.951
1446.674 0.858
1447.569 0.895
1448.519 0.95
1449.53 1.011
1450.407 0.877
1451.263 0.856
1452.174 0.911
1452.975 0.801
1453.747 0.772
1454.533 0.786
1455.37 0.837
1456.224 0.854
1457.025 0.801
1457.797 0.772
1458.595 0.798
1459.4 0.805
1460.224 0.824
1461.088 0.864
1461.958 0.87
1462.823 0.865
1463.675 0.852
1464.464 0.789
1465.238 0.774
1465.955 0.717
1466.686 0.731
1467.387 0.701
1468.065 0.678
1468.723 0.658
1469.399 0.676
1470.135 0.736
1470.648 0.513
1470.918 0.27
1471.669 0.751
1472.418 0.749
1473.164 0.746
1473.901 0.737
1474.622 0.721
1475.331 0.709
1475.632 0.301
1475.917 0.285