0.000 0.644
0.644 0.644
6.999 0.648
7.658 0.659
8.316 0.658
8.979 0.663
9.654 0.675
10.35 0.696
11.057 0.707
11.754 0.697
12.447 0.693
13.128 0.681
13.796 0.668
14.474 0.678
15.169 0.695
15.847 0.678
16.503 0.656
17.165 0.662
17.825 0.66
18.512 0.687
19.198 0.686
19.9 0.702
20.625 0.725
21.34 0.715
22.058 0.718
22.772 0.714
23.494 0.722
24.202 0.708
24.894 0.692
25.583 0.689
26.256 0.673
26.92 0.664
27.565 0.645
28.209 0.644
28.848 0.639
29.505 0.657
30.169 0.664
30.857 0.688
31.539 0.682
32.21 0.671
32.857 0.647
33.487 0.63
34.106 0.619
34.708 0.602
35.308 0.6
35.93 0.622
36.5 0.57
36.791 0.291
37.052 0.261
37.369 0.317
38.449 1.08
39.07 0.621
39.684 0.614
40.316 0.632
40.984 0.668
41.72 0.736
42.469 0.749
43.217 0.748
43.952 0.735
44.676 0.724
45.384 0.708
46.067 0.683
46.724 0.657
47.376 0.652
48.028 0.652
48.683 0.655
49.353 0.67
50.034 0.681
50.729 0.695
51.422 0.693
52.12 0.698
52.811 0.691
53.502 0.691
54.181 0.679
54.845 0.664
55.505 0.66
56.197 0.692
56.964 0.767
57.767 0.803
58.567 0.8
59.331 0.764
60.09 0.759
60.819 0.729
61.527 0.708
62.23 0.703
62.932 0.702
63.627 0.695
64.301 0.674
64.959 0.658
65.613 0.654
66.28 0.667
66.972 0.692
67.741 0.769
68.511 0.77
69.29 0.779
70.073 0.783
70.858 0.785
71.618 0.76
72.368 0.75
73.084 0.716
73.79 0.706
74.49 0.7
75.175 0.685
75.816 0.641
76.468 0.652
77.111 0.643
77.757 0.646
78.496 0.739
78.914 0.418
79.242 0.328
79.959 0.717
80.631 0.672
81.295 0.664
81.948 0.653
82.613 0.665
83.301 0.688
84.035 0.734
84.761 0.726
85.481 0.72
86.203 0.722
86.947 0.744
87.676 0.729
88.402 0.726
89.113 0.711
89.822 0.709
90.52 0.698
91.219 0.699
91.922 0.703
92.624 0.702
93.321 0.697
94.006 0.685
94.699 0.693
95.387 0.688
96.059 0.672
96.735 0.676
97.455 0.72
98.207 0.752
98.962 0.755
99.699 0.737
100.415 0.716
101.111 0.696
101.801 0.69
102.462 0.661
103.122 0.66
103.786 0.664
104.47 0.684
105.16 0.69
105.839 0.679
106.51 0.671
107.179 0.669
107.833 0.654
108.477 0.644
109.105 0.628
109.73 0.625
110.373 0.643
111.072 0.699
111.76 0.688
112.417 0.657
113.065 0.648
113.757 0.692
114.493 0.736
115.232 0.739
115.959 0.727
116.671 0.712
117.383 0.712
118.111 0.728
118.834 0.723
119.539 0.705
120.236 0.697
120.913 0.677
121.574 0.661
122.218 0.644
122.853 0.635
123.506 0.653
124.222 0.716
125.017 0.795
125.822 0.805
126.563 0.741
127.28 0.717
127.987 0.707
128.695 0.708
129.405 0.71
130.106 0.701
130.814 0.708
131.524 0.71
132.231 0.707
132.945 0.714
133.642 0.697
134.323 0.681
135.0 0.677
135.665 0.665
136.335 0.67
137.019 0.684
137.706 0.687
138.41 0.704
139.111 0.701
139.814 0.703
140.516 0.702
141.195 0.679
141.875 0.68
142.556 0.681
143.237 0.681
143.925 0.688
144.599 0.674
145.268 0.669
145.942 0.674
146.616 0.674
147.288 0.672
147.955 0.667
148.622 0.667
149.295 0.673
149.948 0.653
150.601 0.653
151.257 0.656
151.921 0.664
152.572 0.651
153.221 0.649
153.866 0.645
154.515 0.649
155.18 0.665
155.839 0.659
156.501 0.662
157.172 0.671
157.842 0.67
158.509 0.667
159.165 0.656
159.816 0.651
160.466 0.65
161.093 0.627
161.715 0.622
162.336 0.621
162.964 0.628
163.609 0.645
164.261 0.652
164.927 0.666
165.594 0.667
166.253 0.659
166.905 0.652
167.541 0.636
168.174 0.633
168.805 0.631
169.455 0.65
170.136 0.681
170.83 0.694
171.533 0.703
172.233 0.7
172.617 0.384
172.911 0.294
173.58 0.669
174.234 0.654
174.873 0.639
175.498 0.625
176.122 0.624
176.781 0.659
177.506 0.725
178.313 0.807
179.076 0.763
179.851 0.775
180.612 0.761
181.378 0.766
182.111 0.733
182.828 0.717
183.531 0.703
184.229 0.698
184.928 0.699
185.615 0.687
186.29 0.675
186.961 0.671
187.618 0.657
188.276 0.658
188.931 0.655
189.579 0.648
190.22 0.641
190.852 0.632
191.489 0.637
192.139 0.65
192.82 0.681
193.545 0.725
194.258 0.713
194.977 0.719
195.712 0.735
196.449 0.737
197.182 0.733
197.894 0.712
198.589 0.695
199.275 0.686
199.941 0.666
200.591 0.65
201.229 0.638
201.864 0.635
202.534 0.67
203.229 0.695
203.911 0.682
204.582 0.671
205.222 0.64
205.862 0.64
206.494 0.632
207.136 0.642
207.781 0.645
208.423 0.642
209.066 0.643
209.714 0.648
210.37 0.656
211.039 0.669
211.713 0.674
212.379 0.666
213.037 0.658
213.707 0.67
214.38 0.673
215.063 0.683
215.745 0.682
216.435 0.69
217.131 0.696
217.816 0.685
218.489 0.673
219.166 0.677
219.859 0.693
220.557 0.698
221.227 0.67
221.889 0.662
222.542 0.653
223.206 0.664
223.869 0.663
224.517 0.648
225.162 0.645
225.8 0.638
226.451 0.651
227.111 0.66
227.772 0.661
228.433 0.661
229.092 0.659
229.741 0.649
230.408 0.667
231.094 0.686
231.827 0.733
232.557 0.73
233.299 0.742
234.06 0.761
234.818 0.758
235.565 0.747
236.291 0.726
237.022 0.731
237.741 0.719
238.454 0.713
239.158 0.704
239.852 0.694
240.534 0.682
241.21 0.676
241.856 0.646
242.487 0.631
243.116 0.629
243.75 0.634
244.388 0.638
245.03 0.642
245.669 0.639
246.306 0.637
246.938 0.632
247.563 0.625
248.188 0.625
248.811 0.623
249.422 0.611
250.026 0.604
250.618 0.592
251.218 0.6
251.824 0.606
252.45 0.626
253.107 0.657
253.773 0.666
254.437 0.664
255.106 0.669
255.786 0.68
256.478 0.692
257.149 0.671
257.815 0.666
258.468 0.653
259.117 0.649
259.768 0.651
260.407 0.639
261.048 0.641
261.717 0.669
262.412 0.695
263.118 0.706
263.84 0.722
264.586 0.746
265.346 0.76
266.089 0.743
266.797 0.708
267.493 0.696
268.17 0.677
268.849 0.679
269.529 0.68
270.204 0.675
270.884 0.68
271.565 0.681
272.247 0.682
272.945 0.698
273.658 0.713
274.337 0.679
274.999 0.662
275.637 0.638
276.26 0.623
276.868 0.608
277.493 0.625
278.123 0.63
278.817 0.694
279.576 0.759
280.371 0.795
281.119 0.748
281.858 0.739
282.61 0.752
283.386 0.776
284.175 0.789
284.953 0.778
285.709 0.756
286.445 0.736
287.186 0.741
287.916 0.73
288.626 0.71
289.318 0.692
290.001 0.683
290.657 0.656
291.312 0.655
291.989 0.677
292.677 0.688
293.386 0.709
294.091 0.705
294.79 0.699
295.483 0.693
296.189 0.706
296.888 0.699
297.582 0.694
298.293 0.711
299.013 0.72
299.732 0.719
300.419 0.687
301.091 0.672
301.76 0.669
302.432 0.672
303.097 0.665
303.761 0.664
304.413 0.652
305.073 0.66
305.728 0.655
306.384 0.656
307.024 0.64
307.644 0.62
308.248 0.604
308.837 0.589
309.42 0.583
310.007 0.587
310.607 0.6
311.23 0.623
311.912 0.682
312.618 0.706
313.368 0.75
314.123 0.755
314.86 0.737
315.59 0.73
316.292 0.702
316.995 0.703
317.718 0.723
318.467 0.749
319.174 0.707
319.874 0.7
320.579 0.705
321.288 0.709
321.98 0.692
322.654 0.674
323.327 0.673
324.027 0.7
324.73 0.703
325.419 0.689
326.124 0.705
326.845 0.721
327.578 0.733
328.286 0.708
328.998 0.712
329.712 0.714
330.409 0.697
331.085 0.676
331.758 0.673
332.446 0.688
333.131 0.685
333.814 0.683
334.503 0.689
335.193 0.69
335.874 0.681
336.54 0.666
337.205 0.665
337.824 0.619
338.461 0.637
339.063 0.602
339.658 0.595
340.277 0.619
340.885 0.608
341.489 0.604
342.086 0.597
342.688 0.602
343.288 0.6
343.888 0.6
344.48 0.592
345.071 0.591
345.661 0.59
346.253 0.592
346.85 0.597
347.441 0.591
348.032 0.591
348.623 0.591
349.216 0.593
349.814 0.598
350.4 0.586
350.998 0.598
351.59 0.592
352.179 0.589
352.763 0.584
353.348 0.585
353.936 0.588
354.516 0.58
355.096 0.58
355.687 0.591
356.287 0.6
356.905 0.618
357.513 0.608
358.144 0.631
358.793 0.649
359.469 0.676
360.171 0.702
360.878 0.707
361.556 0.678
362.222 0.666
362.889 0.667
363.388 0.499
364.284 0.896
364.972 0.688
365.657 0.685
366.347 0.69
367.038 0.691
367.704 0.666
368.371 0.667
369.059 0.688
369.75 0.691
370.435 0.685
371.223 0.788
371.908 0.685
372.584 0.676
373.261 0.677
373.942 0.681
374.612 0.67
375.294 0.682
375.972 0.678
376.67 0.698
377.364 0.694
378.069 0.705
378.786 0.717
379.493 0.707
380.225 0.732
380.95 0.725
381.675 0.725
382.4 0.725
383.095 0.695
383.766 0.671
384.423 0.657
385.069 0.646
385.723 0.654
386.378 0.655
387.038 0.66
387.694 0.656
388.15 0.456
389.044 0.894
389.71 0.666
390.368 0.658
391.013 0.645
391.657 0.644
392.314 0.657
392.969 0.655
393.627 0.658
394.305 0.678
394.999 0.694
395.705 0.706
396.408 0.703
397.101 0.693
397.772 0.671
398.391 0.619
399.028 0.637
399.645 0.617
400.298 0.653
401.028 0.73
401.805 0.777
402.619 0.814
403.429 0.81
404.248 0.819
405.038 0.79
405.804 0.766
406.55 0.746
407.287 0.737
408.017 0.73
408.736 0.719
409.452 0.716
410.187 0.735
410.963 0.776
411.756 0.793
412.517 0.761
413.312 0.795
414.116 0.804
414.908 0.792
415.658 0.75
416.43 0.772
417.208 0.778
418.009 0.801
418.789 0.78
419.56 0.771
420.312 0.752
421.044 0.732
421.813 0.769
422.614 0.801
423.383 0.769
424.161 0.778
424.934 0.773
425.718 0.784
426.449 0.731
427.162 0.713
427.889 0.727
428.634 0.745
429.35 0.716
430.072 0.722
430.797 0.725
431.508 0.711
432.191 0.683
432.877 0.686
433.567 0.69
434.271 0.704
434.95 0.679
435.623 0.673
436.236 0.613
436.876 0.64
437.543 0.667
438.242 0.699
438.929 0.687
439.609 0.68
440.314 0.705
441.033 0.719
441.74 0.707
442.432 0.692
443.158 0.726
443.894 0.736
444.589 0.695
445.291 0.702
446.014 0.723
446.726 0.712
447.377 0.651
448.024 0.647
448.676 0.652
449.349 0.673
450.066 0.717
450.792 0.726
451.558 0.766
452.34 0.782
453.058 0.718
453.766 0.708
454.484 0.718
455.161 0.677
455.834 0.673
456.534 0.7
457.265 0.731
457.958 0.693
458.631 0.673
459.327 0.696
460.03 0.703
460.697 0.667
461.382 0.685
462.068 0.686
462.727 0.659
463.371 0.644
464.003 0.632
464.652 0.649
465.325 0.673
465.982 0.657
466.638 0.656
467.313 0.675
467.957 0.644
468.591 0.634
469.248 0.657
469.971 0.723
470.709 0.738
471.424 0.715
472.158 0.734
472.845 0.687
473.504 0.659
474.155 0.651
474.812 0.657
475.472 0.66
476.148 0.676
476.869 0.721
477.586 0.717
478.288 0.702
478.957 0.669
479.608 0.651
480.287 0.679
480.984 0.697
481.662 0.678
482.368 0.706
483.116 0.748
483.84 0.724
484.517 0.677
485.211 0.694
485.916 0.705
486.61 0.694
487.302 0.692
488.034 0.732
488.759 0.725
489.464 0.705
490.227 0.763
491.026 0.799
491.751 0.725
492.472 0.721
493.203 0.731
493.928 0.725
494.649 0.721
495.338 0.689
495.996 0.658
496.655 0.659
497.327 0.672
497.991 0.664
498.642 0.651
499.313 0.671
499.989 0.676
500.653 0.664
501.323 0.67
501.995 0.672
502.675 0.68
503.354 0.679
503.993 0.639
504.628 0.635
505.224 0.596
505.831 0.607
506.427 0.596
507.018 0.591
507.603 0.585
508.191 0.588
508.785 0.594
509.38 0.595
509.972 0.592
510.56 0.588
511.153 0.593
511.735 0.582
512.31 0.575
512.891 0.581
513.495 0.604
514.105 0.61
514.726 0.621
515.373 0.647
516.009 0.636
516.648 0.639
517.323 0.675
518.054 0.731
518.824 0.77
519.546 0.722
520.263 0.717
520.954 0.691
521.629 0.675
522.288 0.659
523.019 0.731
523.872 0.853
524.683 0.811
525.447 0.764
526.226 0.779
527.018 0.792
527.813 0.795
528.59 0.777
529.381 0.791
530.171 0.79
530.929 0.758
531.696 0.767
532.477 0.781
533.278 0.801
534.076 0.798
534.869 0.793
535.661 0.792
536.403 0.742
537.132 0.729
537.848 0.716
538.527 0.679
539.186 0.659
539.852 0.666
540.558 0.706
541.344 0.786
542.069 0.725
542.735 0.666
543.369 0.634
544.053 0.684
544.751 0.698
545.465 0.714
546.182 0.717
546.928 0.746
547.618 0.69
548.316 0.698
549.048 0.732
549.799 0.751
550.569 0.77
551.277 0.708
552.027 0.75
552.759 0.732
553.517 0.758
554.261 0.744
554.994 0.733
555.802 0.808
556.593 0.791
557.352 0.759
558.116 0.764
558.873 0.757
559.64 0.767
560.365 0.725
561.095 0.73
561.773 0.678
562.446 0.673
563.134 0.688
563.867 0.733
564.629 0.762
565.415 0.786
566.14 0.725
566.874 0.734
567.602 0.728
568.295 0.693
568.977 0.682
569.696 0.719
570.384 0.688
571.105 0.721
571.918 0.813
572.69 0.772
573.439 0.749
574.181 0.742
574.915 0.734
575.619 0.704
576.28 0.661
576.949 0.669
577.618 0.669
578.268 0.65
578.921 0.653
579.609 0.688
580.299 0.69
581.015 0.716
581.693 0.678
582.379 0.686
583.073 0.694
583.787 0.714
584.503 0.716
585.196 0.693
585.869 0.673
586.526 0.657
587.172 0.646
587.822 0.65
588.472 0.65
589.11 0.638
589.75 0.64
590.391 0.641
591.057 0.666
591.744 0.687
592.432 0.688
593.158 0.726
593.879 0.721
594.592 0.713
595.289 0.697
595.946 0.657
596.58 0.634
597.202 0.622
597.824 0.622
598.457 0.633
599.101 0.644
599.74 0.639
600.384 0.644
601.027 0.643
601.657 0.63
602.273 0.616
602.881 0.608
603.482 0.601
604.083 0.601
604.722 0.639
605.396 0.674
606.08 0.684
606.818 0.738
607.605 0.787
608.307 0.702
609.006 0.699
609.706 0.7
610.436 0.73
611.151 0.715
611.847 0.696
612.585 0.738
613.329 0.744
614.058 0.729
614.751 0.693
615.448 0.697
616.138 0.69
616.815 0.677
617.494 0.679
618.212 0.718
618.96 0.748
619.674 0.714
620.408 0.734
621.179 0.771
621.952 0.773
622.696 0.744
623.401 0.705
624.151 0.75
624.893 0.742
625.622 0.729
626.341 0.719
627.015 0.674
627.657 0.642
628.298 0.641
628.939 0.641
629.563 0.624
630.181 0.618
630.797 0.616
631.417 0.62
632.041 0.624
632.652 0.611
633.278 0.626
633.925 0.647
634.617 0.692
635.313 0.696
636.031 0.718
636.731 0.7
637.41 0.679
638.066 0.656
638.72 0.654
639.387 0.667
640.068 0.681
640.787 0.719
641.518 0.731
642.242 0.724
642.926 0.684
643.605 0.679
644.274 0.669
644.967 0.693
645.675 0.708
646.35 0.675
647.043 0.693
647.753 0.71
648.44 0.687
649.144 0.704
649.855 0.711
650.619 0.764
651.38 0.761
652.098 0.718
652.819 0.721
653.525 0.706
654.23 0.705
654.931 0.701
655.622 0.691
656.297 0.675
656.981 0.684
657.694 0.713
658.431 0.737
659.197 0.766
659.896 0.699
660.604 0.708
661.302 0.698
662.012 0.71
662.737 0.725
663.487 0.75
664.19 0.703
664.907 0.717
665.62 0.713
666.342 0.722
667.051 0.709
667.807 0.756
668.607 0.8
669.397 0.79
670.157 0.76
670.917 0.76
671.614 0.697
672.299 0.685
672.998 0.699
673.691 0.693
674.352 0.661
674.999 0.647
675.649 0.65
676.31 0.661
676.992 0.682
677.687 0.695
678.36 0.673
679.037 0.677
679.729 0.692
680.42 0.691
681.122 0.702
681.792 0.67
682.448 0.656
683.1 0.652
683.802 0.702
684.57 0.768
685.363 0.793
686.204 0.841
687.021 0.817
687.737 0.716
688.419 0.682
689.135 0.716
689.853 0.718
690.603 0.75
691.31 0.707
691.999 0.689
692.687 0.688
693.387 0.7
694.065 0.678
694.752 0.687
695.462 0.71
696.171 0.709
696.872 0.701
697.614 0.742
698.375 0.761
699.129 0.754
699.849 0.72
700.599 0.75
701.347 0.748
702.06 0.713
702.772 0.712
703.518 0.746
704.257 0.739
704.975 0.718
705.684 0.709
706.392 0.708
707.108 0.716
707.78 0.672
708.47 0.69
709.169 0.699
709.856 0.687
710.536 0.68
711.239 0.703
711.958 0.719
712.724 0.766
713.433 0.709
714.129 0.696
714.803 0.674
715.478 0.675
716.16 0.682
716.878 0.718
717.559 0.681
718.218 0.659
718.888 0.67
719.585 0.697
720.286 0.701
721.003 0.717
721.741 0.738
722.496 0.755
723.293 0.797
724.06 0.767
724.831 0.771
725.577 0.746
726.307 0.73
727.038 0.731
727.706 0.668
728.362 0.656
729.021 0.659
729.721 0.7
730.409 0.688
731.068 0.659
731.758 0.69
732.474 0.716
733.256 0.782
733.999 0.743
734.734 0.735
735.444 0.71
736.13 0.686
736.833 0.703
737.554 0.721
738.275 0.721
738.974 0.699
739.669 0.695
740.345 0.676
741.02 0.675
741.706 0.686
742.405 0.699
743.077 0.672
743.746 0.669
744.407 0.661
745.083 0.676
745.757 0.674
746.432 0.675
747.092 0.66
747.725 0.633
748.344 0.619
748.962 0.618
749.576 0.614
750.202 0.626
750.845 0.643
751.503 0.658
752.157 0.654
752.787 0.63
753.43 0.643
754.072 0.642
754.702 0.63
755.334 0.632
755.956 0.622
756.57 0.614
757.184 0.614
757.804 0.62
758.432 0.628
759.085 0.653
759.761 0.676
760.44 0.679
761.111 0.671
761.776 0.665
762.422 0.646
763.067 0.645
763.709 0.642
764.348 0.639
764.994 0.646
765.678 0.684
766.425 0.747
767.138 0.713
767.84 0.702
768.567 0.727
769.306 0.739
770.019 0.713
770.715 0.696
771.427 0.712
772.157 0.73
772.871 0.714
773.588 0.717
774.294 0.706
774.989 0.695
775.674 0.685
776.341 0.667
776.987 0.646
777.629 0.642
778.273 0.644
778.955 0.682
779.689 0.734
780.452 0.763
781.209 0.757
781.945 0.736
782.64 0.695
783.324 0.684
784.01 0.686
784.696 0.686
785.368 0.672
786.021 0.653
786.673 0.652
787.316 0.643
787.97 0.654
788.625 0.655
789.283 0.658
789.918 0.635
790.547 0.629
791.167 0.62
791.789 0.622
792.413 0.624
793.012 0.599
793.613 0.601
794.203 0.59
794.783 0.58
795.366 0.583
795.961 0.595
796.586 0.625
797.249 0.663
797.902 0.653
798.562 0.66
799.2 0.638
799.824 0.624
800.455 0.631
801.089 0.634
801.748 0.659
802.417 0.669
803.086 0.669
803.732 0.646
804.385 0.653
805.055 0.67
805.729 0.674
806.397 0.668
807.07 0.673
807.776 0.706
808.49 0.714
809.191 0.701
809.886 0.695
810.595 0.709
811.31 0.715
812.004 0.694
812.704 0.7
813.407 0.703
814.106 0.699
814.806 0.7
815.477 0.671
816.13 0.653
816.788 0.658
817.453 0.665
818.137 0.684
818.838 0.701
819.552 0.714
820.264 0.712
820.949 0.685
821.637 0.688
822.325 0.688
823.018 0.693
823.735 0.717
824.426 0.691
825.11 0.684
825.787 0.677
826.445 0.658
827.088 0.643
827.718 0.63
828.351 0.633
828.99 0.639
829.632 0.642
830.27 0.638
830.904 0.634
831.535 0.631
832.15 0.615
832.763 0.613
833.371 0.608
833.99 0.619
834.609 0.619
835.241 0.632
835.882 0.641
836.565 0.683
837.27 0.705
837.955 0.685
838.648 0.693
839.311 0.663
839.986 0.675
840.641 0.655
841.311 0.67
842.003 0.692
842.707 0.704
843.423 0.716
844.136 0.713
844.864 0.728
845.608 0.744
846.317 0.709
847.029 0.712
847.717 0.688
848.414 0.697
849.084 0.67
849.743 0.659
850.412 0.669
851.102 0.69
851.784 0.682
852.472 0.688
853.188 0.716
853.988 0.8
854.803 0.815
855.63 0.827
856.413 0.783
857.166 0.753
857.922 0.756
858.655 0.733
859.404 0.749
860.122 0.718
860.844 0.722
861.571 0.727
862.321 0.75
863.043 0.722
863.725 0.682
864.428 0.703
865.148 0.72
865.873 0.725
866.612 0.739
867.354 0.742
868.074 0.72
868.788 0.714
869.491 0.703
870.248 0.757
871.04 0.792
871.793 0.753
872.501 0.708
873.217 0.716
873.867 0.65
874.534 0.667
875.225 0.691
875.918 0.693
876.647 0.729
877.411 0.764
878.194 0.783
878.967 0.773
879.704 0.737
880.447 0.743
881.188 0.741
881.912 0.724
882.607 0.695
883.321 0.714
884.011 0.69
884.683 0.672
885.347 0.664
886.047 0.7
886.762 0.715
887.501 0.739
888.203 0.702
888.906 0.703
889.639 0.733
890.351 0.712
891.054 0.703
891.769 0.715
892.473 0.704
893.212 0.739
893.917 0.705
894.628 0.711
895.33 0.702
896.019 0.689
896.7 0.681
897.397 0.697
898.116 0.719
898.808 0.692
899.506 0.698
900.208 0.702
900.911 0.703
901.61 0.699
902.293 0.683
902.985 0.692
903.675 0.69
904.355 0.68
905.026 0.671
905.708 0.682
906.411 0.703
907.084 0.673
907.774 0.69
908.47 0.696
909.171 0.701
909.856 0.685
910.529 0.673
911.237 0.708
911.93 0.693
912.609 0.679
913.278 0.669
913.959 0.681
914.624 0.665
915.281 0.657
915.936 0.655
916.628 0.692
917.34 0.712
918.009 0.669
918.692 0.683
919.408 0.716
920.089 0.681
920.76 0.671
921.432 0.672
922.131 0.699
922.802 0.671
923.466 0.664
924.138 0.672
924.822 0.684
925.504 0.682
926.175 0.671
926.864 0.689
927.552 0.688
928.263 0.711
928.942 0.679
929.634 0.692
930.332 0.698
931.039 0.707
931.727 0.688
932.423 0.696
933.159 0.736
933.858 0.699
934.551 0.693
935.253 0.702
935.967 0.714
936.692 0.725
937.364 0.672
938.051 0.687
938.763 0.712
939.532 0.769
940.252 0.72
940.996 0.744
941.755 0.759
942.486 0.731
943.187 0.701
943.916 0.729
944.643 0.727
945.353 0.71
946.076 0.723
946.811 0.735
947.593 0.782
948.318 0.725
949.024 0.706
949.778 0.754
950.495 0.717
951.213 0.718
951.934 0.721
952.709 0.775
953.42 0.711
954.09 0.67
954.771 0.681
955.468 0.697
956.189 0.721
956.873 0.684
957.506 0.633
958.149 0.643
958.826 0.677
959.53 0.704
960.208 0.678
960.91 0.702
961.631 0.721
962.371 0.74
963.087 0.716
963.828 0.741
964.594 0.766
965.312 0.718
966.03 0.718
966.815 0.785
967.601 0.786
968.345 0.744
969.143 0.798
969.932 0.789
970.701 0.769
971.439 0.738
972.219 0.78
973.041 0.822
973.792 0.751
974.542 0.75
975.326 0.784
976.076 0.75
976.822 0.746
977.567 0.745
978.314 0.747
979.04 0.726
979.778 0.738
980.524 0.746
981.232 0.708
981.948 0.716
982.681 0.733
983.419 0.738
984.131 0.712
984.825 0.694
985.521 0.696
986.209 0.688
986.872 0.663
987.518 0.646
988.16 0.642
988.8 0.64
989.451 0.651
990.125 0.674
990.784 0.659
991.443 0.659
992.115 0.672
992.792 0.677
993.447 0.655
994.096 0.649
994.742 0.646
995.397 0.655
996.071 0.674
996.724 0.653
997.378 0.654
998.027 0.649
998.691 0.664
999.36 0.669
1000.017 0.657
1000.659 0.642
1001.284 0.625
1001.906 0.622
1002.526 0.62
1003.166 0.64
1003.814 0.648
1004.514 0.7
1005.221 0.707
1005.942 0.721
1006.62 0.678
1007.315 0.695
1008.04 0.725
1008.772 0.732
1009.499 0.727
1010.226 0.727
1010.959 0.733
1011.74 0.781
1012.47 0.73
1013.219 0.749
1013.968 0.749
1014.712 0.744
1015.434 0.722
1016.148 0.714
1016.884 0.736
1017.638 0.754
1018.348 0.71
1019.107 0.759
1019.847 0.74
1020.588 0.741
1021.288 0.7
1022.003 0.715
1022.771 0.768
1023.537 0.766
1024.248 0.711
1025.004 0.756
1025.712 0.708
1026.452 0.74
1027.149 0.697
1027.868 0.719
1028.632 0.764
1029.348 0.716
1030.073 0.725
1030.803 0.73
1031.526 0.723
1032.236 0.71
1032.932 0.696
1033.647 0.715
1034.369 0.722
1035.098 0.729
1035.821 0.723
1036.536 0.715
1037.282 0.746
1037.986 0.704
1038.692 0.706
1039.44 0.748
1040.181 0.741
1040.894 0.713
1041.573 0.679
1042.292 0.719
1043.054 0.762
1043.829 0.775
1044.651 0.822
1045.387 0.736
1046.101 0.714
1046.833 0.732
1047.541 0.708
1048.237 0.696
1048.952 0.715
1049.664 0.712
1050.38 0.716
1051.072 0.692
1051.754 0.682
1052.432 0.678
1053.121 0.689
1053.795 0.674
1054.463 0.668
1055.15 0.687
1055.846 0.696
1056.559 0.713
1057.252 0.693
1057.997 0.745
1058.772 0.775
1059.485 0.713
1060.159 0.674
1060.838 0.679
1061.551 0.713
1062.234 0.683
1062.92 0.686
1063.62 0.7
1064.313 0.693
1065.012 0.699
1065.698 0.686
1066.434 0.736
1067.176 0.742
1067.892 0.716
1068.605 0.713
1069.336 0.731
1070.046 0.71
1070.72 0.674
1071.397 0.677
1072.131 0.734
1072.852 0.721
1073.545 0.693
1074.219 0.674
1074.844 0.625
1075.501 0.657
1076.161 0.66
1076.887 0.726
1077.708 0.821
1078.45 0.742
1079.234 0.784
1079.99 0.756
1080.707 0.717
1081.429 0.722
1082.179 0.75
1082.872 0.693
1083.561 0.689
1084.257 0.696
1084.917 0.66
1085.589 0.672
1086.276 0.687
1087.007 0.731
1087.697 0.69
1088.398 0.701
1089.144 0.746
1089.893 0.749
1090.621 0.728
1091.393 0.772
1092.135 0.742
1092.893 0.758
1093.63 0.737
1094.352 0.722
1095.112 0.76
1095.813 0.701
1096.548 0.735
1097.281 0.733
1097.985 0.704
1098.681 0.696
1099.406 0.725
1100.137 0.731
1100.826 0.689
1101.5 0.674
1102.183 0.683
1102.84 0.657
1103.495 0.655
1104.158 0.663
1104.823 0.665
1105.485 0.662
1106.136 0.651
1106.781 0.645
1107.418 0.637
1108.053 0.635
1108.665 0.612
1109.274 0.609
1109.871 0.597
1110.463 0.592
1111.048 0.585
1111.627 0.579
1112.203 0.576
1112.776 0.573
1113.345 0.569
1113.915 0.57
1114.47 0.555
1115.026 0.556
1115.581 0.555
1116.141 0.56
1116.707 0.566
1117.285 0.578
1117.898 0.613
1118.584 0.686
1119.314 0.73
1120.078 0.764
1120.828 0.75
1121.528 0.7
1122.214 0.686
1122.9 0.686
1123.571 0.671
1124.219 0.648
1124.862 0.643
1125.51 0.648
1126.152 0.642
1126.79 0.638
1127.422 0.632
1128.068 0.646
1128.715 0.647
1129.355 0.64
1129.987 0.632
1130.625 0.638
1131.27 0.645
1131.914 0.644
1132.551 0.637
1133.173 0.622
1133.802 0.629
1134.434 0.632
1135.098 0.664
1135.789 0.691
1136.507 0.718
1137.19 0.683
1137.871 0.681
1138.545 0.674
1139.221 0.676
1139.889 0.668
1140.536 0.647
1141.172 0.636
1141.82 0.648
1142.465 0.645
1143.102 0.637
1143.73 0.628
1144.363 0.633
1145.002 0.639
1145.647 0.645
1146.291 0.644
1146.928 0.637
1147.561 0.633
1148.202 0.641
1148.848 0.646
1149.113 0.265
1149.477 0.364
1150.083 0.606
1150.684 0.601
1151.282 0.598
1151.89 0.608
1152.545 0.655
1153.293 0.748
1154.144 0.851
1154.981 0.837
1155.796 0.815
1156.597 0.801
1157.388 0.791
1158.148 0.76
1158.911 0.763
1159.66 0.749
1160.388 0.728
1161.1 0.712
1161.804 0.704
1162.508 0.704
1163.223 0.715
1163.93 0.707
1164.632 0.702
1165.334 0.702
1166.025 0.691
1166.71 0.685
1167.393 0.683
1168.071 0.678
1168.732 0.661
1169.378 0.646
1170.018 0.64
1170.392 0.374
1170.668 0.276
1171.309 0.641
1171.928 0.619
1172.53 0.602
1173.142 0.612
1173.76 0.618
1174.414 0.654
1175.118 0.704
1175.865 0.747
1176.612 0.747
1177.371 0.759
1178.103 0.732
1178.791 0.688
1179.416 0.625
1180.056 0.64
1180.674 0.618
1181.322 0.648
1182.048 0.726
1182.882 0.834
1183.72 0.838
1184.547 0.827
1185.354 0.807
1186.153 0.799
1186.964 0.811
1187.754 0.79
1188.54 0.786
1189.327 0.787
1190.112 0.785
1190.868 0.756
1191.624 0.756
1192.383 0.759
1193.173 0.79
1193.971 0.798
1194.786 0.815
1195.573 0.787
1196.397 0.824
1197.207 0.81
1198.024 0.817
1198.823 0.799
1199.629 0.806
1200.44 0.811
1201.24 0.8
1201.98 0.74
1202.722 0.742
1203.43 0.708
1204.134 0.704
1204.828 0.694
1205.574 0.746
1206.342 0.768
1207.122 0.78
1207.892 0.77
1208.69 0.798
1209.501 0.811
1210.287 0.786
1211.04 0.753
1211.799 0.759
1212.549 0.75
1213.297 0.748
1214.026 0.729
1214.772 0.746
1215.556 0.784
1216.332 0.776
1217.12 0.788
1217.924 0.804
1218.728 0.804
1219.491 0.763
1220.257 0.766
1221.026 0.769
1221.792 0.766
1222.534 0.742
1223.298 0.764
1224.092 0.794
1224.865 0.773
1225.63 0.765
1226.387 0.757
1227.159 0.772
1227.903 0.744
1228.669 0.766
1229.446 0.777
1230.223 0.777
1230.987 0.764
1231.773 0.786
1232.567 0.794
1233.342 0.775
1234.129 0.787
1234.929 0.8
1235.714 0.785
1236.469 0.755
1237.242 0.773
1238.024 0.782
1238.779 0.755
1239.526 0.747
1240.303 0.777
1241.104 0.801
1241.885 0.781
1242.645 0.76
1243.435 0.79
1244.222 0.787
1244.997 0.775
1245.741 0.744
1246.502 0.761
1247.293 0.791
1248.075 0.782
1248.859 0.784
1249.674 0.815
1250.478 0.804
1251.261 0.783
1252.055 0.794
1252.849 0.794
1253.622 0.773
1254.419 0.797
1255.233 0.814
1256.031 0.798
1256.803 0.772
1257.568 0.765
1258.288 0.72
1258.977 0.689
1259.671 0.694
1260.363 0.692
1261.048 0.685
1261.763 0.715
1262.534 0.771
1263.326 0.792
1264.059 0.733
1264.818 0.759
1265.537 0.719
1266.234 0.697
1266.923 0.689
1267.622 0.699
1268.324 0.702
1269.019 0.695
1269.755 0.736
1270.507 0.752
1271.235 0.728
1271.981 0.746
1272.683 0.702
1273.371 0.688
1274.075 0.704
1274.797 0.722
1275.508 0.711
1276.193 0.685
1276.893 0.7
1277.625 0.732
1278.348 0.723
1279.049 0.701
1279.747 0.698
1280.477 0.73
1281.226 0.749
1281.934 0.708
1282.648 0.714
1283.381 0.733
1284.088 0.707
1284.774 0.686
1285.496 0.722
1286.218 0.722
1286.943 0.725
1287.637 0.694
1288.331 0.694
1289.043 0.712
1289.744 0.701
1290.433 0.689
1291.154 0.721
1291.899 0.745
1292.614 0.715
1293.305 0.691
1294.021 0.716
1294.739 0.718
1295.427 0.688
1296.119 0.692
1296.858 0.739
1297.603 0.745
1298.315 0.712
1299.037 0.722
1299.797 0.76
1300.548 0.751
1301.257 0.709
1301.996 0.739
1302.755 0.759
1303.497 0.742
1304.21 0.713
1304.94 0.73
1305.694 0.754
1306.439 0.745
1307.175 0.736
1307.974 0.799
1308.843 0.869
1309.679 0.836
1310.44 0.761
1311.18 0.74
1311.898 0.718
1312.589 0.691
1313.254 0.665
1313.953 0.699
1314.692 0.739
1315.44 0.748
1316.138 0.698
1316.898 0.76
1317.673 0.775
1318.402 0.729
1319.113 0.711
1319.843 0.73
1320.553 0.71
1321.249 0.696
1321.925 0.676
1322.576 0.651
1323.215 0.639
1323.847 0.632
1324.476 0.629
1325.122 0.646
1325.768 0.646
1326.405 0.637
1327.033 0.628
1327.656 0.623
1328.287 0.631
1328.911 0.624
1329.525 0.614
1330.143 0.618
1330.774 0.631
1331.42 0.646
1332.054 0.634
1332.687 0.633
1333.329 0.642
1333.985 0.656
1334.628 0.643
1335.277 0.649
1335.939 0.662
1336.612 0.673
1337.289 0.677
1337.972 0.683
1338.61 0.638
1339.247 0.637
1339.884 0.637
1340.498 0.614
1341.119 0.621
1341.728 0.609
1342.301 0.573
1342.94 0.639
1343.551 0.611
1344.147 0.596
1344.74 0.593
1345.343 0.603
1345.949 0.606
1346.56 0.611
1347.169 0.609
1347.776 0.607
1348.371 0.595
1348.97 0.599
1349.566 0.596
1350.158 0.592
1350.743 0.585
1351.329 0.586
1351.916 0.587
1352.507 0.591
1353.096 0.589
1353.677 0.581
1354.25 0.573
1354.821 0.571
1355.394 0.573
1355.972 0.578
1356.552 0.58
1357.131 0.579
1357.714 0.583
1358.314 0.6
1358.958 0.644
1359.621 0.663
1360.266 0.645
1360.93 0.664
1361.616 0.686
1362.312 0.696
1363.024 0.712
1363.792 0.768
1364.637 0.845
1365.495 0.858
1366.28 0.785
1367.046 0.766
1367.762 0.716
1368.438 0.676
1369.097 0.659
1369.745 0.648
1370.393 0.648
1371.065 0.672
1371.763 0.698
1372.5 0.737
1373.257 0.757
1373.965 0.708
1374.668 0.703
1375.368 0.7
1376.059 0.691
1376.741 0.682
1377.428 0.687
1378.115 0.687
1378.799 0.684
1379.505 0.706
1380.209 0.704
1380.897 0.688
1381.592 0.695
1382.287 0.695
1382.982 0.695
1383.656 0.674
1384.325 0.669
1384.99 0.665
1385.653 0.663
1386.285 0.632
1386.917 0.632
1387.544 0.627
1388.176 0.632
1388.805 0.629
1389.437 0.632
1390.072 0.635
1390.715 0.643
1391.362 0.647
1392.008 0.646
1392.663 0.655
1393.323 0.66
1393.988 0.665
1394.644 0.656
1395.302 0.658
1395.966 0.664
1396.619 0.653
1397.263 0.644
1397.914 0.651
1398.575 0.661
1399.251 0.676
1399.912 0.661
1400.573 0.661
1401.238 0.665
1401.898 0.66
1402.554 0.656
1403.227 0.673
1403.915 0.688
1404.608 0.693
1405.282 0.674
1405.936 0.654
1406.568 0.632
1407.195 0.627
1407.817 0.622
1408.447 0.63
1409.086 0.639
1409.74 0.654
1410.406 0.666
1411.136 0.73
1411.923 0.787
1412.679 0.756
1413.433 0.754
1414.186 0.753
1414.905 0.719
1415.615 0.71
1416.327 0.712
1417.02 0.693
1417.719 0.699
1418.455 0.736
1419.222 0.767
1419.967 0.745
1420.732 0.765
1421.508 0.776
1422.246 0.738
1422.994 0.748
1423.757 0.763
1424.509 0.752
1425.239 0.73
1425.989 0.75
1426.758 0.769
1427.499 0.741
1428.282 0.783
1429.062 0.78
1429.862 0.8
1430.634 0.772
1431.404 0.77
1432.184 0.78
1432.957 0.773
1433.696 0.739
1434.438 0.742
1435.177 0.739
1435.904 0.727
1436.632 0.728
1437.376 0.744
1438.098 0.722
1438.792 0.694
1439.457 0.665
1440.121 0.664
1440.791 0.67
1441.46 0.669
1442.121 0.661
1442.781 0.66
1443.457 0.676
1444.151 0.694
1444.84 0.689
1445.544 0.704
1446.252 0.708
1446.961 0.709
1447.654 0.693
1448.363 0.709
1449.076 0.713
1449.765 0.689
1450.455 0.69
1451.198 0.743
1451.986 0.788
1452.754 0.768
1453.505 0.751
1454.257 0.752
1454.999 0.742
1455.704 0.705
1456.417 0.713
1457.136 0.719
1457.847 0.711
1458.555 0.708
1459.279 0.724
1460.041 0.762
1460.777 0.736
1461.496 0.719
1462.217 0.721
1462.935 0.718
1463.635 0.7
1464.341 0.706
1465.057 0.716
1465.75 0.693
1466.447 0.697
1467.155 0.708
1467.89 0.735
1468.616 0.726
1469.32 0.704
1470.036 0.716
1470.754 0.718
1471.444 0.69
1472.117 0.673
1472.78 0.663
1473.444 0.664
1474.099 0.655
1474.756 0.657
1475.406 0.65
1476.074 0.668
1476.746 0.672
1477.414 0.668
1478.097 0.683
1478.818 0.721
1479.549 0.731
1480.255 0.706
1480.97 0.715
1481.692 0.722
1482.415 0.723
1483.137 0.722
1483.88 0.743
1484.591 0.711
1485.284 0.693
1485.989 0.705
1486.703 0.714
1487.403 0.7
1488.109 0.706
1488.826 0.717
1489.537 0.711
1490.235 0.698
1490.969 0.734
1491.745 0.776
1492.492 0.747
1493.2 0.708
1493.905 0.705
1494.607 0.702
1495.298 0.691
1495.974 0.676
1496.699 0.725
1497.517 0.818
1498.346 0.829
1499.081 0.735
1499.812 0.731
1500.525 0.713
1501.25 0.725
1501.949 0.699
1502.655 0.706
1503.355 0.7
1504.022 0.667
1504.687 0.665
1505.356 0.669
1506.039 0.683
1506.709 0.67
1507.367 0.658
1508.022 0.655
1508.683 0.661
1509.353 0.67
1510.029 0.676
1510.714 0.685
1511.406 0.692
1512.077 0.671
1512.758 0.681
1513.464 0.706
1514.181 0.717
1514.872 0.691
1515.561 0.689
1516.262 0.701
1516.959 0.697
1517.66 0.701
1518.365 0.705
1519.055 0.69
1519.723 0.668
1520.387 0.664
1521.049 0.662
1521.707 0.658
1522.362 0.655
1523.026 0.664
1523.715 0.689
1524.415 0.7
1525.111 0.696
1525.806 0.695
1526.486 0.68
1527.154 0.668
1527.823 0.669
1528.499 0.676
1529.187 0.688
1529.864 0.677
1530.567 0.703
1531.297 0.73
1532.051 0.754
1532.78 0.729
1533.501 0.721
1534.205 0.704
1534.914 0.709
1535.629 0.715
1536.319 0.69
1537.002 0.683
1537.687 0.685
1538.364 0.677
1539.035 0.671
1539.688 0.653
1540.342 0.654
1541.0 0.658
1541.671 0.671
1542.344 0.673
1543.026 0.682
1543.69 0.664
1544.346 0.656
1545.004 0.658
1545.679 0.675
1546.35 0.671
1547.017 0.667
1547.69 0.673
1548.372 0.682
1549.044 0.672
1549.716 0.672
1550.384 0.668
1551.041 0.657
1551.697 0.656
1552.364 0.667
1553.037 0.673
1553.691 0.654
1554.345 0.654
1554.999 0.654
1555.675 0.676
1556.348 0.673
1557.022 0.674
1557.707 0.685
1558.396 0.689
1559.066 0.67
1559.74 0.674
1560.419 0.679
1561.098 0.679
1561.769 0.671
1562.443 0.674
1563.131 0.688
1563.824 0.693
1564.498 0.674
1565.188 0.69
1565.879 0.691
1566.568 0.689
1567.255 0.687
1567.954 0.699
1568.661 0.707
1569.35 0.689
1570.037 0.687
1570.729 0.692
1571.435 0.706
1572.119 0.684
1572.811 0.692
1573.519 0.708
1574.219 0.7
1574.899 0.68
1575.59 0.691
1576.279 0.689
1576.952 0.673
1577.633 0.681
1578.321 0.688
1579.014 0.693
1579.701 0.687
1580.381 0.68
1581.056 0.675
1581.725 0.669
1582.376 0.651
1583.024 0.648
1583.659 0.635
1584.291 0.632
1584.912 0.621
1585.531 0.619
1586.159 0.628
1586.797 0.638
1587.437 0.64
1588.077 0.64
1588.717 0.64
1589.355 0.638
1589.981 0.626
1590.602 0.621
1591.22 0.618
1591.845 0.625
1592.486 0.641
1593.126 0.64
1593.762 0.636
1594.396 0.634
1595.037 0.641
1595.688 0.651
1596.341 0.653
1596.99 0.649
1597.659 0.669
1598.322 0.663
1598.99 0.668
1599.651 0.661
1600.301 0.65
1600.934 0.633
1601.562 0.628
1602.218 0.656
1602.95 0.732
1603.769 0.819
1604.636 0.867
1605.421 0.785
1606.166 0.745
1606.892 0.726
1607.604 0.712
1608.32 0.716
1609.011 0.691
1609.69 0.679
1610.362 0.672
1611.027 0.665
1611.671 0.644
1612.314 0.643
1612.963 0.649
1613.622 0.659
1614.283 0.661
1614.941 0.658
1615.615 0.674
1616.342 0.727
1617.135 0.793
1617.885 0.75
1618.592 0.707
1619.278 0.686
1619.967 0.689
1620.64 0.673
1621.297 0.657
1621.962 0.665
1622.648 0.686
1623.34 0.692
1624.033 0.693
1624.699 0.666
1625.354 0.655
1625.989 0.635
1626.616 0.627
1627.232 0.616
1627.839 0.607
1628.462 0.623
1629.077 0.615
1629.7 0.623
1630.325 0.625
1630.952 0.627
1631.572 0.62
1632.183 0.611
1632.793 0.61
1633.403 0.61
1634.013 0.61
1634.615 0.602
1635.22 0.605
1635.836 0.616
1636.473 0.637
1637.13 0.657
1637.79 0.66
1638.46 0.67
1639.13 0.67
1639.794 0.664
1640.466 0.672
1641.142 0.676
1641.811 0.669
1642.465 0.654
1643.114 0.649
1643.746 0.632
1644.381 0.635
1645.016 0.635
1645.662 0.646
1646.343 0.681
1647.079 0.736
1647.86 0.781
1648.647 0.787
1649.486 0.839
1650.273 0.787
1651.046 0.773
1651.781 0.735
1652.495 0.714
1653.192 0.697
1653.881 0.689
1654.568 0.687
1655.235 0.667
1655.9 0.665
1656.559 0.659
1657.238 0.679
1657.903 0.665
1658.565 0.662
1659.237 0.672
1659.908 0.671
1660.583 0.675
1661.297 0.714