0.000 0.788
0.788 0.788
1.519 0.731
2.246 0.727
2.993 0.747
3.766 0.773
9.171 5.405
9.999 0.828
10.837 0.838
11.597 0.76
12.3 0.703
13.019 0.719
13.747 0.728
14.487 0.74
15.254 0.767
16.062 0.808
16.845 0.783
17.597 0.752
18.33 0.733
19.031 0.701
19.718 0.687
20.426 0.708
21.152 0.726
21.924 0.772
22.735 0.811
23.557 0.822
24.333 0.776
25.116 0.783
25.878 0.762
26.63 0.752
27.357 0.727
28.06 0.703
28.794 0.734
29.531 0.737
30.286 0.755
31.053 0.767
31.783 0.73
32.491 0.708
33.23 0.739
33.988 0.758
34.756 0.768
35.508 0.752
36.258 0.75
36.987 0.729
37.695 0.708
38.392 0.697
39.063 0.671
39.723 0.66
40.396 0.673
41.088 0.692
41.812 0.724
42.553 0.741
43.274 0.721
44.047 0.773
44.834 0.787
45.622 0.788
46.396 0.774
47.128 0.732
47.825 0.697
48.528 0.703
49.237 0.709
49.949 0.712
50.679 0.73
51.418 0.739
52.151 0.733
52.925 0.774
53.716 0.791
54.52 0.804
55.303 0.783
56.035 0.732
56.762 0.727
57.462 0.7
58.136 0.674
58.785 0.649
59.427 0.642
60.063 0.636
60.702 0.639
61.376 0.674
62.084 0.708
62.831 0.747
63.578 0.747
64.301 0.723
65.069 0.768
65.849 0.78
66.646 0.797
67.451 0.805
68.209 0.758
68.939 0.73
69.693 0.754
70.445 0.752
71.225 0.78
72.034 0.809
72.817 0.783
73.598 0.781
74.403 0.805
75.23 0.827
76.026 0.796
76.777 0.751
77.51 0.733
78.264 0.754
79.04 0.776
79.843 0.803
80.669 0.826
81.466 0.797
82.211 0.745
82.935 0.724
83.663 0.728
84.403 0.74
85.147 0.744
85.869 0.722
86.559 0.69
87.27 0.711
87.981 0.711
88.686 0.705
89.395 0.709
90.144 0.749
90.903 0.759
91.661 0.758
92.396 0.735
93.102 0.706
93.802 0.7
94.521 0.719
95.249 0.728
95.998 0.749
96.764 0.766
97.524 0.76
98.24 0.716
98.938 0.698
99.637 0.699
100.347 0.71
101.077 0.73
101.843 0.766
102.634 0.791
103.424 0.79
104.203 0.779
105.017 0.814
105.828 0.811
106.625 0.797
107.384 0.759
108.125 0.741
108.859 0.734
109.589 0.73
110.311 0.722
111.017 0.706
111.778 0.761
112.579 0.801
113.429 0.85
114.276 0.847
115.073 0.797
115.888 0.815
116.693 0.805
117.495 0.802
118.264 0.769
118.983 0.719
119.697 0.714
120.434 0.737
121.188 0.754
121.989 0.801
122.806 0.817
123.619 0.813
124.382 0.763
125.119 0.737
125.85 0.731
126.548 0.698
127.214 0.666
127.862 0.648
128.514 0.652
129.188 0.674
129.865 0.677
130.536 0.671
131.25 0.714
132.031 0.781
132.859 0.828
133.704 0.845
134.531 0.827
135.312 0.781
136.085 0.773
136.86 0.775
137.633 0.773
138.414 0.781
139.2 0.786
139.963 0.763
140.677 0.714
141.387 0.71
142.102 0.715
142.828 0.726
143.585 0.757
144.348 0.763
145.102 0.754
145.828 0.726
146.562 0.734
147.305 0.743
148.025 0.72
148.725 0.7
149.423 0.698
150.111 0.688
150.792 0.681
151.468 0.676
152.148 0.68
152.821 0.673
153.524 0.703
154.247 0.723
155.002 0.755
155.783 0.781
156.532 0.749
157.299 0.767
158.058 0.759
158.821 0.763
159.57 0.749
160.291 0.721
161.04 0.749
161.802 0.762
162.581 0.779
163.376 0.795
164.129 0.753
164.888 0.759
165.649 0.761
166.41 0.761
167.177 0.767
167.9 0.723
168.596 0.696
169.283 0.687
169.978 0.695
170.69 0.712
171.424 0.734
172.172 0.748
172.898 0.726
173.635 0.737
174.395 0.76
175.181 0.786
175.949 0.768
176.689 0.74
177.429 0.74
178.15 0.721
178.836 0.686
179.504 0.668
180.183 0.679
180.887 0.704
181.582 0.695
182.287 0.705
183.009 0.722
183.777 0.768
184.581 0.804
185.407 0.826
186.23 0.823
187.044 0.814
187.812 0.768
188.564 0.752
189.315 0.751
190.079 0.764
190.856 0.777
191.619 0.763
192.346 0.727
193.07 0.724
193.818 0.748
194.587 0.769
195.392 0.805
196.226 0.834
197.027 0.801
197.796 0.769
198.592 0.796
199.383 0.791
200.179 0.796
200.935 0.756
201.655 0.72
202.402 0.747
203.161 0.759
203.971 0.81
204.818 0.847
205.653 0.835
206.473 0.82
207.283 0.81
208.098 0.815
208.916 0.818
209.73 0.814
210.539 0.809
211.315 0.776
212.093 0.778
212.868 0.775
213.646 0.778
214.447 0.801
215.227 0.78
215.97 0.743
216.698 0.728
217.47 0.772
218.262 0.792
219.09 0.828
219.912 0.822
220.714 0.802
221.475 0.761
222.249 0.774
223.016 0.767
223.792 0.776
224.563 0.771
225.296 0.733
226.017 0.721
226.752 0.735
227.493 0.741
228.258 0.765
228.988 0.73
229.673 0.685
230.342 0.669
231.022 0.68
231.724 0.702
232.45 0.726
233.229 0.779
234.055 0.826
234.885 0.83
235.68 0.795
236.476 0.796
237.31 0.834
238.163 0.853
239.009 0.846
239.849 0.84
240.673 0.824
241.447 0.774
242.227 0.78
243.021 0.794
243.799 0.778
244.57 0.771
245.395 0.825
246.256 0.861
247.111 0.855
247.917 0.806
248.748 0.831
249.561 0.813
250.352 0.791
251.112 0.76
251.828 0.716
252.511 0.683
253.19 0.679
253.888 0.698
254.652 0.764
255.486 0.834
256.351 0.865
257.219 0.868
258.078 0.859
258.916 0.838
259.702 0.786
260.426 0.724
261.124 0.698
261.828 0.704
262.551 0.723
263.278 0.727
263.979 0.701
264.659 0.68
265.365 0.706
266.087 0.722
266.803 0.716
267.498 0.695
268.197 0.699
268.921 0.724
269.66 0.739
270.414 0.754
271.184 0.77
271.966 0.782
272.747 0.781
273.495 0.748
274.199 0.704
274.881 0.682
275.568 0.687
276.26 0.692
276.987 0.727
277.759 0.772
278.565 0.806
279.375 0.81
280.166 0.791
280.912 0.746
281.648 0.736
282.397 0.749
283.162 0.765
283.951 0.789
284.75 0.799
285.53 0.78
286.28 0.75
287.033 0.753
287.8 0.767
288.569 0.769
289.328 0.759
290.057 0.729
290.765 0.708
291.482 0.717
292.214 0.732
292.96 0.746
293.718 0.758
294.497 0.779
295.275 0.778
296.017 0.742
296.712 0.695
297.406 0.694
298.101 0.695
298.824 0.723
299.583 0.759
300.356 0.773
301.131 0.775
301.828 0.697
302.514 0.686
303.182 0.668
303.852 0.67
304.551 0.699
305.306 0.755
306.136 0.83
307.004 0.868
307.852 0.848
308.639 0.787
309.414 0.775
310.167 0.753
310.893 0.726
311.598 0.705
312.331 0.733
313.071 0.74
313.843 0.772
314.557 0.714
315.298 0.741
316.076 0.778
316.909 0.833
317.708 0.799
318.457 0.749
319.229 0.772
319.996 0.767
320.753 0.757
321.497 0.744
322.191 0.694
322.879 0.688
323.565 0.686
324.262 0.697
324.947 0.685
325.682 0.735
326.436 0.754
327.18 0.744
327.886 0.706
328.597 0.711
329.349 0.752
330.119 0.77
330.857 0.738
331.558 0.701
332.225 0.667
332.872 0.647
333.498 0.626
334.107 0.609
334.709 0.602
335.322 0.613
335.962 0.64
336.681 0.719
337.485 0.804
338.314 0.829
339.161 0.847
340.031 0.87
340.906 0.875
341.773 0.867
342.641 0.868
343.523 0.882
344.4 0.877
345.251 0.851
346.07 0.819
346.896 0.826
347.704 0.808
348.53 0.826
349.343 0.813
350.193 0.85
351.064 0.871
351.871 0.807
352.595 0.724
353.398 0.803
354.135 0.737
354.833 0.698
355.547 0.714
356.244 0.697
356.978 0.734
357.718 0.74
358.467 0.749
359.189 0.722
359.947 0.758
360.733 0.786
361.506 0.773
362.263 0.757
363.008 0.745
363.757 0.749
364.532 0.775
365.297 0.765
366.028 0.731
366.789 0.761
367.554 0.765
368.302 0.748
369.025 0.723
369.776 0.751
370.565 0.789
371.367 0.802
372.189 0.822
373.047 0.858
373.914 0.867
374.784 0.87
375.644 0.86
376.431 0.787
377.229 0.798
378.046 0.817
378.862 0.816
379.666 0.804
380.524 0.858
381.373 0.849
382.176 0.803
382.942 0.766
383.738 0.796
384.543 0.805
385.346 0.803
386.167 0.821
387.042 0.875
387.925 0.883
388.77 0.845
389.628 0.858
390.47 0.842
391.267 0.797
392.052 0.785
392.832 0.78
393.59 0.758
394.359 0.769
395.137 0.778
395.939 0.802
396.751 0.812
397.561 0.81
398.318 0.757
399.107 0.789
399.918 0.811
400.708 0.79
401.503 0.795
402.363 0.86
403.212 0.849
404.034 0.822
404.879 0.845
405.704 0.825
406.491 0.787
407.269 0.778
408.059 0.79
408.88 0.821
409.709 0.829
410.528 0.819
411.397 0.869
412.263 0.866
413.098 0.835
413.9 0.802
414.712 0.812
415.544 0.832
416.394 0.85
417.211 0.817
418.034 0.823
418.889 0.855
419.693 0.804
420.481 0.788
421.325 0.844
422.142 0.817
422.882 0.74
423.621 0.739
424.347 0.726
425.129 0.782
425.978 0.849
426.865 0.887
427.703 0.838
428.539 0.836
429.388 0.849
430.242 0.854
431.102 0.86
431.924 0.822
432.739 0.815
433.538 0.799
434.33 0.792
435.129 0.799
435.995 0.866
436.897 0.902
437.794 0.897
438.701 0.907
439.617 0.916
440.529 0.912
441.35 0.821
442.187 0.837
443.005 0.818
443.78 0.775
444.56 0.78
445.378 0.818
446.203 0.825
447.018 0.815
447.836 0.818
448.688 0.852
449.573 0.885
450.439 0.866
451.298 0.859
452.166 0.868
453.049 0.883
453.866 0.817
454.708 0.842
455.578 0.87
456.415 0.837
457.23 0.815
458.075 0.845
458.949 0.874
459.849 0.9
460.682 0.833
461.514 0.832
462.34 0.826
463.158 0.818
463.94 0.782
464.757 0.817
465.583 0.826
466.454 0.871
467.315 0.861
468.157 0.842
468.92 0.763
469.641 0.721
470.387 0.746
471.153 0.766
471.926 0.773
472.719 0.793
473.563 0.844
474.434 0.871
475.295 0.861
476.178 0.883
477.032 0.854
477.863 0.831
478.64 0.777
479.437 0.797
480.273 0.836
481.126 0.853
481.944 0.818
482.755 0.811
483.57 0.815
484.385 0.815
485.195 0.81
485.973 0.778
486.758 0.785
487.553 0.795
488.358 0.805
489.143 0.785
489.903 0.76
490.681 0.778
491.464 0.783
492.276 0.812
493.084 0.808
493.899 0.815
494.737 0.838
495.584 0.847
496.391 0.807
497.21 0.819
498.014 0.804
498.813 0.799
499.6 0.787
500.388 0.788
501.185 0.797
502.016 0.831
502.8 0.784
503.596 0.796
504.389 0.793
505.173 0.784
505.933 0.76
506.717 0.784
507.519 0.802
508.348 0.829
509.171 0.823
510.003 0.832
510.851 0.848
511.664 0.813
512.457 0.793
513.237 0.78
514.033 0.796
514.817 0.784
515.618 0.801
516.402 0.784
517.218 0.816
518.03 0.812
518.855 0.825
519.667 0.812
520.495 0.828
521.361 0.866
522.201 0.84
523.011 0.81
523.828 0.817
524.632 0.804
525.417 0.785
526.219 0.802
527.04 0.821
527.862 0.822
528.649 0.787
529.452 0.803
530.244 0.792
531.034 0.79
531.799 0.765
532.591 0.792
533.38 0.789
534.177 0.797
534.935 0.758
535.633 0.698
536.34 0.707
537.051 0.711
537.769 0.718
538.479 0.71
539.223 0.744
540.007 0.784
540.83 0.823
541.643 0.813
542.447 0.804
543.224 0.777
543.986 0.762
544.736 0.75
545.485 0.749
546.228 0.743
546.993 0.765
547.743 0.75
548.524 0.781
549.349 0.825
550.164 0.815
550.987 0.823
551.827 0.84
552.656 0.829
553.462 0.806
554.261 0.799
555.043 0.782
555.804 0.761
556.55 0.746
557.32 0.77
558.086 0.766
558.857 0.771
559.63 0.773
560.415 0.785
561.255 0.84
562.097 0.842
562.911 0.814
563.684 0.773
564.456 0.772
565.208 0.752
565.942 0.734
566.666 0.724
567.415 0.749
568.139 0.724
568.823 0.684
569.53 0.707
570.284 0.754
571.019 0.735
571.786 0.767
572.597 0.811
573.416 0.819
574.239 0.823
575.034 0.795
575.83 0.796
576.617 0.787
577.396 0.779
578.157 0.761
578.92 0.763
579.674 0.754
580.423 0.749
581.174 0.751
581.957 0.783
582.746 0.789
583.528 0.782
584.312 0.784
585.06 0.748
585.825 0.765
586.598 0.773
587.338 0.74
588.086 0.748
588.865 0.779
589.629 0.764
590.385 0.756
591.137 0.752
591.897 0.76
592.653 0.756
593.412 0.759
594.169 0.757
594.949 0.78
595.749 0.8
596.554 0.805
597.331 0.777
598.089 0.758
598.833 0.744
599.555 0.722
600.31 0.755
601.084 0.774
601.857 0.773
602.629 0.772
603.433 0.804
604.223 0.79
604.984 0.761
605.752 0.768
606.499 0.747
607.242 0.743
607.98 0.738
608.74 0.76
609.51 0.77
610.284 0.774
611.082 0.798
611.871 0.789
612.648 0.777
613.436 0.788
614.218 0.782
615.016 0.798
615.782 0.766
616.558 0.776
617.312 0.754
618.045 0.733
618.777 0.732
619.489 0.712
620.193 0.704
620.857 0.664
621.489 0.632
622.124 0.635
622.764 0.64
623.417 0.653
624.089 0.672
624.794 0.705
625.489 0.695
626.185 0.696
626.893 0.708
627.603 0.71
628.319 0.716
629.036 0.717
629.759 0.723
630.444 0.685
631.11 0.666
631.782 0.672
632.469 0.687
633.17 0.701
633.92 0.75
634.662 0.742
635.434 0.772
636.218 0.784
636.983 0.765
637.764 0.781
638.548 0.784
639.325 0.777
640.079 0.754
640.819 0.74
641.57 0.751
642.312 0.742
643.065 0.753
643.842 0.777
644.602 0.76
645.381 0.779
646.191 0.81
647.015 0.824
647.818 0.803
648.646 0.828
649.485 0.839
650.329 0.844
651.13 0.801
651.922 0.792
652.704 0.782
653.459 0.755
654.173 0.714
654.895 0.722
655.662 0.767
656.468 0.806
657.257 0.789
657.978 0.721
658.687 0.709
659.384 0.697
660.062 0.678
660.721 0.659
661.348 0.627
661.978 0.63
662.615 0.637
663.271 0.656
663.97 0.699
664.688 0.718
665.455 0.767
666.269 0.814
667.093 0.824
667.885 0.792
668.688 0.803
669.472 0.784
670.243 0.771
670.991 0.748
671.757 0.766
672.557 0.8
673.391 0.834
674.181 0.79
674.995 0.814
675.778 0.783
676.524 0.746
677.259 0.735
677.997 0.738
678.814 0.817
679.656 0.842
680.483 0.827
681.277 0.794
682.03 0.753
682.752 0.722
683.445 0.693
684.107 0.662
684.751 0.644
685.41 0.659
686.072 0.662
686.745 0.673
687.436 0.691
688.139 0.703
688.855 0.716
689.564 0.709
690.27 0.706
690.954 0.684
691.619 0.665
692.278 0.659
692.945 0.667
693.636 0.691
694.338 0.702
695.075 0.737
695.836 0.761
696.603 0.767
697.329 0.726
698.017 0.688
698.681 0.664
699.346 0.665
700.026 0.68
700.735 0.709
701.482 0.747
702.26 0.778
703.007 0.747
703.801 0.794
704.6 0.799
705.354 0.754
706.114 0.76
706.879 0.765
707.651 0.772
708.439 0.788
709.235 0.796
710.051 0.816
710.88 0.829
711.726 0.846
712.531 0.805
713.323 0.792
714.115 0.792
714.908 0.793
715.673 0.765
716.396 0.723
717.124 0.728
717.844 0.72
718.547 0.703
719.248 0.701
719.999 0.751
720.737 0.738
721.478 0.741
722.199 0.721
722.875 0.676
723.563 0.688
724.232 0.669
724.887 0.655
725.555 0.668
726.236 0.681
726.939 0.703
727.657 0.718
728.391 0.734
729.143 0.752
729.884 0.741
730.596 0.712
731.313 0.717
732.024 0.711
732.733 0.709
733.457 0.724
734.172 0.715
734.926 0.754
735.692 0.766
736.463 0.771
737.214 0.751
737.97 0.756
738.739 0.769
739.504 0.765
740.28 0.776
741.038 0.758
741.796 0.758
742.575 0.779
743.363 0.788
744.127 0.764
744.912 0.785
745.651 0.739
746.39 0.739
747.093 0.703
747.81 0.717
748.548 0.738
749.327 0.779
750.163 0.836
750.998 0.835
751.856 0.858
752.699 0.843
753.526 0.827
754.307 0.781
755.068 0.761
755.815 0.747
756.534 0.719
757.249 0.715
757.983 0.734
758.735 0.752
759.514 0.779
760.322 0.808
761.175 0.853
762.06 0.885
762.923 0.863
763.756 0.833
764.583 0.827
765.374 0.791
766.123 0.749
766.867 0.744
767.6 0.733
768.336 0.736
769.075 0.739
769.793 0.718
770.525 0.732
771.274 0.749
772.035 0.761
772.788 0.753
773.507 0.719
774.227 0.72
774.953 0.726
775.674 0.721
776.398 0.724
777.087 0.689
777.783 0.696
778.473 0.69
779.144 0.671
779.788 0.644
780.448 0.66
781.133 0.685
781.896 0.763
782.659 0.763
783.429 0.77
784.185 0.756
784.959 0.774
785.732 0.773
786.489 0.757
787.214 0.725
787.928 0.714
788.67 0.742
789.42 0.75
790.198 0.778
790.998 0.8
791.759 0.761
792.507 0.748
793.271 0.764
794.026 0.755
794.792 0.766
795.563 0.771
796.317 0.754
797.062 0.745
797.795 0.733
798.52 0.725
799.282 0.762
800.064 0.782
800.882 0.818
801.689 0.807
802.454 0.765
803.237 0.783
803.992 0.755
804.717 0.725
805.45 0.733
806.197 0.747
806.969 0.772
807.764 0.795
808.545 0.781
809.346 0.801
810.153 0.807
810.917 0.764
811.649 0.732
812.373 0.724
813.087 0.714
813.798 0.711
814.498 0.7
815.226 0.728
815.985 0.759
816.769 0.784
817.568 0.799
818.37 0.802
819.169 0.799
819.974 0.805
820.751 0.777
821.507 0.756
822.222 0.715
822.916 0.694
823.598 0.682
824.3 0.702
824.991 0.691
825.674 0.683
826.356 0.682
827.044 0.688
827.761 0.717
828.543 0.782
829.375 0.832
830.206 0.831
831.118 0.912
832.069 0.951
833.002 0.933
833.917 0.915
834.798 0.881
835.673 0.875
836.505 0.832
837.328 0.823
838.129 0.801
838.907 0.778
839.681 0.774
840.458 0.777
841.232 0.774
842.017 0.785
842.77 0.753
843.52 0.75
844.251 0.731
844.975 0.724
845.713 0.738
846.452 0.739
847.208 0.756
847.979 0.771
848.741 0.762
849.493 0.752
850.233 0.74
850.961 0.728
851.678 0.717
852.385 0.707
853.089 0.704
853.826 0.737
854.578 0.752
855.337 0.759
856.053 0.716
856.775 0.722
857.499 0.724
858.2 0.701
858.867 0.667
859.534 0.667
860.208 0.674
860.899 0.691
861.589 0.69
862.293 0.704
863.022 0.729
863.765 0.743
864.527 0.762
865.279 0.752
866.017 0.738
866.775 0.758
867.532 0.757
868.287 0.755
869.039 0.752
869.761 0.722
870.477 0.716
871.202 0.725
871.938 0.736
872.646 0.708
873.349 0.703
874.06 0.711
874.783 0.723
875.555 0.772
876.353 0.798
877.188 0.835
878.04 0.852
878.889 0.849
879.707 0.818
880.519 0.812
881.303 0.784
882.065 0.762
882.811 0.746
883.549 0.738
884.272 0.723
884.987 0.715
885.7 0.713
886.432 0.732
887.179 0.747
887.928 0.749
888.676 0.748
889.426 0.75
890.18 0.754
890.941 0.761
891.668 0.727
892.405 0.737
893.154 0.749
893.893 0.739
894.632 0.739
895.366 0.734
896.116 0.75
896.872 0.756
897.632 0.76
898.393 0.761
899.167 0.774
899.909 0.742
900.624 0.715
901.33 0.706
902.04 0.71
902.747 0.707
903.444 0.697
904.117 0.673
904.765 0.648
905.415 0.65
906.08 0.665
906.778 0.698
907.494 0.716
908.227 0.733
909.007 0.78
909.811 0.804
910.628 0.817
911.43 0.802
912.238 0.808
913.047 0.809
913.837 0.79
914.588 0.751
915.333 0.745
916.059 0.726
916.778 0.719
917.485 0.707
918.204 0.719
918.968 0.764
919.74 0.772
920.499 0.759
921.269 0.77
921.999 0.73
922.696 0.697
923.382 0.686
924.058 0.676
924.709 0.651
925.329 0.62
925.953 0.624
926.57 0.617
927.178 0.608
927.786 0.608
928.385 0.599
928.983 0.598
929.583 0.6
930.163 0.58
930.73 0.567
931.299 0.569
931.863 0.564
932.424 0.561
932.989 0.565
933.557 0.568
934.126 0.569