0.000 2.32
2.32 2.32
2.999 0.679
3.705 0.706
4.448 0.743
5.237 0.789
5.991 0.754
6.786 0.795
7.576 0.79
8.367 0.791
9.156 0.789
9.944 0.788
10.738 0.794
11.576 0.838
12.41 0.834
13.222 0.812
14.044 0.822
14.847 0.803
15.642 0.795
16.44 0.798
17.233 0.793
18.024 0.791
18.821 0.797
19.652 0.831
20.453 0.801
21.262 0.809
22.046 0.784
22.789 0.743
23.543 0.754
24.294 0.751
25.012 0.718
25.731 0.719
26.475 0.744
27.298 0.823
28.189 0.891
29.037 0.848
29.905 0.868
30.81 0.905
31.737 0.927
32.64 0.903
33.483 0.843
34.274 0.791
35.076 0.802
35.899 0.823
36.774 0.875
37.676 0.902
38.539 0.863
39.413 0.874
40.291 0.878
41.184 0.893
42.05 0.866
42.863 0.813
43.697 0.834
44.542 0.845
45.426 0.884
46.293 0.867
47.123 0.83
47.97 0.847
48.819 0.849
49.661 0.842
50.456 0.795
51.263 0.807
52.059 0.796
52.888 0.829
53.733 0.845
54.557 0.824
55.414 0.857
56.305 0.891
57.198 0.893
58.04 0.842
58.877 0.837
59.721 0.844
60.559 0.838
61.388 0.829
62.209 0.821
63.052 0.843
63.92 0.868
64.824 0.904
65.707 0.883
66.568 0.861
67.452 0.884
68.314 0.862
69.136 0.822
69.963 0.827
70.779 0.816
71.599 0.82
72.415 0.816
73.244 0.829
74.083 0.839
74.913 0.83
75.73 0.817
76.552 0.822
77.377 0.825
78.176 0.799
78.973 0.797
79.774 0.801
80.572 0.798
81.364 0.792
82.125 0.761
82.912 0.787
83.707 0.795
84.529 0.822
85.328 0.799
86.122 0.794
86.914 0.792
87.701 0.787
88.464 0.763
89.233 0.769
90.014 0.781
90.818 0.804
91.643 0.825
92.481 0.838
93.32 0.839
94.158 0.838
94.968 0.81
95.766 0.798
96.556 0.79
97.342 0.786
98.117 0.775
98.917 0.8
99.729 0.812
100.54 0.811
101.384 0.844
102.218 0.834
103.031 0.813
103.801 0.77
104.562 0.761
105.368 0.806
106.194 0.826
107.069 0.875
107.953 0.884
108.827 0.874
109.672 0.845
110.495 0.823
111.293 0.798
112.055 0.762
112.823 0.768
113.573 0.75
114.305 0.732
115.022 0.717
115.713 0.691
116.391 0.678
117.08 0.689
117.792 0.712
118.582 0.79
119.405 0.823
120.203 0.798
120.983 0.78
121.785 0.802
122.593 0.808
123.4 0.807
124.207 0.807
125.01 0.803
125.802 0.792
126.597 0.795
127.39 0.793
128.182 0.792
128.982 0.8
129.774 0.792
130.561 0.787
131.35 0.789
132.141 0.791
132.952 0.811
133.763 0.811
134.55 0.787
135.344 0.794
136.122 0.778
136.894 0.772
137.67 0.776
138.426 0.756
139.184 0.758
139.93 0.746
140.688 0.758
141.458 0.77
142.22 0.762
143.001 0.781
143.781 0.78
144.57 0.789
145.35 0.78
146.134 0.784
146.918 0.784
147.708 0.79
148.484 0.776
149.237 0.753
149.992 0.755
150.736 0.744
151.478 0.742
152.206 0.728
152.953 0.747
153.71 0.757
154.496 0.786
155.274 0.778
156.063 0.789
156.853 0.79
157.632 0.779
158.378 0.746
159.125 0.747
159.859 0.734
160.585 0.726
161.321 0.736
162.067 0.746
162.837 0.77
163.613 0.776
164.391 0.778
165.182 0.791
165.986 0.804
166.774 0.788
167.531 0.757
168.285 0.754
169.015 0.73
169.729 0.714
170.416 0.687
171.114 0.698
171.811 0.697
172.534 0.723
173.287 0.753
174.044 0.757
174.816 0.772
175.6 0.784
176.34 0.74
177.09 0.75
177.826 0.736
178.556 0.73
179.249 0.693
179.919 0.67
180.563 0.644
181.221 0.658
181.946 0.725
182.73 0.784
183.554 0.824
184.368 0.814
185.161 0.793
185.911 0.75
186.655 0.744
187.366 0.711
188.052 0.686
188.71 0.658
189.334 0.624
189.968 0.634
190.598 0.63
191.259 0.661
191.954 0.695
192.652 0.698
193.377 0.725
194.172 0.795
195.018 0.846
195.837 0.819
196.671 0.834
197.514 0.843
198.323 0.809
199.155 0.832
199.984 0.829
200.736 0.752
201.458 0.722
202.147 0.689
202.82 0.673
203.5 0.68
204.234 0.734
205.025 0.791
205.854 0.829
206.624 0.77
207.362 0.738
208.072 0.71
208.762 0.69
209.449 0.687
210.169 0.72
210.909 0.74
211.703 0.794
212.525 0.822
213.368 0.843
214.193 0.825
215.02 0.827
215.838 0.818
216.618 0.78
217.401 0.783
218.198 0.797
219.03 0.832
219.83 0.8
220.653 0.823
221.476 0.823
222.262 0.786
223.059 0.797
223.868 0.809
224.691 0.823
225.48 0.789
226.287 0.807
227.097 0.81
227.906 0.809
228.674 0.768
229.45 0.776
230.227 0.777
231.018 0.791
231.82 0.802
232.597 0.777
233.395 0.798
234.19 0.795
235.0 0.81
235.777 0.777
236.569 0.792
237.367 0.798
238.175 0.808
238.947 0.772
239.731 0.784
240.516 0.785
241.316 0.8
242.109 0.793
242.915 0.806
243.722 0.807
244.524 0.802
245.299 0.775
246.094 0.795
246.881 0.787
247.667 0.786
248.427 0.76
249.208 0.781
249.988 0.78
250.777 0.789
251.543 0.766
252.317 0.774
253.054 0.737
253.787 0.733
254.49 0.703
255.154 0.664
255.845 0.691
256.53 0.685
257.312 0.782
258.191 0.879
259.031 0.84
259.82 0.789
260.648 0.828
261.446 0.798
262.232 0.786
262.977 0.745
263.713 0.736
264.444 0.731
265.179 0.735
265.945 0.766
266.678 0.733
267.437 0.759
268.202 0.765
268.958 0.756
269.692 0.734
270.46 0.768
271.24 0.78
272.021 0.781
272.773 0.752
273.483 0.71
274.203 0.72
274.925 0.722
275.694 0.769
276.44 0.746
277.199 0.759
277.965 0.766
278.756 0.791
279.531 0.775
280.269 0.738
281.03 0.761
281.781 0.751
282.553 0.772
283.35 0.797
284.114 0.764
284.927 0.813
285.759 0.832
286.635 0.876
287.485 0.85
288.321 0.836
289.155 0.834
289.954 0.799
290.732 0.778
291.475 0.743
292.227 0.752
292.973 0.746
293.739 0.766
294.497 0.758
295.249 0.752
296.028 0.779
296.82 0.792
297.628 0.808
298.409 0.781
299.222 0.813
300.03 0.808
300.845 0.815
301.625 0.78
302.43 0.805
303.235 0.805
304.067 0.832
304.87 0.803
305.686 0.816
306.498 0.812
307.293 0.795
308.074 0.781
308.835 0.761
309.589 0.754
310.32 0.731
311.028 0.708
311.722 0.694
312.433 0.711
313.147 0.714
313.898 0.751
314.659 0.761
315.409 0.75
316.188 0.779
316.959 0.771
317.721 0.762
318.487 0.766
319.238 0.751
319.98 0.742
320.704 0.724
321.434 0.73
322.16 0.726
322.861 0.701
323.59 0.729
324.314 0.724
325.059 0.745
325.8 0.741
326.542 0.742
327.287 0.745
328.031 0.744
328.76 0.729
329.463 0.703
330.189 0.726
330.909 0.72
331.643 0.734
332.4 0.757
333.129 0.729
333.878 0.749
334.614 0.736
335.344 0.73
336.058 0.714
336.751 0.693
337.446 0.695
338.124 0.678
338.815 0.691
339.505 0.69
340.211 0.706
340.91 0.699
341.629 0.719
342.367 0.738
343.124 0.757
343.884 0.76
344.617 0.733
345.359 0.742
346.102 0.743
346.847 0.745
347.594 0.747
348.33 0.736
349.055 0.725
349.783 0.728
350.495 0.712
351.214 0.719
351.928 0.714
352.663 0.735
353.426 0.763
354.166 0.74
354.924 0.758
355.696 0.772
356.454 0.758
357.18 0.726
357.915 0.735
358.628 0.713
359.34 0.712
360.034 0.694
360.725 0.691
361.45 0.725
362.219 0.769
362.993 0.774
363.764 0.771
364.543 0.779
365.311 0.768
366.059 0.748
366.783 0.724
367.506 0.723
368.219 0.713
368.931 0.712
369.631 0.7
370.304 0.673
371.016 0.712
371.757 0.741
372.524 0.767
373.266 0.742
374.029 0.763
374.785 0.756
375.53 0.745
376.223 0.693
376.895 0.672
377.545 0.65
378.248 0.703
379.035 0.787
379.885 0.85
380.769 0.884
381.621 0.852
382.46 0.839
383.265 0.805
384.044 0.779
384.807 0.763
385.548 0.741
386.267 0.719
386.971 0.704
387.668 0.697
388.354 0.686
389.056 0.702
389.775 0.719
390.536 0.761
391.325 0.789
392.168 0.843
393.009 0.841
393.814 0.805
394.633 0.819
395.432 0.799
396.22 0.788
396.968 0.748
397.733 0.765
398.477 0.744
399.224 0.747
399.947 0.723
400.705 0.758
401.449 0.744
402.175 0.726
402.895 0.72
403.614 0.719
404.317 0.703
404.996 0.679
405.682 0.686
406.348 0.666
407.058 0.71
407.791 0.733
408.555 0.764
409.302 0.747
410.061 0.759
410.856 0.795
411.648 0.792
412.443 0.795
413.216 0.773
413.999 0.783
414.781 0.782
415.581 0.8
416.346 0.765
417.098 0.752
417.881 0.783
418.688 0.807
419.476 0.788
420.255 0.779
421.071 0.816
421.87 0.799
422.66 0.79
423.435 0.775
424.238 0.803
425.035 0.797
425.821 0.786
426.611 0.79
427.4 0.789
428.171 0.771
428.92 0.749
429.681 0.761
430.447 0.766
431.185 0.738
431.946 0.761
432.699 0.753
433.458 0.759
434.181 0.723
434.939 0.758
435.698 0.759
436.442 0.744
437.151 0.709
437.894 0.743
438.646 0.752
439.418 0.772
440.182 0.764
440.964 0.782
441.737 0.773
442.488 0.751
443.212 0.724
443.947 0.735
444.679 0.732
445.441 0.762
446.177 0.736
446.897 0.72
447.668 0.771
448.455 0.787
449.264 0.809
450.042 0.778
450.828 0.786
451.632 0.804
452.45 0.818
453.201 0.751
453.96 0.759
454.722 0.762
455.496 0.774
456.253 0.757
457.007 0.754
457.81 0.803
458.629 0.819
459.458 0.829
460.242 0.784
461.072 0.83
461.898 0.826
462.698 0.8
463.443 0.745
464.199 0.756
464.947 0.748
465.695 0.748
466.412 0.717
467.107 0.695
467.841 0.734
468.594 0.753
469.354 0.76
470.095 0.741
470.87 0.775
471.656 0.786
472.447 0.791
473.186 0.739
473.971 0.785
474.755 0.784
475.558 0.803
476.344 0.786
477.156 0.812
477.985 0.829
478.837 0.852
479.645 0.808
480.47 0.825
481.304 0.834
482.107 0.803
482.865 0.758
483.672 0.807
484.477 0.805
485.311 0.834
486.096 0.785
486.915 0.819
487.765 0.85
488.65 0.885
489.48 0.83
490.315 0.835
491.125 0.81
491.919 0.794
492.66 0.741
493.425 0.765
494.198 0.773
495.043 0.845
495.868 0.825
496.705 0.837
497.591 0.886
498.503 0.912
499.336 0.833
500.189 0.853
501.045 0.856
501.883 0.838
502.665 0.782
503.475 0.81
504.274 0.799
505.107 0.833
505.903 0.796
506.755 0.852
507.64 0.885
508.491 0.851
509.293 0.802
510.143 0.85
510.98 0.837
511.793 0.813
512.597 0.804
513.456 0.859
514.316 0.86
515.143 0.827
515.971 0.828
516.793 0.822
517.621 0.828
518.185 0.564
519.189 1.004
520.005 0.816
520.809 0.804
521.597 0.788
522.426 0.829
523.262 0.836
524.114 0.852
524.914 0.8
525.746 0.832
526.577 0.831
527.367 0.79
528.152 0.785
528.966 0.814
529.786 0.82
530.581 0.795
531.428 0.847
532.28 0.852
533.071 0.791
533.87 0.799
534.679 0.809
535.488 0.809
536.306 0.818
537.105 0.799
537.936 0.831
538.778 0.842
539.619 0.841
540.463 0.844
541.325 0.862
542.183 0.858
542.994 0.811
543.819 0.825
544.631 0.812
545.403 0.772
546.214 0.811
547.006 0.792
547.809 0.803
548.625 0.816
549.451 0.826
550.273 0.822
551.05 0.777
551.788 0.738
552.57 0.782
553.352 0.782
554.169 0.817
554.971 0.802
555.786 0.815
556.634 0.848
557.487 0.853
558.304 0.817
559.149 0.845
560.005 0.856
560.859 0.854
561.679 0.82
562.521 0.842
563.342 0.821
564.144 0.802
564.939 0.795
565.764 0.825
566.606 0.842
567.432 0.826
568.251 0.819
569.078 0.827
569.899 0.821
570.712 0.813
571.483 0.771
572.267 0.784
573.038 0.771
573.793 0.755
574.562 0.769
575.383 0.821
576.226 0.843
577.069 0.843
577.876 0.807
578.718 0.842
579.558 0.84
580.352 0.794
581.103 0.751
581.839 0.736
582.62 0.781
583.478 0.858
584.382 0.904
585.279 0.897
586.204 0.925
587.12 0.916
588.003 0.883
588.858 0.855
589.668 0.81
590.476 0.808
591.28 0.804
592.093 0.813
592.898 0.805
593.699 0.801
594.537 0.838
595.367 0.83
596.227 0.86
597.046 0.819
597.89 0.844
598.727 0.837
599.533 0.806
600.337 0.804
601.124 0.787
601.878 0.754
602.677 0.799
603.481 0.804
604.265 0.784
605.091 0.826
605.915 0.824
606.731 0.816
607.561 0.83
608.39 0.829
609.213 0.823
609.998 0.785
610.794 0.796
611.576 0.782
612.334 0.758
613.102 0.768
613.89 0.788
614.673 0.783
615.433 0.76
616.164 0.731
616.882 0.718
617.619 0.737
618.383 0.764
619.168 0.785
619.927 0.759
620.735 0.808
621.556 0.821
622.37 0.814
623.162 0.792
623.977 0.815
624.789 0.812
625.608 0.819
626.389 0.781
627.203 0.814
628.035 0.832
628.83 0.795
629.64 0.81
630.457 0.817
631.287 0.83
632.076 0.789
632.867 0.791
633.66 0.793
634.475 0.815
635.266 0.791
636.071 0.805
636.883 0.812
637.679 0.796
638.432 0.753
639.206 0.774
639.947 0.741
640.683 0.736
641.433 0.75
642.209 0.776
643.014 0.805
643.834 0.82
644.688 0.854
645.551 0.863
646.363 0.812
647.192 0.829
648.006 0.814
648.783 0.777
649.578 0.795
650.368 0.79
651.152 0.784
652.01 0.858
652.878 0.868
653.735 0.857
654.588 0.853
655.447 0.859
656.305 0.858
657.107 0.802
657.926 0.819
658.732 0.806
659.544 0.812
660.327 0.783
661.158 0.831
661.993 0.835
662.817 0.824
663.661 0.844
664.493 0.832
665.328 0.835
666.131 0.803
666.95 0.819
667.736 0.786
668.489 0.753
669.238 0.749
669.98 0.742
670.756 0.776
671.542 0.786
672.356 0.814
673.185 0.829
673.997 0.812
674.831 0.834
675.637 0.806
676.402 0.765
677.122 0.72
677.862 0.74
678.605 0.743
679.389 0.784
680.146 0.757
681.01 0.864
681.885 0.875
682.769 0.884
683.671 0.902
684.566 0.895
685.451 0.885
686.268 0.817
687.123 0.855
687.961 0.838
688.751 0.79
689.574 0.823
690.402 0.828
691.249 0.847
692.06 0.811
692.888 0.828
693.717 0.829
694.511 0.794
695.33 0.819
696.128 0.798
696.932 0.804
697.711 0.779
698.527 0.816
699.375 0.848
700.231 0.856
701.059 0.828
701.912 0.853
702.728 0.816
703.529 0.801
704.317 0.788
705.106 0.789
705.867 0.761
706.585 0.718
707.32 0.735
708.051 0.731
708.791 0.74
709.497 0.706
710.239 0.742
711.003 0.764
711.788 0.785
712.541 0.753
713.33 0.789
714.11 0.78
714.882 0.772
715.625 0.743
716.382 0.757
717.146 0.764
717.888 0.742
718.651 0.763
719.4 0.749
720.121 0.721
720.85 0.729
721.571 0.721
722.316 0.745
723.051 0.735
723.811 0.76
724.579 0.768
725.385 0.806
726.208 0.823
727.044 0.836
727.832 0.788
728.665 0.833
729.477 0.812
730.259 0.782
730.994 0.735
731.752 0.758
732.542 0.79
733.291 0.749
734.062 0.771
734.797 0.735
735.518 0.721
736.209 0.691
736.902 0.693
737.626 0.724
738.417 0.791
739.276 0.859
740.095 0.819
740.838 0.743
741.594 0.756
742.439 0.845
743.246 0.807
744.053 0.807
744.84 0.787
745.609 0.769
746.345 0.736
747.043 0.698
747.739 0.696
748.445 0.706
749.152 0.707
749.89 0.738
750.653 0.763
751.424 0.771
752.21 0.786
752.967 0.757
753.724 0.757
754.495 0.771
755.268 0.773
756.064 0.796
756.892 0.828
757.736 0.844
758.566 0.83
759.401 0.835
760.235 0.834
761.081 0.846
761.911 0.83
762.727 0.816
763.558 0.831
764.396 0.838
765.227 0.831
766.029 0.802
766.872 0.843
767.701 0.829
768.496 0.795
769.316 0.82
770.137 0.821
770.962 0.825
771.75 0.788
772.587 0.837
773.41 0.823
774.217 0.807
775.011 0.794
775.814 0.803
776.6 0.786
777.374 0.774
778.159 0.785
778.96 0.801
779.776 0.816
780.564 0.788
781.377 0.813
782.18 0.803
782.983 0.803
783.777 0.794
784.574 0.797
785.359 0.785
786.099 0.74
786.851 0.752
787.587 0.736
788.284 0.697
788.958 0.674
789.691 0.733
790.466 0.775
791.223 0.757
792.023 0.8
792.825 0.802
793.649 0.824
794.418 0.769
795.225 0.807
796.012 0.787
796.781 0.769
797.527 0.746
798.322 0.795
799.108 0.786
799.945 0.837
800.763 0.818
801.614 0.851
802.482 0.868
803.373 0.891
804.188 0.815
805.014 0.826
805.832 0.818
806.633 0.801
807.396 0.763
808.186 0.79
808.962 0.776
809.753 0.791
810.546 0.793
811.382 0.836
812.199 0.817
813.02 0.821
813.815 0.795
814.625 0.81
815.443 0.818
816.219 0.776
816.992 0.773
817.784 0.792
818.571 0.787
819.325 0.754
820.126 0.801
820.925 0.799
821.739 0.814
822.536 0.797
823.379 0.843
824.234 0.855
825.103 0.869
825.921 0.818
826.742 0.821
827.545 0.803
828.311 0.766
829.089 0.778
829.875 0.786
830.666 0.791
831.428 0.762
832.222 0.794
833.0 0.778
833.806 0.806
834.562 0.756
835.345 0.783
836.113 0.768
836.906 0.793
837.679 0.773
838.489 0.81
839.316 0.827
840.13 0.814
840.906 0.776
841.693 0.787
842.473 0.78
843.254 0.781
844.013 0.759
844.81 0.797
845.612 0.802
846.433 0.821
847.212 0.779
848.024 0.812
848.842 0.818
849.655 0.813
850.434 0.779
851.245 0.811
852.05 0.805
852.86 0.81
853.626 0.766
854.42 0.794
855.215 0.795
856.028 0.813
856.815 0.787
857.629 0.814
858.441 0.812
859.255 0.814
860.038 0.783
860.843 0.805
861.643 0.8
862.43 0.787
863.188 0.758
863.967 0.779
864.736 0.769
865.504 0.768
866.264 0.76
867.052 0.788
867.834 0.782
868.614 0.78
869.428 0.814
870.234 0.806
871.007 0.773
871.788 0.781
872.56 0.772
873.347 0.787
874.124 0.777
874.942 0.818
875.763 0.821
876.589 0.826
877.429 0.84
878.257 0.828
879.046 0.789
879.835 0.789
880.597 0.762
881.32 0.723
882.063 0.743
882.81 0.747
883.552 0.742
884.346 0.794
885.158 0.812
885.937 0.779
886.683 0.746
887.42 0.737
888.136 0.716
888.822 0.686
889.518 0.696
890.438 0.92
891.31 0.872
892.17 0.86
893.036 0.866
893.904 0.868
894.774 0.87
895.639 0.865
896.483 0.844
897.296 0.813
898.069 0.773
898.832 0.763
899.589 0.757
900.329 0.74
901.111 0.782
901.928 0.817
902.78 0.852
903.674 0.894
904.583 0.909
905.471 0.888
906.369 0.898
907.25 0.881
908.1 0.85
908.903 0.803
909.727 0.824
910.523 0.796
911.312 0.789
912.084 0.772
912.863 0.779
913.647 0.784
914.424 0.777
915.225 0.801
916.033 0.808
916.826 0.793
917.63 0.804
918.428 0.798
919.195 0.767
919.935 0.74
920.697 0.762
921.448 0.751
922.233 0.785
923.002 0.769
923.754 0.752
924.553 0.799
925.385 0.832
926.206 0.821
927.011 0.805
927.823 0.812
928.61 0.787
929.378 0.768
930.151 0.773
930.921 0.77
931.675 0.754
932.45 0.775
933.221 0.771
934.006 0.785
934.765 0.759
935.56 0.795
936.345 0.785
937.114 0.769
937.92 0.806
938.733 0.813
939.54 0.807
940.305 0.765
941.107 0.802
941.898 0.791
942.684 0.786
943.46 0.776
944.255 0.795
945.067 0.812
945.88 0.813
946.659 0.779
947.462 0.803
948.27 0.808
949.058 0.788
949.826 0.768
950.607 0.781
951.373 0.766
952.12 0.747
952.884 0.764
953.647 0.763
954.435 0.788
955.187 0.752
955.956 0.769
956.719 0.763
957.49 0.771
958.256 0.766
959.041 0.785
959.838 0.797
960.659 0.821
961.467 0.808
962.272 0.805
963.061 0.789
963.827 0.766
964.566 0.739
965.314 0.748
966.05 0.736
966.793 0.743
967.514 0.721
968.242 0.728
968.957 0.715
969.655 0.698
970.308 0.653
970.986 0.678
971.678 0.692
972.392 0.714
973.1 0.708
973.832 0.732
974.576 0.744
975.335 0.759
976.088 0.753
976.871 0.783
977.65 0.779
978.435 0.785
979.202 0.767
979.986 0.784
980.774 0.788
981.544 0.77
982.298 0.754
983.076 0.778
983.865 0.789
984.657 0.792
985.433 0.776
986.225 0.792
987.01 0.785
987.773 0.763
988.53 0.757
989.283 0.753
990.031 0.748
990.797 0.766
991.541 0.744
992.28 0.739
993.025 0.745
993.755 0.73
994.448 0.693
995.143 0.695
995.821 0.678
996.491 0.67
997.156 0.665
997.835 0.679
998.518 0.683
999.215 0.697
999.906 0.691
1000.616 0.71
1001.335 0.719
1002.03 0.695
1002.746 0.716
1003.462 0.716
1004.186 0.724
1004.895 0.709
1005.619 0.724
1006.332 0.713
1007.034 0.702
1007.717 0.683
1008.395 0.678
1009.059 0.664
1009.737 0.678
1010.423 0.686
1011.135 0.712
1011.855 0.72
1012.578 0.723
1013.323 0.745
1014.08 0.757
1014.806 0.726
1015.546 0.74
1016.298 0.752
1017.071 0.773
1017.817 0.746
1018.555 0.738
1019.276 0.721
1019.984 0.708
1020.682 0.698
1021.347 0.665
1022.006 0.659
1022.677 0.671
1023.381 0.704
1024.107 0.726
1024.842 0.735
1025.623 0.781
1026.434 0.811
1027.252 0.818
1027.997 0.745
1028.685 0.688
1029.408 0.723
1030.171 0.763
1030.994 0.823
1031.839 0.845
1032.662 0.823
1033.48 0.818
1034.274 0.794
1035.032 0.758
1035.794 0.762
1036.568 0.774
1037.329 0.761
1038.058 0.729
1038.816 0.758
1039.584 0.768
1040.38 0.796
1041.199 0.819
1041.987 0.788
1042.804 0.817
1043.613 0.809
1044.391 0.778
1045.22 0.829
1046.051 0.831
1046.893 0.842
1047.723 0.83
1048.598 0.875
1049.475 0.877
1050.315 0.84
1051.177 0.862
1052.033 0.856
1052.839 0.806
1053.664 0.825
1054.479 0.815
1055.294 0.815
1056.1 0.806
1056.935 0.835
1057.782 0.847
1058.655 0.873
1059.504 0.849
1060.326 0.822
1061.163 0.837
1061.982 0.819
1062.755 0.773
1063.552 0.797
1064.353 0.801
1065.16 0.807
1065.999 0.839
1066.849 0.85
1067.665 0.816
1068.47 0.805
1069.281 0.811
1070.083 0.802
1070.847 0.764
1071.656 0.809
1072.481 0.825
1073.344 0.863
1074.161 0.817
1075.014 0.853
1075.865 0.851
1076.689 0.824
1077.505 0.816
1078.308 0.803
1079.075 0.767
1079.852 0.777
1080.633 0.781
1081.432 0.799
1082.192 0.76
1083.003 0.811
1083.829 0.826
1084.664 0.835
1085.467 0.803
1086.28 0.813
1087.082 0.802
1087.88 0.798
1088.657 0.777
1089.462 0.805
1090.261 0.799
1091.066 0.805
1091.858 0.792
1092.658 0.8
1093.455 0.797
1094.261 0.806
1095.047 0.786
1095.871 0.824
1096.718 0.847
1097.537 0.819
1098.367 0.83
1099.209 0.842
1100.041 0.832
1100.84 0.799
1101.679 0.839
1102.516 0.837
1103.324 0.808
1104.096 0.772
1104.909 0.813
1105.729 0.82
1106.551 0.822
1107.337 0.786
1108.156 0.819
1108.975 0.819
1109.781 0.806
1110.596 0.815
1111.415 0.819
1112.233 0.818
1113.012 0.779
1113.843 0.831
1114.69 0.847
1115.542 0.852
1116.326 0.784
1117.145 0.819
1117.961 0.816
1118.762 0.801
1119.533 0.771
1120.321 0.788
1121.102 0.781
1121.837 0.735
1122.573 0.736
1123.314 0.741
1124.066 0.752
1124.795 0.729
1125.487 0.692
1126.227 0.74
1126.986 0.759
1127.76 0.774
1128.501 0.741
1129.267 0.766
1130.02 0.753
1130.785 0.765
1131.531 0.746
1132.285 0.754
1133.072 0.787
1133.897 0.825
1134.697 0.8
1135.516 0.819
1136.332 0.816
1137.135 0.803
1137.907 0.772
1138.699 0.792
1139.472 0.773
1140.23 0.758
1140.967 0.737
1141.738 0.771
1142.528 0.79
1143.348 0.82
1144.13 0.782
1144.943 0.813
1145.756 0.813
1146.568 0.812
1147.348 0.78
1148.148 0.8
1148.947 0.799
1149.729 0.782
1150.508 0.779
1151.295 0.787
1152.089 0.794
1152.84 0.751
1153.612 0.772
1154.379 0.767
1155.175 0.796
1155.936 0.761
1156.698 0.762
1157.483 0.785
1158.301 0.818
1159.105 0.804
1159.887 0.782
1160.684 0.797
1161.484 0.8
1162.271 0.787
1163.024 0.753
1163.807 0.783
1164.572 0.765
1165.337 0.765
1166.09 0.753
1166.885 0.795
1167.696 0.811
1168.515 0.819
1169.301 0.786
1170.104 0.803
1170.896 0.792
1171.653 0.757
1172.424 0.771
1173.172 0.748
1173.879 0.707
1174.588 0.709
1175.261 0.673
1175.961 0.7
1176.66 0.699
1177.364 0.704
1178.055 0.691
1178.743 0.688
1179.442 0.699
1180.123 0.681
1180.818 0.695
1181.527 0.709
1182.241 0.714
1182.979 0.738
1183.722 0.743
1184.464 0.742
1185.211 0.747
1185.917 0.706
1186.63 0.713
1187.331 0.701
1188.019 0.688
1188.684 0.665
1189.338 0.654
1190.037 0.699
1190.789 0.752
1191.565 0.776
1192.388 0.823
1193.187 0.799
1193.973 0.786
1194.789 0.816
1195.602 0.813
1196.387 0.785
1197.174 0.787
1197.939 0.765
1198.7 0.761
1199.45 0.75
1200.203 0.753
1200.954 0.751
1201.703 0.749
1202.409 0.706
1203.116 0.707
1203.841 0.725
1204.595 0.754
1205.405 0.81
1206.195 0.79
1206.993 0.798
1207.804 0.811
1208.631 0.827
1209.46 0.829
1210.262 0.802
1211.078 0.816
1211.893 0.815
1212.732 0.839
1213.569 0.837
1214.363 0.794
1215.185 0.822
1216.02 0.835
1216.883 0.863
1217.716 0.833
1218.502 0.786
1219.258 0.756
1220.119 0.861
1221.006 0.887
1221.891 0.885
1222.756 0.865
1223.613 0.857
1224.475 0.862
1225.322 0.847
1226.135 0.813
1226.959 0.824
1227.764 0.805
1228.556 0.792
1229.354 0.798
1230.14 0.786
1230.951 0.811
1231.758 0.807
1232.58 0.822
1233.375 0.795
1234.198 0.823
1235.014 0.816
1235.809 0.795
1236.602 0.793
1237.392 0.79
1238.159 0.767
1238.976 0.817
1239.769 0.793
1240.596 0.827
1241.413 0.817
1242.244 0.831
1243.072 0.828
1243.866 0.794
1244.626 0.76
1245.408 0.782
1246.197 0.789
1247.018 0.821
1247.832 0.814
1248.613 0.781
1249.426 0.813
1250.23 0.804
1251.041 0.811
1251.81 0.769
1252.587 0.777
1253.339 0.752
1254.061 0.722
1254.772 0.711
1255.457 0.685
1256.167 0.71
1256.904 0.737
1257.619 0.715
1258.403 0.784
1259.19 0.787
1260.024 0.834
1260.812 0.788
1261.618 0.806
1262.424 0.806
1263.193 0.769
1263.93 0.737
1264.677 0.747
1265.456 0.779
1266.293 0.837
1267.125 0.832
1267.943 0.818
1268.712 0.769
1269.487 0.775
1270.239 0.752
1270.95 0.711
1271.652 0.702
1272.382 0.73
1273.141 0.759
1273.956 0.815
1274.789 0.833
1275.615 0.826
1276.414 0.799
1277.194 0.78
1277.969 0.775
1278.723 0.754
1279.469 0.746
1280.199 0.73
1280.923 0.724
1281.651 0.728
1282.387 0.736
1283.137 0.75
1283.881 0.744
1284.622 0.741
1285.372 0.75
1286.125 0.753
1286.859 0.734
1287.591 0.732
1288.338 0.747
1289.085 0.747
1289.847 0.762
1290.588 0.741
1291.333 0.745
1292.082 0.749
1292.837 0.755
1293.571 0.734
1294.324 0.753
1295.086 0.762
1295.864 0.778
1296.621 0.757
1297.411 0.79
1298.21 0.799
1298.993 0.783
1299.744 0.751
1300.476 0.732
1301.211 0.735
1301.915 0.704
1302.603 0.688
1303.287 0.684
1303.962 0.675
1304.701 0.739
1305.488 0.787
1306.336 0.848
1307.201 0.865
1308.06 0.859
1308.913 0.853
1309.707 0.794
1310.491 0.784
1311.255 0.764
1311.989 0.734
1312.702 0.713
1313.438 0.736
1314.183 0.745
1314.949 0.766
1315.731 0.782
1316.485 0.754
1317.268 0.783
1318.048 0.78
1318.845 0.797
1319.619 0.774
1320.392 0.773
1321.172 0.78
1321.966 0.794
1322.778 0.812
1323.578 0.8
1324.404 0.826
1325.224 0.82
1326.033 0.809
1326.803 0.77
1327.596 0.793
1328.386 0.79
1329.222 0.836
1330.053 0.831
1330.859 0.806
1331.673 0.814
1332.48 0.807
1333.288 0.808
1334.072 0.784
1334.857 0.785
1335.64 0.783
1336.434 0.794
1337.212 0.778
1337.967 0.755
1338.739 0.772
1339.5 0.761
1340.265 0.765
1341.004 0.739
1341.767 0.763
1342.53 0.763
1343.312 0.782
1344.071 0.759
1344.849 0.778
1345.623 0.774
1346.401 0.778
1347.15 0.749
1347.911 0.761
1348.663 0.752
1349.408 0.745
1350.126 0.718
1350.863 0.737
1351.594 0.731
1352.341 0.747
1353.081 0.74
1353.827 0.746
1354.582 0.755
1355.351 0.769
1356.103 0.752
1356.845 0.742
1357.598 0.753
1358.351 0.753
1359.112 0.761
1359.844 0.732
1360.585 0.741
1361.328 0.743
1362.07 0.742
1362.796 0.726
1363.549 0.753
1364.309 0.76
1365.076 0.767
1365.833 0.757
1366.619 0.786
1367.403 0.784
1368.182 0.779
1368.96 0.778
1369.739 0.779
1370.507 0.768
1371.268 0.761
1372.007 0.739
1372.739 0.732
1373.455 0.716
1374.16 0.705
1374.854 0.694
1375.542 0.688
1376.215 0.673
1376.871 0.656
1377.519 0.648
1378.155 0.636
1378.805 0.65
1379.468 0.663
1380.161 0.693
1380.838 0.677
1381.549 0.711
1382.275 0.726
1382.993 0.718
1389.288 6.295
1389.979 0.691
1390.648 0.669
1391.31 0.662
1391.969 0.659
1392.71 0.741
1393.484 0.774
1394.267 0.783
1395.021 0.754
1395.751 0.73
1396.46 0.709
1397.146 0.686
1397.803 0.657
1398.47 0.667
1399.125 0.655
1399.782 0.657
1400.453 0.671
1401.136 0.683
1401.852 0.716
1402.577 0.725
1403.349 0.772
1404.173 0.824
1404.971 0.798
1405.8 0.829
1406.621 0.821
1407.412 0.791
1408.179 0.767
1408.932 0.753
1409.673 0.741
1410.406 0.733
1411.11 0.704
1411.82 0.71
1412.531 0.711
1413.244 0.713
1413.933 0.689
1414.634 0.701
1415.327 0.693
1416.031 0.704
1416.725 0.694
1417.421 0.696
1418.105 0.684
1418.78 0.675
1419.456 0.676
1420.113 0.657
1420.763 0.65
1421.401 0.638
1422.072 0.671
1422.761 0.689
1423.48 0.719
1424.193 0.713
1424.917 0.724
1425.665 0.748
1426.407 0.742
1427.149 0.742
1427.873 0.724
1428.599 0.726
1429.315 0.716
1430.06 0.745
1430.774 0.714
1431.529 0.755
1432.311 0.782
1433.122 0.811
1433.898 0.776
1434.709 0.811
1435.51 0.801
1436.303 0.793
1437.051 0.748
1437.818 0.767
1438.577 0.759
1439.358 0.781
1440.126 0.768
1440.903 0.777
1441.672 0.769
1442.447 0.775
1443.211 0.764
1443.956 0.745
1444.723 0.767
1445.495 0.772
1446.279 0.784
1447.033 0.754
1447.782 0.749
1448.545 0.763
1449.305 0.76
1450.089 0.784
1450.868 0.779
1451.634 0.766
1452.419 0.785
1453.201 0.782
1453.964 0.763
1454.727 0.763
1455.488 0.761
1456.256 0.768
1457.017 0.761
1457.774 0.757
1458.548 0.774
1459.338 0.79
1460.129 0.791
1460.895 0.766
1461.675 0.78
1462.444 0.769
1463.211 0.767
1463.972 0.761
1464.72 0.748
1465.474 0.754
1466.236 0.762
1467.001 0.765
1467.756 0.755
1468.524 0.768
1469.299 0.775
1470.063 0.764
1470.803 0.74
1471.56 0.757
1472.303 0.743
1473.032 0.729
1473.741 0.709
1474.433 0.692
1475.118 0.685
1475.817 0.699
1476.527 0.71
1477.23 0.703
1477.964 0.734
1478.708 0.744
1479.444 0.736
1480.152 0.708
1480.859 0.707
1481.562 0.703
1482.265 0.703
1482.972 0.707
1483.667 0.695
1484.37 0.703
1485.098 0.728
1485.825 0.727
1486.575 0.75
1487.31 0.735
1488.06 0.75
1488.814 0.754
1489.596 0.782
1490.394 0.798
1491.189 0.795
1491.98 0.791
1492.787 0.807
1493.548 0.761
1494.309 0.761
1495.053 0.744
1495.786 0.733
1496.505 0.719
1497.215 0.71
1497.904 0.689
1498.591 0.687
1499.265 0.674
1499.944 0.679
1500.599 0.655
1501.257 0.658
1501.895 0.638
1502.544 0.649
1503.196 0.652
1503.855 0.659
1504.526 0.671
1505.199 0.673
1505.861 0.662
1506.505 0.644
1507.012 0.507
1507.711 0.699
1508.323 0.612
1508.924 0.601
1509.47 0.546