0.000 0.693
0.693 0.693
6.326 5.633
6.999 0.673
7.662 0.663
8.327 0.665
8.975 0.648
9.61 0.635
10.248 0.638
10.898 0.65
11.562 0.664
12.276 0.714
13.006 0.73
13.742 0.736
14.455 0.713
15.161 0.706
15.843 0.682
16.537 0.694
17.253 0.716
17.99 0.737
18.766 0.776
19.583 0.817
20.419 0.836
21.232 0.813
22.042 0.81
22.823 0.781
23.583 0.76
24.348 0.765
25.089 0.741
25.85 0.761
26.62 0.77
27.394 0.774
28.207 0.813
29.067 0.86
29.94 0.873
30.784 0.844
31.679 0.895
32.647 0.968
33.583 0.936
34.524 0.941
35.449 0.925
36.327 0.878
37.132 0.805
37.913 0.781
38.665 0.752
39.384 0.719
39.663 0.279
40.081 0.418
40.368 0.287
40.76 0.392
41.265 0.505
42.146 0.881
42.837 0.691
43.578 0.741
44.344 0.766
45.096 0.752
45.847 0.751
46.592 0.745
47.34 0.748
48.088 0.748
48.868 0.78
49.772 0.904
50.744 0.972
51.748 1.004
52.78 1.032
53.792 1.012
54.773 0.981
55.794 1.021
56.806 1.012
57.767 0.961
58.758 0.991
59.794 1.036
60.812 1.018
61.799 0.987
62.855 1.056
63.908 1.053
64.924 1.016
65.962 1.038
67.0 1.038
67.991 0.991
69.021 1.03
70.069 1.048
71.121 1.052
72.121 1.0
73.157 1.036
74.218 1.061
75.255 1.037
76.251 0.996
77.298 1.047
78.38 1.082
79.447 1.067
80.455 1.008
81.499 1.044
82.565 1.066
83.581 1.016
84.6 1.019
85.655 1.055
86.716 1.061
87.758 1.042
88.806 1.048
89.88 1.074
90.94 1.06
91.935 0.995
92.96 1.025
93.973 1.013
94.98 1.007
95.96 0.98
96.94 0.98
97.956 1.016
98.977 1.021
99.946 0.969
100.946 1.0
101.979 1.033
103.024 1.045
104.008 0.984
105.025 1.017
106.037 1.012
107.013 0.976
107.948 0.935
108.892 0.944
109.859 0.967
110.795 0.936
111.734 0.939
112.716 0.982
113.721 1.005
114.725 1.004
115.77 1.045
116.833 1.063
117.854 1.021
118.838 0.984
119.803 0.965
120.752 0.949
121.663 0.911
122.59 0.927
123.595 1.005
124.586 0.991
125.558 0.972
126.55 0.992
127.55 1.0
128.508 0.958
129.436 0.928
130.404 0.968
131.386 0.982
132.363 0.977
133.373 1.01
134.399 1.026
135.442 1.043
136.462 1.02
137.492 1.03
138.566 1.074
139.612 1.046
140.574 0.962
141.556 0.982
142.601 1.045
143.611 1.01
144.591 0.98
145.635 1.044
146.672 1.037
147.705 1.033
148.775 1.07
149.886 1.111
150.957 1.071
152.035 1.078
153.124 1.089
154.168 1.044
155.167 0.999
156.2 1.033
157.24 1.04
158.229 0.989
159.227 0.998
160.301 1.074
161.379 1.078
162.384 1.005
163.385 1.001
164.392 1.007
165.36 0.968
166.307 0.947
167.312 1.005
168.343 1.031
169.37 1.027
170.35 0.98
171.36 1.01
172.378 1.018
173.351 0.973
174.331 0.98
175.303 0.972
176.259 0.956
177.198 0.939
178.186 0.988
179.191 1.005
180.208 1.017
181.238 1.03
182.258 1.02
183.221 0.963
184.193 0.972
185.232 1.039
186.235 1.003
187.178 0.943
188.113 0.935
189.116 1.003
190.147 1.031
191.137 0.99
192.103 0.966
193.123 1.02
194.1 0.977
195.008 0.908
195.868 0.86
196.719 0.851
197.595 0.876
198.509 0.914
199.515 1.006
200.585 1.07
201.59 1.005
202.603 1.013
203.581 0.978
204.519 0.938
205.497 0.978
206.541 1.044
207.616 1.075
208.633 1.017
209.647 1.014
210.663 1.016
211.635 0.972
212.625 0.99
213.633 1.008
214.626 0.993
215.595 0.969
216.596 1.001
217.611 1.015
218.602 0.991
219.579 0.977
220.585 1.006
221.598 1.013
222.565 0.967
223.508 0.943
224.478 0.97
225.455 0.977
226.401 0.946
227.36 0.959
228.366 1.006
229.359 0.993
230.321 0.962
231.299 0.978
232.274 0.975
233.235 0.961
234.171 0.936
235.131 0.96
236.117 0.986
237.069 0.952
238.023 0.954
238.991 0.968
239.968 0.977
240.918 0.95
241.886 0.968
242.87 0.984
243.867 0.997
244.831 0.964
245.805 0.974
246.777 0.972
247.712 0.935
248.642 0.93
249.613 0.971
250.614 1.001
251.582 0.968
252.59 1.008
253.616 1.026
254.603 0.987
255.608 1.005
256.623 1.015
257.624 1.001
258.582 0.958
259.577 0.995
260.573 0.996
261.551 0.978
262.525 0.974
263.528 1.003
264.537 1.009
265.515 0.978
266.529 1.014
267.551 1.022
268.543 0.992
269.549 1.006
270.568 1.019
271.581 1.013
272.543 0.962
273.513 0.97
274.486 0.973
275.453 0.967
276.393 0.94
277.373 0.98
278.422 1.049
279.47 1.048
280.455 0.985
281.479 1.024
282.498 1.019
283.484 0.986
284.474 0.99
285.526 1.052
286.586 1.06
287.582 0.996
288.599 1.017
289.614 1.015
290.579 0.965
291.582 1.003
292.628 1.046
293.644 1.016
294.652 1.008
295.696 1.044
296.734 1.038
297.744 1.01
298.773 1.029
299.806 1.033
300.797 0.991
301.787 0.99
302.803 1.016
303.823 1.02
304.812 0.989
305.841 1.029
306.923 1.082
307.975 1.052
309.001 1.026
310.041 1.04
311.071 1.03
312.077 1.006
313.084 1.007
314.122 1.038
315.149 1.027
316.154 1.005
317.215 1.061
318.276 1.061
319.298 1.022
320.348 1.05
321.358 1.01
322.33 0.972
323.301 0.971
324.266 0.965
325.202 0.936
326.182 0.98
327.191 1.009
328.184 0.993
329.155 0.971
330.156 1.001
331.148 0.992
332.104 0.956
333.08 0.976
334.055 0.975
334.989 0.934
335.913 0.924
336.861 0.948
337.812 0.951
338.715 0.903
339.629 0.914
340.542 0.913
341.414 0.872
342.295 0.881
343.135 0.84
343.935 0.8
344.743 0.808
345.554 0.811
346.377 0.823
347.189 0.812
348.014 0.825
348.809 0.795
349.574 0.765
350.318 0.744
351.066 0.748
351.79 0.724
352.495 0.705
353.186 0.691
353.888 0.702
354.6 0.712
355.341 0.741
356.1 0.759
356.895 0.795
357.69 0.795
358.545 0.855
359.425 0.88
360.322 0.897
361.235 0.913
362.127 0.892
363.023 0.896
363.926 0.903
364.839 0.913
365.703 0.864
366.565 0.862
367.427 0.862
368.298 0.871
369.207 0.909
370.153 0.946
371.075 0.922
371.994 0.919
372.922 0.928
373.838 0.916
374.73 0.892
375.589 0.859
376.395 0.806
377.203 0.808
378.008 0.805
378.817 0.809
379.637 0.82
380.449 0.812
381.331 0.882
382.286 0.955
383.22 0.934
384.219 0.999
385.223 1.004
386.199 0.976
387.195 0.996
388.175 0.98
389.004 0.829
389.816 0.812
390.624 0.808
391.414 0.79
392.208 0.794
393.003 0.795
393.81 0.807
394.608 0.798
395.434 0.826
396.3 0.866
397.137 0.837
397.982 0.845
398.813 0.831
399.629 0.816
400.429 0.8
401.273 0.844
402.178 0.905
403.134 0.956
404.108 0.974
405.076 0.968
406.037 0.961
406.97 0.933
407.941 0.971
408.931 0.99
409.864 0.933
410.827 0.963
411.794 0.967
412.733 0.939
413.668 0.935
414.634 0.966
415.582 0.948
416.512 0.93
417.506 0.994
418.514 1.008
419.493 0.979
420.506 1.013
421.487 0.981
428.994 7.507
429.983 0.989
430.916 0.933
431.846 0.93
432.775 0.929
433.691 0.916
434.654 0.963
435.625 0.971
436.556 0.931
437.493 0.937
438.464 0.971
439.424 0.96
440.34 0.916
441.279 0.939
442.249 0.97
443.197 0.948
444.137 0.94
445.135 0.998
446.146 1.011
447.106 0.96
448.122 1.016
449.125 1.003
450.09 0.965
451.089 0.999
452.124 1.035
453.132 1.008
454.111 0.979
455.132 1.021
456.164 1.032
457.166 1.002
458.186 1.02
459.222 1.036
460.214 0.992
461.176 0.962
462.178 1.002
463.182 1.004
464.143 0.961
465.157 1.014
466.161 1.004
467.114 0.953
468.1 0.986
469.139 1.039
470.142 1.003
471.167 1.025
472.2 1.033
473.178 0.978
474.155 0.977
475.17 1.015
476.198 1.028
477.189 0.991
478.206 1.017
479.262 1.056
480.277 1.015
481.236 0.959
482.203 0.967
483.141 0.938
484.042 0.901
484.988 0.946
485.967 0.979
486.947 0.98
487.946 0.999
488.978 1.032
489.969 0.991
490.919 0.95
491.909 0.99
492.89 0.981
493.825 0.935
494.782 0.957
495.776 0.994
496.783 1.007
497.75 0.967
498.757 1.007
499.774 1.017
500.741 0.967
501.675 0.934
502.639 0.964
503.617 0.978
504.576 0.959
505.598 1.022
506.624 1.026
507.618 0.994
508.646 1.028
509.711 1.065
510.749 1.038
511.771 1.022
512.821 1.05
513.826 1.005
514.776 0.95
515.741 0.965
516.71 0.969
517.661 0.951
518.637 0.976
519.68 1.043
520.708 1.028
521.716 1.008
522.76 1.044
523.75 0.99
524.764 1.014
525.801 1.037
526.802 1.001
527.844 1.042
528.921 1.077
529.945 1.024
530.96 1.015
532.025 1.065
533.113 1.088
534.147 1.034
535.2 1.053
536.287 1.087
537.337 1.05
538.354 1.017
539.415 1.061
540.469 1.054
541.46 0.991
542.468 1.008
543.457 0.989
544.402 0.945
545.348 0.946
546.323 0.975
547.295 0.972
548.247 0.952
549.24 0.993
550.231 0.991
551.182 0.951
552.119 0.937
553.095 0.976
554.043 0.948
554.953 0.91
555.89 0.937
556.887 0.997
557.869 0.982
558.815 0.946
559.802 0.987
560.807 1.005
561.775 0.968
562.72 0.945
563.697 0.977
564.686 0.989
565.633 0.947
566.585 0.952
567.581 0.996
568.599 1.018
569.565 0.966
570.567 1.002
571.586 1.019
572.545 0.959
573.51 0.965
574.498 0.988
575.516 1.018
576.474 0.958
577.466 0.992
578.481 1.015
579.462 0.981
580.401 0.939
581.334 0.933
582.236 0.902
583.082 0.846
583.953 0.871
584.91 0.957
585.888 0.978
586.87 0.982
587.851 0.981
588.804 0.953
589.799 0.995
590.811 1.012
591.778 0.967
592.728 0.95
593.739 1.011
594.787 1.048
595.78 0.993
596.817 1.037
597.857 1.04
598.856 0.999
599.822 0.966
600.801 0.979
601.759 0.958
602.673 0.914
603.57 0.897
604.493 0.923
605.467 0.974
606.455 0.988
607.427 0.972
608.473 1.046
609.523 1.05
610.514 0.991
611.496 0.982
612.457 0.961
613.375 0.918
614.245 0.87
615.163 0.918
616.117 0.954
617.054 0.937
618.003 0.949
619.002 0.999
619.989 0.987
620.952 0.963
621.948 0.996
622.94 0.992
623.911 0.971
624.846 0.935
625.808 0.962
626.774 0.966
627.708 0.934
628.661 0.953
629.642 0.981
630.627 0.985
631.568 0.941
632.552 0.984
633.528 0.976
634.469 0.941
635.378 0.909
636.314 0.936
637.236 0.922
638.13 0.894
639.0 0.87
639.919 0.919
640.86 0.941
641.786 0.926
642.715 0.929
643.67 0.955
644.624 0.954
645.548 0.924
646.479 0.931
647.442 0.963
648.395 0.953
649.336 0.941
650.328 0.992
651.334 1.006
652.289 0.955
653.261 0.972
654.257 0.996
655.239 0.982
656.195 0.956
657.219 1.024
658.282 1.063
659.291 1.009
660.315 1.024
661.361 1.046
662.372 1.011
663.352 0.98
664.371 1.019
665.388 1.017
666.353 0.965
667.354 1.001
668.373 1.019
669.381 1.008
670.385 1.004
671.444 1.059
672.491 1.047
673.484 0.993
674.451 0.967
675.4 0.949
676.251 0.851
677.076 0.825
677.941 0.865
678.85 0.909
679.856 1.006
680.913 1.057
681.94 1.027
682.89 0.95
683.809 0.919
684.764 0.955
685.686 0.922
686.582 0.896
687.471 0.889
688.362 0.891
689.229 0.867
690.127 0.898
690.998 0.871
691.845 0.847
692.671 0.826
693.508 0.837
694.323 0.815
695.119 0.796
695.909 0.79
696.741 0.832
697.575 0.834
698.422 0.847
699.314 0.892
700.352 1.038
701.384 1.032
702.352 0.968
703.364 1.012
704.397 1.033
705.39 0.993
706.41 1.02
707.441 1.031
708.447 1.006
709.456 1.009
710.519 1.063
711.553 1.034
712.542 0.989
713.554 1.012
714.52 0.966
715.472 0.952
716.405 0.933
717.289 0.884
718.15 0.861
718.997 0.847
719.892 0.895
720.845 0.953
721.803 0.958
722.775 0.972
723.819 1.044
724.798 0.979
725.685 0.887
726.509 0.824
727.363 0.854
728.287 0.924
729.263 0.976
730.279 1.016
731.252 0.973
732.196 0.944
733.149 0.953
734.094 0.945
735.016 0.922
735.96 0.944
736.901 0.941
737.794 0.893
738.715 0.921
739.651 0.936
740.578 0.927
741.536 0.958
742.555 1.019
743.555 1.0
744.515 0.96
745.501 0.986
746.489 0.988
747.434 0.945
754.965 0.975
755.951 0.986
756.946 0.995
757.899 0.953
758.86 0.961
759.826 0.966
760.743 0.917
761.688 0.945
762.754 1.066
763.797 1.043
764.774 0.977
765.751 0.977
766.715 0.964
767.674 0.959
768.633 0.959
769.6 0.967
770.61 1.01
771.618 1.008
772.558 0.94
773.516 0.958
774.471 0.955
775.421 0.95
776.437 1.016
777.496 1.059
778.517 1.021
779.521 1.004
780.543 1.022
781.519 0.976
782.439 0.92
783.383 0.944
784.363 0.98
785.333 0.97
786.349 1.016
787.377 1.028
788.355 0.978
789.395 1.04
790.492 1.097
791.505 1.013
792.499 0.994
793.486 0.987
794.403 0.917
795.339 0.936
796.313 0.974
797.263 0.95
798.153 0.89
799.105 0.952
800.098 0.993
801.043 0.945
801.939 0.896
802.858 0.919
803.808 0.95
804.716 0.908
805.623 0.907
806.578 0.955
807.519 0.941
808.425 0.906
809.355 0.93
810.298 0.943
811.204 0.906
812.124 0.92
813.066 0.942
813.987 0.921
814.872 0.885
815.802 0.93
816.761 0.959
817.691 0.93
818.613 0.922
819.534 0.921
820.421 0.887
821.274 0.853
822.151 0.877
823.0 0.849
823.886 0.886
824.801 0.915
825.71 0.909
826.616 0.906
827.538 0.922
828.442 0.904
829.304 0.862
830.117 0.813
830.978 0.861
831.934 0.956
832.964 1.03
833.926 0.962
834.906 0.98
835.881 0.975
836.801 0.92
837.717 0.916
838.656 0.939
839.622 0.966
840.583 0.961
841.596 1.013
842.606 1.01
843.556 0.95
844.496 0.94
845.443 0.947
846.375 0.932
847.279 0.904
848.215 0.936
849.161 0.946
850.069 0.908
850.978 0.909
851.902 0.924
852.842 0.94
853.763 0.921
854.721 0.958
855.715 0.994
856.68 0.965
857.596 0.916
858.515 0.919
859.442 0.927
860.343 0.901
861.222 0.879
862.185 0.963
863.221 1.036
864.241 1.02
865.271 1.03
866.311 1.04
867.269 0.958
868.158 0.889
869.082 0.924
870.036 0.954
870.991 0.955
871.95 0.959
872.924 0.974
873.824 0.9
874.686 0.862
875.566 0.88
876.432 0.866
877.335 0.903
878.286 0.951
879.248 0.962
880.168 0.92
881.149 0.981
882.146 0.997
883.108 0.962
884.049 0.941
885.009 0.96
885.999 0.99
886.916 0.917
887.879 0.963
888.911 1.032
889.903 0.992
890.847 0.944
891.811 0.964
892.767 0.956
893.666 0.899
894.563 0.897
895.495 0.932
896.421 0.926
897.308 0.887
898.232 0.924
899.235 1.003
900.219 0.984
901.173 0.954
902.165 0.992
903.162 0.997
904.095 0.933
904.992 0.897
905.91 0.918
906.884 0.974
907.83 0.946
908.821 0.991
909.827 1.006
910.791 0.964
911.713 0.922
912.696 0.983
913.696 1.0
914.66 0.964
915.586 0.926
916.531 0.945
917.509 0.978
918.415 0.906
919.321 0.906
920.271 0.95
921.265 0.994
922.251 0.986
923.275 1.024
924.32 1.045
925.297 0.977
926.225 0.928
927.184 0.959
928.184 1.0
929.112 0.928
930.033 0.921
930.96 0.927
931.888 0.928
932.8 0.912
933.713 0.913
934.682 0.969
935.687 1.005
936.646 0.959
937.639 0.993
938.644 1.005
939.611 0.967
940.548 0.937
941.537 0.989
942.538 1.001
943.483 0.945
944.428 0.945
945.385 0.957
946.337 0.952
947.245 0.908
948.164 0.919
949.05 0.886
949.889 0.839
950.753 0.864
951.595 0.842
952.47 0.875
953.43 0.96
954.44 1.01
955.388 0.948
956.363 0.975
957.353 0.99
958.296 0.943
959.186 0.89
960.085 0.899
961.04 0.955
962.003 0.963
962.98 0.977
963.907 0.927
964.845 0.938
965.729 0.884
966.63 0.901
967.55 0.92
968.421 0.871
969.308 0.887
970.144 0.836
970.949 0.805
971.722 0.773
972.488 0.766
973.24 0.752
973.992 0.752
974.742 0.75
975.509 0.767
976.317 0.808
977.173 0.856
978.024 0.851
978.863 0.839
979.655 0.792
980.458 0.803
981.24 0.782
982.0 0.76
982.778 0.778
983.57 0.792
984.393 0.823
985.233 0.84
986.07 0.837
986.879 0.809
987.703 0.824
988.526 0.823
989.351 0.825
990.159 0.808
990.987 0.828
991.79 0.803
992.595 0.805
993.396 0.801
994.224 0.828
995.03 0.806
995.888 0.858
996.812 0.924
997.776 0.964
998.749 0.973
999.814 1.065
1000.866 1.052
1001.809 0.943
1002.692 0.883
1003.529 0.837
1004.36 0.831
1005.187 0.827
1006.023 0.836
1006.908 0.885
1007.825 0.917
1008.706 0.881
1009.628 0.922
1010.624 0.996
1011.631 1.007
1012.69 1.059
1013.801 1.111
1014.861 1.06
1015.935 1.074
1017.05 1.115
1018.123 1.073
1019.172 1.049
1020.247 1.075
1021.239 0.992
1022.181 0.942
1023.151 0.97
1024.151 1.0
1025.121 0.97
1026.143 1.022
1027.196 1.053
1028.209 1.013
1029.176 0.967
1030.165 0.989
1031.163 0.998
1032.155 0.992
1033.173 1.018
1034.217 1.044
1035.248 1.031
1036.238 0.99
1037.248 1.01
1038.263 1.015
1039.236 0.973
1040.202 0.966
1041.173 0.971
1042.172 0.999
1043.143 0.971
1044.112 0.969
1045.086 0.974
1046.049 0.963
1046.998 0.949
1047.975 0.977
1048.947 0.972
1049.874 0.927
1050.817 0.943
1051.759 0.942
1052.691 0.932
1053.588 0.897
1054.496 0.908
1055.442 0.946
1056.378 0.936
1057.3 0.922
1058.244 0.944
1059.219 0.975
1060.162 0.943
1061.126 0.964
1062.093 0.967
1063.049 0.956
1063.96 0.911
1064.885 0.925
1065.823 0.938
1066.75 0.927
1067.655 0.905
1068.629 0.974
1069.624 0.995
1070.618 0.994
1071.632 1.014
1072.678 1.046
1073.703 1.025
1074.687 0.984
1075.662 0.975
1076.632 0.97
1077.584 0.952
1078.529 0.945
1079.508 0.979
1080.523 1.015
1081.541 1.018
1082.515 0.974
1083.487 0.972
1084.457 0.97
1085.406 0.949
1086.32 0.914
1087.256 0.936
1088.227 0.971
1089.212 0.985
1090.156 0.944
1091.097 0.941
1092.066 0.969
1093.015 0.949
1093.932 0.917
1094.883 0.951
1095.857 0.974
1096.819 0.962
1097.757 0.938
1098.71 0.953
1099.689 0.979
1100.646 0.957
1101.588 0.942
1102.555 0.967
1103.544 0.989
1104.434 0.89
1105.281 0.847
1106.123 0.842
1106.957 0.834
1107.786 0.829
1108.657 0.871
1109.498 0.841
1110.376 0.878
1111.283 0.907
1112.17 0.887
1113.031 0.861
1113.909 0.878
1114.807 0.898
1115.712 0.905
1116.6 0.888
1117.556 0.956
1118.538 0.982
1119.516 0.978
1120.463 0.947
1121.41 0.947
1122.336 0.926
1123.227 0.891
1124.12 0.893
1125.033 0.913
1125.941 0.908
1126.836 0.895
1127.736 0.9
1128.641 0.905
1129.507 0.866
1130.372 0.865
1131.254 0.882
1132.172 0.918
1133.067 0.895
1133.949 0.882
1134.826 0.877
1135.713 0.887
1136.581 0.868
1137.492 0.911
1138.446 0.954
1139.415 0.969
1140.318 0.903
1141.225 0.907
1142.123 0.898
1142.989 0.866
1143.844 0.855
1144.747 0.903
1145.673 0.926
1146.578 0.905
1147.481 0.903
1148.402 0.921
1149.313 0.911
1150.175 0.862
1151.034 0.859
1151.896 0.862
1152.77 0.874
1153.635 0.865
1154.525 0.89
1155.471 0.946
1156.433 0.962
1157.371 0.938
1158.297 0.926
1159.202 0.905
1160.053 0.851
1160.896 0.843
1161.738 0.842
1162.571 0.833
1163.456 0.885
1164.397 0.941
1165.314 0.917
1166.244 0.93
1167.186 0.942
1168.065 0.879
1168.939 0.874
1169.782 0.843
1170.621 0.839
1171.432 0.811
1172.209 0.777
1172.981 0.772
1173.748 0.767
1174.505 0.757
1175.315 0.81
1176.178 0.863
1177.085 0.907
1177.945 0.86
1178.777 0.832
1179.625 0.848
1180.541 0.916
1181.443 0.902
1182.393 0.95
1183.398 1.005
1184.397 0.999
1185.341 0.944
1186.295 0.954
1187.282 0.987
1188.251 0.969
1189.19 0.939
1190.165 0.975
1191.209 1.044
1192.217 1.008
1193.249 1.032
1194.302 1.053
1195.341 1.039
1196.314 0.973
1197.312 0.998
1198.355 1.043
1199.403 1.048
1200.425 1.022
1201.492 1.067
1202.552 1.06
1203.568 1.016
1204.523 0.955
1205.488 0.965
1206.475 0.987
1207.398 0.923
1208.245 0.847
1209.049 0.804
1209.835 0.786
1210.61 0.775
1211.378 0.768
1212.13 0.752
1212.909 0.779
1213.699 0.79
1214.496 0.797
1215.265 0.769
1216.036 0.771
1216.832 0.796
1217.673 0.841
1218.521 0.848
1219.375 0.854
1220.317 0.942
1221.308 0.991
1222.309 1.001
1223.306 0.997
1224.315 1.009
1225.341 1.026
1226.359 1.018
1227.404 1.045
1228.421 1.017
1229.373 0.952
1230.301 0.928
1231.254 0.953
1232.22 0.966
1233.281 1.061
1234.346 1.065
1235.403 1.057
1236.403 1.0
1237.403 1.0
1238.381 0.978
1239.315 0.934
1240.205 0.89
1241.072 0.867
1241.954 0.882
1242.885 0.931
1243.873 0.988
1244.935 1.062
1246.02 1.085
1247.098 1.078
1248.145 1.047
1249.132 0.987
1250.078 0.946
1250.961 0.883
1251.788 0.827
1252.576 0.788
1253.351 0.775
1254.135 0.784
1254.907 0.772
1255.746 0.839
1256.686 0.94
1257.705 1.019
1258.667 0.962
1259.659 0.992
1260.674 1.015
1261.597 0.923
1262.475 0.878
1263.352 0.877
1264.217 0.865
1265.059 0.842
1265.928 0.869
1266.844 0.916
1267.824 0.98
1268.78 0.956
1269.759 0.979
1270.786 1.027
1271.848 1.062
1272.831 0.983
1273.826 0.995
1274.829 1.003
1275.881 1.052
1276.901 1.02
1277.948 1.047
1279.001 1.053
1280.007 1.006
1281.017 1.01
1282.032 1.015
1283.046 1.014
1283.993 0.947
1284.981 0.988
1286.03 1.049
1287.101 1.071
1288.145 1.044
1289.136 0.991
1290.128 0.992
1291.163 1.035
1292.211 1.048
1293.235 1.024
1294.243 1.008
1295.283 1.04
1296.316 1.033
1297.319 1.003
1298.288 0.969
1299.285 0.997
1300.29 1.005
1301.262 0.972
1302.228 0.966
1303.206 0.978
1304.23 1.024
1305.216 0.986
1306.212 0.996
1307.225 1.013
1308.212 0.987
1309.143 0.931
1310.066 0.923
1310.997 0.931
1311.935 0.938
1312.847 0.912
1313.778 0.931
1314.713 0.935
1315.644 0.931
1316.588 0.944
1317.566 0.978
1318.569 1.003
1319.536 0.967
1320.487 0.951
1321.461 0.974
1322.467 1.006
1323.47 1.003
1324.44 0.97
1325.404 0.964
1326.501 1.097
1327.582 1.081
1328.611 1.029
1329.621 1.01
1330.65 1.029
1331.688 1.038
1332.675 0.987
1333.615 0.94
1334.562 0.947
1335.547 0.985
1336.568 1.021
1337.574 1.006
1338.579 1.005
1339.584 1.005
1340.586 1.002
1341.533 0.947
1342.424 0.891
1343.284 0.86
1344.17 0.886
1345.088 0.918
1346.052 0.964
1347.001 0.949
1347.905 0.904
1348.83 0.925
1349.796 0.966
1350.828 1.032
1351.823 0.995
1352.77 0.947
1353.681 0.911
1354.579 0.898
1355.511 0.932
1356.44 0.929
1357.34 0.9
1358.201 0.861
1359.077 0.876
1359.956 0.879
1360.854 0.898
1361.762 0.908
1362.718 0.956
1363.648 0.93
1364.566 0.918
1365.554 0.988
1366.553 0.999
1367.56 1.007
1368.559 0.999
1369.549 0.99
1370.541 0.992
1371.475 0.934
1372.403 0.928
1373.333 0.93
1374.294 0.961
1375.236 0.942
1376.195 0.959
1377.161 0.966
1378.135 0.974
1379.071 0.936
1380.061 0.99
1381.071 1.01
1382.121 1.05
1383.111 0.99
1384.098 0.987
1385.09 0.992
1386.076 0.986
1387.004 0.928
1387.939 0.935
1388.898 0.959
1389.862 0.964
1390.85 0.988
1391.813 0.963
1392.741 0.928
1393.699 0.958
1394.681 0.982
1395.622 0.941
1396.569 0.947
1397.584 1.015
1398.621 1.037
1399.61 0.989
1400.641 1.031
1401.677 1.036
1402.693 1.016
1403.676 0.983
1404.669 0.993
1405.714 1.045
1406.748 1.034
1407.801 1.053
1408.866 1.065
1409.873 1.007
1410.849 0.976
1411.842 0.993
1412.84 0.998
1413.809 0.969
1414.762 0.953
1415.751 0.989
1416.825 1.074
1417.879 1.054
1418.876 0.997
1419.845 0.969
1420.822 0.977
1421.793 0.971
1422.745 0.952
1423.653 0.908
1424.522 0.869
1425.436 0.914
1426.449 1.013
1427.549 1.1
1428.593 1.044
1429.633 1.04
1430.672 1.039
1431.69 1.018
1432.683 0.993
1433.682 0.999
1434.677 0.995
1435.653 0.976
1436.636 0.983
1437.639 1.003
1438.655 1.016
1439.661 1.006
1440.723 1.062
1441.771 1.048
1442.747 0.976
1443.663 0.916
1444.631 0.968
1445.59 0.959
1446.497 0.907
1447.393 0.896
1448.379 0.986
1449.421 1.042
1450.419 0.998
1451.386 0.967
1452.344 0.958
1453.279 0.935
1454.175 0.896
1455.099 0.924
1456.075 0.976
1457.074 0.999
1458.027 0.953
1458.973 0.946
1459.927 0.954
1460.872 0.945
1461.778 0.906
1462.721 0.943
1463.725 1.004
1464.733 1.008
1465.705 0.972
1466.697 0.992
1467.679 0.982
1468.616 0.937
1469.532 0.916
1470.457 0.925
1471.387 0.93
1472.292 0.905
1473.22 0.928
1474.172 0.952
1475.17 0.998
1476.126 0.956
1477.086 0.96
1478.047 0.961
1478.984 0.937
1479.902 0.918
1480.813 0.911
1481.728 0.915
1482.64 0.912
1483.519 0.879
1484.398 0.879
1485.311 0.913
1486.26 0.949
1487.192 0.932
1488.094 0.902
1489.02 0.926
1489.95 0.93
1490.817 0.867
1491.643 0.826
1492.431 0.788
1493.189 0.758
1493.961 0.772
1494.723 0.762
1495.511 0.788
1496.29 0.779
1497.05 0.76
1497.826 0.776
1498.628 0.802
1499.465 0.837
1500.322 0.857
1501.168 0.846
1502.008 0.84
1502.805 0.797
1503.591 0.786
1504.366 0.775
1505.161 0.795
1505.941 0.78
1506.782 0.841
1507.676 0.894