0.000 0.83
0.83 0.83
1.583 0.753
2.372 0.789
3.323 0.951
4.377 1.054
5.331 0.954
6.282 0.951
7.201 0.919
8.079 0.878
8.873 0.794
9.721 0.848
10.803 1.082
17.981 0.982
18.801 0.82
19.567 0.766
20.371 0.804
21.381 1.01
22.299 0.918
23.113 0.814
23.99 0.877
24.831 0.841
25.601 0.77
26.405 0.804
27.339 0.934
28.178 0.839
29.028 0.85
29.814 0.786
30.53 0.716
31.273 0.743
32.028 0.755
33.078 1.05
33.929 0.851
34.736 0.807
35.475 0.739
36.174 0.699
36.87 0.696
37.631 0.761
38.42 0.789
39.132 0.712
39.849 0.717
40.724 0.875
41.692 0.968
42.531 0.839
43.327 0.796
44.179 0.852
44.973 0.794
45.876 0.903
46.942 1.066
47.864 0.922
48.781 0.917
49.82 1.039
50.801 0.981
51.604 0.803
52.386 0.782
53.313 0.927
54.248 0.935
55.067 0.819
55.946 0.879
56.97 1.024
57.915 0.945
58.765 0.85
59.596 0.831
60.532 0.936
61.502 0.97
62.412 0.91
63.311 0.899
64.256 0.945
65.164 0.908
66.023 0.859
66.916 0.893
67.869 0.953
68.78 0.911
69.594 0.814
70.379 0.785
71.231 0.852
72.187 0.956
73.141 0.954
74.017 0.876
74.904 0.887
75.798 0.894
76.694 0.896
77.58 0.886
78.423 0.843
79.188 0.765
79.899 0.711
80.642 0.743
81.498 0.856
82.451 0.953
83.266 0.815
84.112 0.846
85.04 0.928
85.981 0.941
86.788 0.807
87.582 0.794
88.43 0.848
89.391 0.961
90.321 0.93
91.23 0.909
92.171 0.941
93.109 0.938
93.988 0.879
94.81 0.822
95.728 0.918
96.792 1.064
97.804 1.012
98.675 0.871
99.449 0.774
100.269 0.82
101.212 0.943
102.101 0.889
102.904 0.803
103.699 0.795
104.524 0.825
105.379 0.855
106.172 0.793
106.963 0.791
107.835 0.872
108.76 0.925
109.643 0.883
110.519 0.876
111.357 0.838
112.198 0.841
113.059 0.861
113.813 0.754
114.519 0.706
115.241 0.722
116.112 0.871
117.139 1.027
118.038 0.899
118.838 0.8
119.643 0.805
120.387 0.744
121.117 0.73
121.885 0.768
122.963 1.078
123.941 0.978
124.875 0.934
125.819 0.944
126.795 0.976
127.648 0.853
128.484 0.836
129.368 0.884
130.346 0.978
131.202 0.856
132.054 0.852
133.041 0.987
134.05 1.009
134.994 0.944
135.792 0.798
136.573 0.781
137.411 0.838
138.309 0.898
139.127 0.818
139.903 0.776
140.756 0.853
141.875 1.119
142.883 1.008
143.715 0.832
144.503 0.788
145.355 0.852
146.434 1.079
147.478 1.044
148.458 0.98
149.427 0.969
150.403 0.976
151.231 0.828
152.036 0.805
152.841 0.805
153.905 1.064
154.824 0.919
155.674 0.85
156.606 0.932
157.623 1.017
158.534 0.911
159.441 0.907
160.421 0.98
161.282 0.861
162.067 0.785
162.932 0.865
163.979 1.047
165.03 1.051
165.964 0.934
166.882 0.918
167.849 0.967
168.816 0.967
169.627 0.811
170.37 0.743
171.127 0.757
172.164 1.037
173.278 1.114
174.231 0.953
175.057 0.826
175.902 0.845
176.858 0.956
177.857 0.999
178.769 0.912
179.582 0.813
180.377 0.795
181.189 0.812
182.003 0.814
182.819 0.816
183.716 0.897
184.685 0.969
185.665 0.98
186.525 0.86
187.361 0.836
188.167 0.806
188.955 0.788
189.689 0.734
190.379 0.69
191.074 0.695
191.794 0.72
192.56 0.766
193.509 0.949
194.471 0.962
195.298 0.827
196.043 0.745
196.781 0.738
197.541 0.76
198.4 0.859
199.295 0.895
200.164 0.869
200.977 0.813
201.812 0.835
202.675 0.863
203.512 0.837
204.316 0.804
205.073 0.757
205.796 0.723
206.587 0.791
207.511 0.924
208.305 0.794
209.094 0.789
209.952 0.858
210.941 0.989
211.831 0.89
212.605 0.774
213.383 0.778
214.236 0.853
215.181 0.945
216.024 0.843
216.822 0.798
217.608 0.786
218.464 0.856
219.374 0.91
220.2 0.826
221.053 0.853
222.001 0.948
222.953 0.952
223.785 0.832
224.62 0.835
225.496 0.876
226.417 0.921
227.25 0.833
228.092 0.842
228.999 0.907
230.022 1.023
230.971 0.949
231.769 0.798
232.564 0.795
233.415 0.851
234.257 0.842
235.218 0.961
236.107 0.889
236.898 0.791
237.67 0.772
238.472 0.802
239.282 0.81
240.029 0.747
240.754 0.725
241.521 0.767
242.425 0.904
243.229 0.804
244.024 0.795
244.798 0.774
245.54 0.742
246.294 0.754
247.111 0.817
248.049 0.938
248.882 0.833
249.701 0.819
250.548 0.847
251.405 0.857
252.205 0.8
252.949 0.744
253.736 0.787
254.587 0.851
255.397 0.81
256.228 0.831
257.081 0.853
257.977 0.896
258.798 0.821
259.643 0.845
260.49 0.847
261.351 0.861
262.265 0.914
263.1 0.835
263.87 0.77
264.693 0.823
265.583 0.89
266.412 0.829
267.148 0.736
267.88 0.732
268.558 0.678
269.226 0.668
269.876 0.65
270.514 0.638
271.188 0.674
271.923 0.735
272.664 0.741
273.463 0.799
274.313 0.85
275.178 0.865
275.936 0.758
276.704 0.768
277.507 0.803
278.357 0.85
279.254 0.897
280.129 0.875
280.922 0.793
281.698 0.776
282.495 0.797
283.355 0.86
284.281 0.926
285.116 0.835
285.889 0.773
286.662 0.773
287.483 0.821
288.436 0.953
289.317 0.881
290.152 0.835
290.996 0.844
291.864 0.868
292.705 0.841
293.463 0.758
294.237 0.774
295.066 0.829
295.999 0.933
296.926 0.927
297.765 0.839
298.552 0.787
299.334 0.782
300.111 0.777
300.857 0.746
301.589 0.732
302.372 0.783
303.334 0.962
304.325 0.991
305.195 0.87
306.015 0.82
306.821 0.806
307.622 0.801
308.399 0.777
309.134 0.735
309.884 0.75
310.669 0.785
311.604 0.935
312.552 0.948
313.42 0.868
314.299 0.879
315.165 0.866
316.023 0.858
316.859 0.836
317.728 0.869
318.572 0.844
319.464 0.892
320.309 0.845
321.17 0.861
322.062 0.892
323.008 0.946
323.892 0.884
324.753 0.861
325.657 0.904
326.611 0.954
327.517 0.906
328.392 0.875
329.244 0.852
330.004 0.76
330.776 0.772
331.588 0.812
332.358 0.77
333.1 0.742
333.948 0.848
334.929 0.981
335.83 0.901
336.68 0.85
337.514 0.834
338.32 0.806
339.11 0.79
339.902 0.792
340.657 0.755
341.432 0.775
342.123 0.691
342.821 0.698
343.577 0.756
344.483 0.906
345.437 0.954
346.286 0.849
347.125 0.839
347.976 0.851
348.84 0.864
349.69 0.85
350.468 0.778
351.233 0.765
352.065 0.832
353.009 0.944
353.956 0.947
354.823 0.867
355.692 0.869
356.543 0.851
357.281 0.738
358.022 0.741
358.798 0.776
359.561 0.763
360.452 0.891
361.394 0.942
362.272 0.878
363.135 0.863
363.981 0.846
364.859 0.878
365.753 0.894
366.628 0.875
367.533 0.905
368.412 0.879
369.269 0.857
370.163 0.894
371.088 0.925
371.943 0.855
372.703 0.76
373.451 0.748
374.214 0.763
375.016 0.802
375.79 0.774
376.552 0.762
377.374 0.822
378.197 0.823
379.054 0.857
379.899 0.845
380.667 0.768
381.391 0.724
382.084 0.693
382.758 0.674
383.438 0.68
384.124 0.686
384.798 0.674
385.475 0.677
386.155 0.68
386.817 0.662
387.481 0.664
388.145 0.664
388.801 0.656
389.474 0.673
390.164 0.69
390.883 0.719
391.633 0.75
392.38 0.747
393.124 0.744
393.841 0.717
394.571 0.73
395.343 0.772
396.205 0.862
396.964 0.759
397.7 0.736
398.456 0.756
399.259 0.803
400.141 0.882
400.949 0.808
401.775 0.826
402.506 0.731
403.232 0.726
404.07 0.838
404.849 0.779
405.582 0.733
406.27 0.688
406.978 0.708
407.827 0.849
408.728 0.901
409.564 0.836
410.446 0.882
411.354 0.908
412.22 0.866
413.038 0.818
413.874 0.836
414.886 1.012
415.934 1.048
416.865 0.931
417.819 0.954
418.771 0.952
419.68 0.909
420.551 0.871
421.479 0.928
422.477 0.998
423.399 0.922
424.343 0.944
425.351 1.008
426.301 0.95
427.134 0.833
427.967 0.833
428.887 0.92
429.84 0.953
430.745 0.905
431.577 0.832
432.43 0.853
433.437 1.007
434.33 0.893
435.241 0.911
436.173 0.932
437.084 0.911
437.945 0.861
438.774 0.829
439.673 0.899
440.479 0.806
441.305 0.826
442.21 0.905
443.146 0.936
444.081 0.935
444.978 0.897
445.822 0.844
446.642 0.82
447.402 0.76
448.213 0.811
449.084 0.871
450.072 0.988
450.965 0.893
451.859 0.894
452.757 0.898
453.586 0.829
454.439 0.853
455.312 0.873
456.12 0.808
456.933 0.813
457.801 0.868
458.758 0.957
459.619 0.861
460.5 0.881
461.419 0.919
462.294 0.875
463.073 0.779
463.849 0.776
464.65 0.801
465.504 0.854
466.282 0.778
467.121 0.839
468.065 0.944
469.096 1.031
470.067 0.971
470.854 0.787
471.639 0.785
472.449 0.81
473.302 0.853
474.097 0.795
474.888 0.791
475.676 0.788
476.49 0.814
477.284 0.794
478.012 0.728
478.735 0.723
479.484 0.749
480.338 0.854
481.29 0.952
482.217 0.927
483.011 0.794
483.788 0.777
484.501 0.713
485.211 0.71
485.944 0.733
486.746 0.802
487.554 0.808
488.388 0.834
489.365 0.977
490.387 1.022
491.337 0.95
492.265 0.928
493.215 0.95
494.127 0.912
494.984 0.857
495.796 0.812
496.669 0.873
497.635 0.966
498.599 0.964
499.555 0.956
500.429 0.874
501.224 0.795
502.024 0.8
502.884 0.86
503.723 0.839
504.576 0.853
505.464 0.888
506.389 0.925
507.212 0.823
508.002 0.79
508.802 0.8
509.67 0.868
510.499 0.829
511.259 0.76
512.037 0.778
512.801 0.764
513.627 0.826
514.372 0.745
515.154 0.782
515.997 0.843
516.877 0.88
517.702 0.825
518.489 0.787
519.292 0.803
520.124 0.832
520.932 0.808
521.682 0.75
522.461 0.779
523.307 0.846
524.068 0.761
524.775 0.707
525.476 0.701
526.212 0.736
527.068 0.856
528.19 1.122
529.043 0.853
529.812 0.769
530.701 0.889
531.561 0.86
532.396 0.835
533.164 0.768
533.932 0.768
534.734 0.802
535.526 0.792
536.365 0.839
537.208 0.843
538.094 0.886
538.9 0.806
539.716 0.816
540.506 0.79
541.337 0.831
542.201 0.864
543.024 0.823
543.88 0.856
544.738 0.858
545.551 0.813
546.327 0.776
547.092 0.765
547.877 0.785
548.643 0.766
549.408 0.765
550.145 0.737
550.904 0.759
551.698 0.794
552.5 0.802
553.251 0.751
554.1 0.849
554.973 0.873
555.811 0.838
556.594 0.783
557.392 0.798
558.211 0.819
559.009 0.798
559.783 0.774
560.558 0.775
561.347 0.789
562.118 0.771
562.896 0.778
563.738 0.842
564.672 0.934
565.537 0.865
566.326 0.789
567.133 0.807
567.959 0.826
568.79 0.831
569.576 0.786
570.406 0.83
571.33 0.924
572.196 0.866
573.15 0.954
574.092 0.942
574.928 0.836
575.756 0.828
576.59 0.834
577.465 0.875
578.271 0.806
579.099 0.828
579.95 0.851
580.855 0.905
581.682 0.827
582.496 0.814
583.377 0.881
584.303 0.926
585.169 0.866
586.045 0.876
586.894 0.849
587.726 0.832
588.504 0.778
589.301 0.797
590.123 0.822
590.937 0.814
591.693 0.756
592.466 0.773
593.277 0.811
594.201 0.924
595.035 0.834
595.876 0.841
596.686 0.81
597.433 0.747
598.185 0.752
598.946 0.761
599.788 0.842
600.624 0.836
601.519 0.895
602.397 0.878
603.21 0.813
603.995 0.785
604.811 0.816
605.697 0.886
606.488 0.791
607.252 0.764
608.036 0.784
608.845 0.809
609.61 0.765
610.344 0.734
611.085 0.741
611.868 0.783
612.777 0.909
613.611 0.834
614.503 0.892
615.405 0.902
616.262 0.857
617.089 0.827
617.916 0.827
618.755 0.839
619.536 0.781
620.328 0.792
621.071 0.743
621.764 0.693
622.458 0.694
623.174 0.716
623.966 0.792
624.719 0.753
625.498 0.779
626.327 0.829
627.169 0.842
627.99 0.821
628.825 0.835
629.627 0.802
630.381 0.754
631.134 0.753
631.914 0.78
632.752 0.838
633.565 0.813
634.4 0.835
635.183 0.783
636.035 0.852
636.866 0.831
637.721 0.855
638.509 0.788
639.311 0.802
640.137 0.826
640.978 0.841
641.829 0.851
642.683 0.854
643.55 0.867
644.401 0.851
645.176 0.775
646.017 0.841
646.844 0.827
647.693 0.849
648.493 0.8
649.281 0.788
650.096 0.815
651.002 0.906
651.904 0.902
652.699 0.795
653.512 0.813
654.285 0.773
655.035 0.75
655.733 0.698
656.423 0.69
657.132 0.709
657.864 0.732
658.69 0.826
659.447 0.757
660.148 0.701
660.881 0.733
661.65 0.769
662.429 0.779
663.202 0.773
663.954 0.752
664.704 0.75
665.46 0.756
666.24 0.78
666.995 0.755
667.737 0.742
668.502 0.765
669.435 0.933
670.253 0.818
671.033 0.78
671.861 0.828
672.801 0.94
673.699 0.898
674.522 0.823
675.358 0.836
676.242 0.884
677.081 0.839
677.837 0.756
678.591 0.754
679.397 0.806
680.345 0.948
681.286 0.941
682.083 0.797
682.839 0.756
683.623 0.784
684.477 0.854
685.285 0.808
686.031 0.746
686.816 0.785
687.727 0.911
688.657 0.93
689.566 0.909
690.553 0.987
691.541 0.988
692.444 0.903
693.355 0.911
694.29 0.935
695.132 0.842
695.946 0.814
696.793 0.847
697.74 0.947
698.528 0.788
699.337 0.809
700.199 0.862
701.121 0.922
702.022 0.901
702.946 0.924
703.71 0.764
704.475 0.765
705.308 0.833
706.265 0.957
707.091 0.826
707.997 0.906
708.943 0.946
709.854 0.911
710.874 1.02
711.878 1.004
712.772 0.894
713.667 0.895
714.588 0.921
715.494 0.906
716.326 0.832
717.084 0.758
717.834 0.75
718.608 0.774
719.516 0.908
720.584 1.068
721.553 0.969
722.467 0.914
723.364 0.897
724.308 0.944
725.122 0.814
725.958 0.836
726.792 0.834
727.661 0.869
728.677 1.016
729.675 0.998
730.682 1.007
731.692 1.01
732.624 0.932
733.496 0.872
734.341 0.845
735.112 0.771
735.922 0.81
736.786 0.864
737.616 0.83
738.52 0.904
739.459 0.939
740.407 0.948
741.294 0.887
742.119 0.825
742.874 0.755
743.63 0.756
744.426 0.796
745.229 0.803
746.156 0.927
747.128 0.972
748.016 0.888
748.79 0.774
749.537 0.747
750.338 0.801
751.278 0.94
752.273 0.995
753.224 0.951
754.164 0.94
755.093 0.929
755.923 0.83
756.79 0.867
757.733 0.943
758.713 0.98
759.608 0.895
760.467 0.859
761.261 0.794
762.087 0.826
762.981 0.894
763.825 0.844
764.666 0.841
765.606 0.94
766.589 0.983
767.529 0.94
768.451 0.922
769.41 0.959
770.344 0.934
771.205 0.861
772.089 0.884
772.93 0.841
773.818 0.888
774.817 0.999
775.834 1.017
776.774 0.94
777.772 0.998
778.715 0.943
779.644 0.929
780.56 0.916
781.461 0.901
782.405 0.944
783.306 0.901
784.213 0.907
785.199 0.986
786.185 0.986
787.034 0.849
787.923 0.889
788.885 0.962
789.737 0.852
790.634 0.897
791.692 1.058
792.571 0.879
793.42 0.849
794.232 0.812
795.101 0.869
795.949 0.848
796.757 0.808
797.668 0.911
798.606 0.938
799.477 0.871
800.277 0.8
801.107 0.83
802.014 0.907
802.896 0.882
803.743 0.847
804.632 0.889
805.579 0.947
806.508 0.929
807.347 0.839
808.253 0.906
809.191 0.938
810.096 0.905
810.942 0.846
811.81 0.868
812.729 0.919
813.648 0.919
814.449 0.801
815.272 0.823
816.155 0.883
817.019 0.864
817.914 0.895
818.821 0.907
819.727 0.906
820.526 0.799
821.339 0.813
822.204 0.865
823.103 0.899
823.885 0.782
824.679 0.794
825.489 0.81
826.312 0.823
827.12 0.808
827.907 0.787
828.801 0.894
829.795 0.994
830.744 0.949
831.569 0.825
832.374 0.805
833.207 0.833
834.075 0.868
834.899 0.824
835.768 0.869
836.715 0.947
837.614 0.899
838.462 0.848
839.339 0.877
840.269 0.93
841.156 0.887
842.064 0.908
843.0 0.936
843.917 0.917
844.728 0.811
845.543 0.815
846.426 0.883
847.338 0.912
848.175 0.837
849.067 0.892
850.004 0.937
850.872 0.868
851.667 0.795
852.49 0.823
853.354 0.864
854.201 0.847
855.082 0.881
856.021 0.939
856.93 0.909
857.7 0.77
858.483 0.783
859.26 0.777
860.018 0.758
860.808 0.79
861.607 0.799
862.439 0.832
863.214 0.775
863.979 0.765
864.765 0.786
865.563 0.798
866.304 0.741
867.073 0.769
867.882 0.809
868.754 0.872
869.599 0.845
870.439 0.84
871.277 0.838
872.145 0.868
872.945 0.8
873.711 0.766
874.493 0.782
875.344 0.851
876.179 0.835
877.037 0.858
877.981 0.944
878.911 0.93
879.734 0.823
880.58 0.846
881.449 0.869
882.322 0.873
883.114 0.792
883.924 0.81
884.762 0.838
885.765 1.003
886.654 0.889
887.535 0.881
888.413 0.878
889.256 0.843
890.043 0.787
890.843 0.8
891.608 0.765
892.344 0.736
893.028 0.684
893.724 0.696
894.406 0.682
895.099 0.693
895.889 0.79
896.636 0.747
897.412 0.776
898.232 0.82
899.083 0.851
899.897 0.814
900.722 0.825
901.525 0.803
902.244 0.719
902.925 0.681
903.595 0.67
904.28 0.685
905.072 0.792
905.922 0.85
906.793 0.871
907.715 0.922
908.636 0.921
909.489 0.853
910.336 0.847
911.165 0.829
911.944 0.779
912.683 0.739
913.448 0.765
914.36 0.912
915.342 0.982
916.25 0.908
917.181 0.931
918.153 0.972
919.067 0.914
919.955 0.888
920.861 0.906
921.776 0.915
922.619 0.843
923.515 0.896
924.443 0.928
925.411 0.968
926.281 0.87
927.189 0.908
928.094 0.905
928.952 0.858
929.778 0.826
930.619 0.841
931.561 0.942
932.487 0.926
933.372 0.885
934.307 0.935
935.255 0.948
936.142 0.887
937.048 0.906
937.928 0.88
938.757 0.829
939.551 0.794
940.365 0.814
941.259 0.894
942.09 0.831
942.977 0.887
943.874 0.897
944.753 0.879
945.565 0.812
946.4 0.835
947.266 0.866
948.105 0.839
948.831 0.726
949.572 0.741
950.348 0.776
951.205 0.857
951.977 0.772
952.749 0.772
953.531 0.782
954.372 0.841
955.219 0.847
956.026 0.807
956.835 0.809
957.69 0.855
958.502 0.812
959.317 0.815
960.158 0.841
961.032 0.874
961.831 0.799
962.681 0.85
963.594 0.913
964.471 0.877
965.304 0.833
966.112 0.808
966.95 0.838
967.843 0.893
968.662 0.819
969.59 0.928
970.594 1.004
971.489 0.895
972.358 0.869
973.271 0.913
974.148 0.877
974.943 0.795
975.765 0.822
976.613 0.848
977.51 0.897
978.394 0.884
979.315 0.921
980.279 0.964
981.191 0.912
982.008 0.817
982.837 0.829
983.731 0.894
984.594 0.863
985.409 0.815
986.242 0.833
987.138 0.896
988.024 0.886
988.875 0.851
989.723 0.848
990.623 0.9
991.431 0.808
992.235 0.804
993.13 0.895
994.147 1.017
995.124 0.977
995.954 0.83
996.771 0.817
997.616 0.845
998.478 0.862
999.319 0.841
1000.166 0.847
1000.987 0.821
1001.746 0.759
1002.524 0.778
1003.281 0.757
1004.091 0.81
1004.83 0.739
1005.594 0.764
1006.391 0.797
1007.18 0.789
1007.918 0.738
1008.657 0.739
1009.392 0.735
1010.094 0.702
1010.805 0.711
1011.528 0.723
1012.245 0.717
1012.971 0.726
1013.69 0.719
1014.42 0.73
1015.164 0.744
1015.924 0.76
1016.646 0.722
1017.402 0.756
1018.169 0.767
1018.946 0.777
1019.696 0.75
1020.44 0.744
1021.164 0.724
1021.887 0.723
1022.638 0.751
1023.364 0.726
1024.059 0.695
1024.729 0.67
1025.387 0.658
1026.044 0.657
1026.704 0.66
1027.359 0.655
1028.094 0.735
1028.976 0.882
1029.772 0.796
1030.488 0.716
1031.201 0.713
1031.923 0.722
1032.637 0.714
1033.342 0.705
1034.046 0.704
1034.742 0.696
1035.456 0.714
1036.208 0.752
1036.983 0.775
1037.798 0.815
1038.621 0.823
1039.461 0.84
1040.231 0.77
1040.986 0.755
1041.763 0.777
1042.61 0.847
1043.462 0.852
1044.203 0.741
1044.948 0.745
1045.731 0.783
1046.572 0.841
1047.397 0.825
1048.202 0.805
1048.978 0.776
1049.682 0.704
1050.386 0.704
1051.104 0.718
1051.917 0.813
1052.642 0.725
1053.348 0.706
1054.099 0.751
1055.041 0.942
1055.961 0.92
1056.804 0.843
1057.642 0.838
1058.478 0.836
1059.292 0.814
1060.071 0.779
1060.823 0.752
1061.554 0.731
1062.265 0.711
1062.978 0.713
1063.662 0.684
1064.34 0.678
1065.016 0.676
1065.684 0.668
1066.366 0.682
1067.119 0.753
1067.893 0.774
1068.756 0.863
1069.68 0.924
1070.575 0.895
1071.354 0.779
1072.134 0.78
1072.924 0.79
1073.804 0.88
1074.751 0.947
1075.576 0.825
1076.348 0.772
1077.079 0.731
1077.823 0.744
1078.657 0.834
1079.533 0.876
1080.341 0.808
1081.236 0.895
1082.197 0.961
1083.102 0.905
1083.944 0.842
1084.786 0.842
1085.666 0.88
1086.589 0.923
1087.472 0.883
1088.369 0.897
1089.358 0.989
1090.37 1.012
1091.349 0.979
1092.214 0.865
1093.058 0.844
1093.972 0.914
1094.998 1.026
1095.995 0.997
1096.993 0.998
1097.952 0.959
1098.907 0.955
1099.889 0.982
1100.846 0.957
1101.711 0.865
1102.559 0.848
1103.521 0.962
1104.562 1.041
1105.491 0.929
1106.477 0.986
1107.49 1.013
1108.431 0.941
1109.322 0.891
1110.237 0.915
1111.167 0.93
1112.012 0.845
1112.846 0.834
1113.716 0.87
1114.646 0.93
1115.52 0.874
1116.401 0.881
1117.336 0.935
1118.35 1.014
1119.322 0.972
1120.249 0.927
1121.195 0.946
1122.098 0.903
1122.95 0.852
1123.832 0.882
1124.794 0.962
1125.784 0.99
1126.673 0.889
1127.572 0.899
1128.507 0.935
1129.437 0.93
1130.338 0.901
1131.244 0.906
1132.161 0.917
1133.074 0.913
1134.008 0.934
1135.004 0.996
1136.032 1.028
1136.966 0.934
1137.94 0.974
1138.945 1.005
1139.916 0.971
1140.807 0.891
1141.729 0.922
1142.763 1.034
1143.789 1.026
1144.731 0.942
1145.71 0.979
1146.671 0.961
1147.497 0.826
1148.24 0.743
1148.995 0.755
1149.817 0.822
1150.854 1.037
1151.87 1.016
1152.929 1.059
1153.897 0.968
1154.719 0.822
1155.487 0.768
1156.278 0.791
1157.189 0.911
1157.981 0.792
1158.794 0.813
1159.72 0.926
1160.646 0.926
1161.488 0.842
1162.388 0.9
1163.349 0.961
1164.192 0.843
1165.007 0.815
1165.796 0.789
1166.69 0.894
1167.66 0.97
1168.527 0.867
1169.414 0.887
1170.353 0.939
1171.268 0.915
1172.178 0.91
1173.144 0.966
1174.062 0.918
1175.042 0.98
1176.056 1.014
1177.022 0.966
1177.992 0.97
1178.98 0.988
1179.949 0.969
1180.799 0.85
1181.647 0.848
1182.601 0.954
1183.573 0.972
1184.412 0.839
1185.183 0.771
1185.966 0.783
1186.844 0.878
1187.95 1.106
1188.941 0.991
1189.89 0.949
1190.852 0.962
1191.796 0.944
1192.668 0.872
1193.507 0.839
1194.356 0.849
1195.198 0.842
1196.007 0.809
1196.897 0.89
1197.776 0.879
1198.678 0.902
1199.572 0.894
1200.391 0.819
1201.176 0.785
1202.023 0.847
1202.946 0.923
1203.862 0.916
1204.687 0.825
1205.455 0.768
1206.278 0.823
1207.253 0.975
1208.26 1.007
1209.217 0.957
1210.184 0.967
1211.123 0.939
1212.03 0.907
1212.903 0.873
1213.846 0.943
1214.882 1.036
1215.86 0.978
1216.852 0.992
1217.855 1.003
1218.849 0.994
1219.816 0.967
1220.772 0.956
1221.591 0.819
1222.354 0.763
1223.125 0.771
1224.057 0.932
1224.918 0.861
1225.88 0.962
1226.783 0.903
1227.567 0.784
1228.377 0.81
1229.155 0.778
1229.925 0.77
1230.693 0.768
1231.422 0.729
1232.115 0.693
1232.807 0.692
1233.528 0.721
1234.34 0.812
1235.081 0.741
1235.865 0.784
1236.771 0.906
1237.666 0.895
1238.447 0.781
1239.223 0.776
1240.033 0.81
1240.876 0.843
1241.643 0.767
1242.411 0.768
1243.27 0.859
1244.153 0.883
1244.99 0.837
1245.878 0.888
1246.817 0.939
1247.638 0.821
1248.475 0.837
1249.31 0.835
1250.083 0.773
1250.893 0.81
1251.705 0.812
1252.515 0.81
1253.369 0.854
1254.135 0.766
1254.89 0.755
1255.651 0.761
1256.425 0.774
1257.183 0.758
1257.994 0.811
1258.847 0.853
1259.698 0.851
1260.48 0.782
1261.21 0.73
1261.941 0.731
1262.729 0.788
1263.575 0.846
1264.367 0.792
1265.171 0.804
1265.984 0.813
1266.811 0.827
1267.58 0.769
1268.376 0.796
1269.195 0.819
1270.009 0.814
1270.77 0.761
1271.569 0.799
1272.391 0.822
1273.252 0.861
1274.063 0.811
1274.811 0.748
1275.521 0.71
1276.246 0.725
1277.08 0.834
1278.048 0.968
1278.916 0.868
1279.779 0.863
1280.655 0.876
1281.485 0.83
1282.331 0.846
1283.109 0.778
1283.926 0.817
1284.75 0.824
1285.546 0.796
1286.254 0.708
1286.92 0.666
1287.571 0.651
1288.217 0.646
1288.853 0.636
1289.484 0.631
1290.095 0.611
1290.713 0.618
1291.34 0.627
1291.984 0.644
1292.666 0.682
1293.366 0.7
1294.044 0.678
1294.738 0.694
1295.448 0.71
1296.199 0.751
1296.944 0.745
1297.683 0.739
1298.433 0.75
1299.187 0.754
1299.893 0.706
1300.563 0.67
1301.225 0.662
1301.865 0.64
1302.477 0.612
1303.134 0.657
1304.35 1.216
1305.408 1.058
1306.388 0.98
1307.231 0.843
1308.077 0.846
1309.009 0.932
1309.971 0.962
1310.925 0.954
1311.85 0.925
1312.723 0.873
1313.591 0.868
1314.463 0.872
1315.359 0.896
1316.25 0.891
1317.146 0.896
1318.043 0.897
1318.828 0.785
1319.602 0.774
1320.402 0.8
1321.12 0.718
1321.838 0.718
1322.556 0.718
1323.364 0.808
1323.845 0.481
1324.161 0.316
1324.952 0.791
1325.673 0.721
1326.4 0.727
1327.132 0.732
1327.923 0.791
1328.728 0.805
1329.482 0.754
1330.178 0.696
1330.847 0.669
1331.512 0.665
1332.188 0.676
1332.939 0.751
1333.84 0.901
1334.851 1.011
1335.825 0.974
1336.755 0.93
1337.6 0.845
1338.385 0.785
1339.121 0.736
1339.842 0.721
1340.548 0.706
1341.22 0.672
1341.886 0.666
1342.577 0.691
1343.418 0.841
1344.447 1.029
1345.451 1.004
1346.247 0.796
1347.28 1.033
1348.132 0.852
1348.935 0.803
1349.738 0.803
1350.459 0.721
1351.135 0.676
1351.799 0.664
1352.464 0.665
1353.172 0.708
1354.171 0.999
1355.2 1.029
1356.198 0.998
1357.184 0.986
1358.101 0.917
1358.956 0.855
1359.728 0.772
1360.424 0.696
1361.102 0.678
1361.77 0.668
1362.456 0.686
1363.331 0.875
1364.335 1.004
1365.335 1.0
1366.298 0.963
1367.216 0.918
1368.112 0.896
1368.996 0.884
1369.864 0.868
1370.575 0.711
1371.26 0.685
1371.941 0.681
1372.752 0.811
1373.862 1.11
1374.897 1.035
1375.888 0.991
1376.808 0.92
1377.66 0.852
1378.49 0.83
1379.295 0.805
1380.069 0.774
1380.758 0.689
1381.421 0.663
1382.063 0.642
1382.7 0.637
1383.483 0.783
1384.752 1.269
1385.87 1.118
1386.9 1.03
1387.866 0.966
1388.746 0.88
1389.524 0.778
1390.253 0.729
1390.949 0.696
1391.643 0.694
1392.35 0.707
1393.099 0.749
1393.979 0.88
1394.826 0.847
1395.656 0.83
1396.519 0.863
1397.284 0.765
1398.012 0.728
1398.736 0.724
1399.479 0.743
1400.202 0.723
1400.879 0.677
1401.535 0.656
1402.183 0.648
1402.84 0.657
1403.599 0.759
1404.552 0.953
1405.534 0.982
1406.524 0.99
1407.491 0.967
1408.396 0.905
1409.261 0.865
1410.093 0.832
1410.819 0.726
1411.491 0.672
1412.143 0.652
1412.797 0.654
1413.517 0.72
1414.568 1.051
1415.579 1.011
1416.587 1.008
1417.527 0.94
1418.427 0.9
1419.28 0.853
1420.102 0.822
1420.813 0.711
1421.479 0.666
1422.134 0.655
1422.791 0.657
1423.546 0.755
1424.66 1.114
1425.729 1.069
1426.759 1.03
1427.726 0.967
1428.654 0.928
1429.541 0.887
1430.351 0.81
1431.047 0.696
1431.713 0.666
1432.368 0.655
1433.033 0.665
1433.961 0.928
1435.047 1.086
1436.055 1.008
1437.03 0.975
1437.969 0.939
1438.834 0.865
1439.642 0.808
1440.391 0.749
1441.071 0.68
1441.733 0.662
1442.39 0.657
1443.049 0.659
1443.762 0.713
1444.478 0.716
1445.266 0.788
1446.264 0.998
1447.26 0.996
1448.204 0.944
1449.112 0.908
1449.951 0.839
1450.668 0.717
1451.341 0.673
1451.993 0.652
1452.64 0.647
1453.354 0.714
1454.337 0.983
1455.361 1.024
1456.399 1.038
1457.38 0.981
1458.294 0.914
1459.146 0.852
1459.899 0.753
1460.588 0.689
1461.271 0.683
1461.93 0.659
1462.562 0.632
1463.241 0.679
1464.004 0.763
1464.888 0.884
1465.75 0.862
1466.647 0.897
1467.508 0.861
1468.366 0.858
1469.225 0.859
1470.079 0.854
1470.827 0.748
1471.515 0.688
1472.19 0.675
1472.903 0.713
1474.103 1.2
1475.19 1.087
1476.188 0.998
1477.16 0.972
1478.107 0.947
1479.049 0.942
1479.962 0.913
1480.712 0.75
1481.41 0.698
1482.112 0.702
1482.955 0.843
1484.105 1.15
1485.238 1.133
1486.3 1.062
1487.297 0.997
1488.24 0.943
1489.18 0.94
1490.112 0.932
1490.91 0.798
1491.632 0.722
1492.332 0.7
1493.033 0.701
1493.894 0.861
1495.027 1.133
1496.106 1.079
1497.119 1.013
1498.093 0.974
1499.009 0.916
1499.917 0.908
1500.696 0.779
1501.398 0.702
1502.09 0.692
1502.789 0.699
1503.558 0.769
1504.508 0.95
1505.533 1.025
1506.513 0.98
1507.444 0.931
1508.349 0.905
1509.187 0.838
1509.964 0.777
1510.703 0.739
1511.422 0.719
1512.143 0.721
1512.871 0.728
1513.591 0.72
1514.34 0.749
1515.181 0.841
1516.052 0.871
1517.006 0.954
1517.919 0.913
1518.795 0.876
1519.662 0.867
1520.453 0.791
1521.144 0.691
1521.817 0.673
1522.503 0.686
1523.361 0.858
1524.502 1.141
1525.562 1.06
1526.576 1.014
1527.529 0.953
1528.445 0.916
1529.306 0.861
1530.141 0.835
1530.925 0.784
1531.643 0.718
1532.336 0.693
1533.024 0.688
1533.802 0.778
1534.89 1.088
1535.952 1.062
1536.96 1.008
1537.92 0.96
1538.824 0.904
1539.671 0.847
1540.428 0.757
1541.138 0.71
1541.833 0.695
1542.54 0.707
1543.37 0.83
1544.391 1.021
1545.434 1.043
1546.403 0.969
1547.334 0.931
1548.257 0.923
1549.122 0.865
1549.842 0.72
1550.527 0.685
1551.194 0.667
1551.873 0.679
1552.782 0.909
1553.952 1.17
1555.029 1.077
1556.033 1.004
1556.954 0.921
1557.773 0.819
1558.556 0.783
1559.355 0.799
1560.148 0.793
1560.907 0.759
1561.586 0.679
1562.251 0.665
1562.899 0.648
1563.558 0.659
1564.364 0.806
1565.391 1.027
1566.344 0.953
1567.26 0.916
1568.133 0.873
1568.969 0.836
1569.79 0.821
1570.563 0.773
1571.249 0.686
1571.916 0.667
1572.572 0.656
1573.231 0.659
1573.977 0.746
1574.987 1.01
1575.962 0.975
1576.87 0.908
1577.719 0.849
1578.508 0.789
1579.252 0.744
1580.023 0.771
1580.727 0.704
1581.395 0.668
1582.058 0.663
1582.73 0.672
1583.948 1.218
1585.045 1.097
1586.115 1.07
1587.156 1.041
1588.119 0.963
1589.044 0.925
1589.914 0.87
1590.665 0.751
1591.366 0.701
1592.052 0.686
1592.75 0.698
1593.824 1.074
1594.88 1.056
1595.879 0.999
1596.793 0.914
1597.695 0.902
1598.535 0.84
1599.317 0.782
1600.075 0.758
1600.808 0.733
1601.524 0.716
1602.216 0.692
1602.938 0.722
1603.817 0.879
1604.923 1.106
1606.007 1.084
1607.011 1.004
1607.983 0.972
1608.905 0.922
1609.789 0.884
1610.651 0.862
1611.45 0.799
1612.212 0.762
1613.024 0.812
1613.838 0.814
1614.586 0.748
1615.377 0.791
1616.224 0.847
1617.164 0.94
1618.121 0.957
1618.93 0.809
1619.721 0.791
1620.537 0.816
1621.377 0.84
1622.211 0.834
1623.071 0.86
1623.924 0.853
1624.756 0.832
1625.583 0.827
1626.392 0.809
1627.174 0.782
1627.963 0.789
1628.708 0.745
1629.448 0.74
1630.16 0.712
1630.879 0.719
1631.636 0.757
1632.386 0.75
1633.103 0.717
1633.792 0.689
1634.464 0.672
1635.139 0.675
1635.83 0.691
1636.528 0.698
1637.221 0.693
1637.912 0.691
1638.592 0.68
1639.302 0.71
1640.051 0.749
1640.827 0.776
1641.625 0.798
1642.416 0.791
1643.143 0.727
1643.816 0.673
1644.509 0.693
1645.166 0.657
1645.838 0.672
1646.567 0.729
1647.356 0.789
1648.195 0.839
1649.041 0.846
1649.858 0.817
1650.649 0.791
1651.451 0.802
1652.254 0.803
1653.154 0.9
1654.097 0.943
1655.055 0.958
1655.921 0.866
1656.758 0.837
1657.555 0.797
1658.299 0.744
1659.024 0.725
1659.752 0.728
1660.531 0.779
1661.327 0.796
1662.104 0.777
1662.909 0.805
1663.765 0.856
1664.629 0.864
1665.492 0.863
1666.348 0.856
1667.181 0.833
1667.98 0.799
1668.767 0.787
1669.591 0.824
1670.499 0.908
1671.403 0.904
1672.237 0.834
1673.039 0.802
1673.875 0.836
1674.716 0.841
1675.592 0.876
1676.434 0.842
1677.317 0.883
1678.283 0.966
1679.195 0.912
1680.11 0.915
1680.997 0.887
1681.89 0.893
1682.824 0.934
1683.752 0.928
1684.657 0.905
1685.517 0.86
1686.35 0.833
1687.151 0.801
1687.874 0.723
1688.585 0.711
1689.284 0.699