0.000 0.639
0.639 0.639
1.314 0.675
2.048 0.734
2.853 0.805
3.814 0.961
4.583 0.769
5.398 0.815
5.733 0.335
6.115 0.382
6.784 0.669
7.476 0.692
8.505 1.029
9.522 1.017
10.456 0.934
16.999 6.543
17.983 0.984
18.992 1.009
19.945 0.953
20.763 0.818
21.76 0.997
22.958 1.198
24.139 1.181
25.264 1.125
26.296 1.032
27.366 1.07
28.442 1.076
29.526 1.084
30.62 1.094
31.719 1.099
32.858 1.139
33.914 1.056
34.973 1.059
36.135 1.162
37.342 1.207
38.421 1.079
39.515 1.094
40.697 1.182
41.844 1.147
42.906 1.062
43.973 1.067
44.914 0.941
45.884 0.97
46.998 1.114
48.001 1.003
49.014 1.013
49.882 0.868
50.877 0.995
51.973 1.096
52.919 0.946
53.849 0.93
54.891 1.042
55.942 1.051
56.877 0.935
57.852 0.975
58.981 1.129
60.126 1.145
61.151 1.025
62.201 1.05
63.34 1.139
64.5 1.16
65.541 1.041
66.615 1.074
67.746 1.131
68.878 1.132
69.916 1.038
70.963 1.047
72.04 1.077
73.045 1.005
74.034 0.989
75.085 1.051
76.18 1.095
77.265 1.085
78.244 0.979
79.072 0.828
79.981 0.909
81.065 1.084
82.16 1.095
83.117 0.957
84.027 0.91
84.977 0.95
85.932 0.955
86.906 0.974
87.882 0.976
88.872 0.99
89.882 1.01
90.896 1.014
91.931 1.035
92.903 0.972
93.862 0.959
94.843 0.981
95.757 0.914
96.737 0.98
97.787 1.05
98.747 0.96
99.582 0.835
100.495 0.913
101.54 1.045
102.585 1.045
103.517 0.932
104.52 1.003
105.566 1.046
106.531 0.965
107.364 0.833
108.251 0.887
109.479 1.228
110.67 1.191
111.767 1.097
112.822 1.055
113.877 1.055
114.875 0.998
115.776 0.901
116.681 0.905
117.586 0.905
118.573 0.987
119.618 1.045
120.693 1.075
121.717 1.024
122.682 0.965
123.593 0.911
124.525 0.932
125.41 0.885
126.339 0.929
127.184 0.845
127.993 0.809
128.86 0.867
129.759 0.899
130.638 0.879
131.456 0.818
132.314 0.858
133.139 0.825
134.006 0.867
134.962 0.956
135.953 0.991
136.872 0.919
137.851 0.979
138.904 1.053
139.893 0.989
140.87 0.977
141.956 1.086
143.064 1.108
144.151 1.087
145.185 1.034
146.23 1.045
147.31 1.08
148.366 1.056
149.367 1.001
150.394 1.027
151.456 1.062
152.507 1.051
153.466 0.959
154.454 0.988
155.526 1.072
156.591 1.065
157.585 0.994
158.623 1.038
159.697 1.074
160.724 1.027
161.651 0.927
162.591 0.94
163.617 1.026
164.616 0.999
165.494 0.878
166.3 0.806
167.11 0.81
168.063 0.953
169.109 1.046
170.147 1.038
171.16 1.013
172.105 0.945
172.972 0.867
173.835 0.863
174.742 0.907
175.678 0.936
176.551 0.873
177.468 0.917
178.494 1.026
179.551 1.057
180.532 0.981
181.493 0.961
182.481 0.988
183.462 0.981
184.4 0.938
185.241 0.841
186.087 0.846
186.995 0.908
187.883 0.888
188.721 0.838
189.518 0.797
190.326 0.808
191.224 0.898
192.22 0.996
193.263 1.043
194.233 0.97
195.136 0.903
196.043 0.907
196.958 0.915
197.887 0.929
198.806 0.919
199.671 0.865
200.591 0.92
201.646 1.055
202.708 1.062
203.748 1.04
204.738 0.99
205.64 0.902
206.565 0.925
207.543 0.978
208.506 0.963
209.414 0.908
210.359 0.945
211.227 0.868
212.027 0.8
212.891 0.864
213.726 0.835
214.599 0.873
215.514 0.915
216.417 0.903
217.3 0.883
218.148 0.848
218.997 0.849
219.814 0.817
220.651 0.837
221.519 0.868
222.487 0.968
223.353 0.866
224.275 0.922
225.318 1.043
226.355 1.037
227.287 0.932
228.183 0.896
229.123 0.94
230.129 1.006
231.096 0.967
232.006 0.91
232.967 0.961
234.01 1.043
235.056 1.046
235.999 0.943
236.972 0.973
238.01 1.038
239.0 0.99
239.907 0.907
240.908 1.001
242.013 1.105
243.026 1.013
243.985 0.959
244.956 0.971
245.977 1.021
246.964 0.987
247.905 0.941
248.941 1.036
250.022 1.081
251.063 1.041
252.044 0.981
253.083 1.039
254.118 1.035
255.081 0.963
256.044 0.963
257.022 0.978
257.872 0.85
258.777 0.905
259.793 1.016
260.906 1.113
261.945 1.039
262.941 0.996
263.947 1.006
264.944 0.997
265.872 0.928
266.759 0.887
267.696 0.937
268.692 0.996
269.65 0.958
270.607 0.957
271.6 0.993
272.449 0.849
273.316 0.867
274.266 0.95
275.103 0.837
275.96 0.857
276.872 0.912
277.871 0.999
278.877 1.006
279.833 0.956
280.836 1.003
281.893 1.057
282.901 1.008
283.806 0.905
284.758 0.952
285.748 0.99
286.757 1.009
287.721 0.964
288.642 0.921
289.579 0.937
290.481 0.902
291.296 0.815
292.147 0.851
293.015 0.868
293.804 0.789
294.617 0.813
295.492 0.875
296.281 0.789
297.042 0.761
297.843 0.801
298.684 0.841
299.433 0.749
300.147 0.714
300.85 0.703
301.607 0.757
302.454 0.847
303.339 0.885
304.167 0.828
305.017 0.85
305.897 0.88
306.789 0.892
307.685 0.896
308.549 0.864
309.411 0.862
310.343 0.932
311.388 1.045
312.45 1.062
313.484 1.034
314.478 0.994
315.392 0.914
316.235 0.843
317.005 0.77
317.767 0.762
318.585 0.818
319.569 0.984
320.59 1.021
321.646 1.056
322.616 0.97
323.588 0.972
324.516 0.928
325.44 0.924
326.374 0.934
327.272 0.898
328.145 0.873
328.989 0.844
329.872 0.883
330.799 0.927
331.626 0.827
332.51 0.884
333.439 0.929
334.314 0.875
335.179 0.865
336.006 0.827
336.746 0.74
337.511 0.765
338.319 0.808
339.258 0.939
340.231 0.973
341.19 0.959
342.063 0.873
342.84 0.777
343.591 0.751
344.302 0.711
345.038 0.736
345.845 0.807
346.643 0.798
347.366 0.723
348.102 0.736
348.9 0.798
349.686 0.786
350.452 0.766
351.174 0.722
351.884 0.71
352.555 0.671
353.208 0.653
353.863 0.655
354.55 0.687
355.31 0.76
356.194 0.884
357.119 0.925
358.048 0.929
358.97 0.922
359.868 0.898
360.716 0.848
361.6 0.884
362.577 0.977
363.587 1.01
364.494 0.907
365.405 0.911
366.325 0.92
367.3 0.975
368.193 0.893
368.984 0.791
369.862 0.878
370.911 1.049
371.922 1.011
372.854 0.932
373.787 0.933
374.721 0.934
375.618 0.897
376.561 0.943
377.522 0.961
378.55 1.028
379.525 0.975
380.435 0.91
381.267 0.832
382.079 0.812
382.828 0.749
383.589 0.761
384.425 0.836
385.411 0.986
386.412 1.001
387.352 0.94
388.311 0.959
389.267 0.956
390.26 0.993
391.233 0.973
392.187 0.954
393.164 0.977
394.136 0.972
395.022 0.886
395.748 0.726
396.498 0.75
397.249 0.751
397.986 0.737
398.674 0.688
399.344 0.67
400.049 0.705
400.853 0.804
401.697 0.844
402.538 0.841
403.374 0.836
404.236 0.862
405.097 0.861
405.873 0.776
406.653 0.78
407.411 0.758
408.145 0.734
408.961 0.816
409.872 0.911
410.734 0.862
411.653 0.919
412.621 0.968
413.517 0.896
414.424 0.907
415.346 0.922
416.189 0.843
417.001 0.812
417.867 0.866
418.832 0.965
419.684 0.852
420.525 0.841
421.413 0.888
422.28 0.867
423.097 0.817
423.829 0.732
424.61 0.781
425.469 0.859
426.248 0.779
427.054 0.806
427.94 0.886
428.844 0.904
429.627 0.783
430.393 0.766
431.223 0.83
432.103 0.88
432.912 0.809
433.729 0.817
434.574 0.845
435.358 0.784
436.127 0.769
436.977 0.85
437.873 0.896
438.74 0.867
439.633 0.893
440.544 0.911
441.418 0.874
442.297 0.879
443.178 0.881
444.034 0.856
444.92 0.886
445.84 0.92
446.661 0.821
447.471 0.81
448.327 0.856
449.153 0.826
449.913 0.76
450.81 0.897
451.783 0.973
452.743 0.96
453.684 0.941
454.577 0.893
455.429 0.852
456.255 0.826
457.127 0.872
457.963 0.836
458.688 0.725
459.401 0.713
460.078 0.677
460.818 0.74
461.943 1.125
462.926 0.983
463.894 0.968
464.824 0.93
465.679 0.855
466.562 0.883
467.503 0.941
468.392 0.889
469.261 0.869
470.24 0.979
471.18 0.94
472.118 0.938
473.148 1.03
474.147 0.999
475.008 0.861
475.889 0.881
476.86 0.971
477.82 0.96
478.69 0.87
479.673 0.983
480.739 1.066
481.7 0.961
482.649 0.949
483.673 1.024
484.705 1.032
485.659 0.954
486.663 1.004
487.664 1.001
488.617 0.953
489.65 1.033
490.654 1.004
491.683 1.029
492.609 0.926
493.539 0.93
494.389 0.85
495.25 0.861
496.206 0.956
497.135 0.929
498.086 0.951
499.087 1.001
499.954 0.867
500.711 0.757
501.533 0.822
502.381 0.848
503.162 0.781
504.096 0.934
505.135 1.039
506.141 1.006
506.996 0.855
507.886 0.89
508.829 0.943
509.859 1.03
510.796 0.937
511.809 1.013
512.879 1.07
513.893 1.014
514.865 0.972
515.901 1.036
516.904 1.003
517.816 0.912
518.804 0.988
519.821 1.017
520.818 0.997
521.923 1.105
523.03 1.107
524.107 1.077
525.197 1.09
526.259 1.062
527.17 0.911
528.052 0.882
529.054 1.002
529.983 0.929
531.101 1.118
532.188 1.087
533.301 1.113
534.415 1.114
535.461 1.046
536.433 0.972
537.476 1.043
538.471 0.995
539.371 0.9
540.395 1.024
541.486 1.091
542.449 0.963
543.481 1.032
544.501 1.02
545.38 0.879
546.389 1.009
547.403 1.014
548.352 0.949
549.42 1.068
550.454 1.034
551.329 0.875
552.114 0.785
552.876 0.762
554.019 1.143
554.992 0.973
555.987 0.995
557.041 1.054
558.085 1.044
559.017 0.932
560.01 0.993
561.013 1.003
561.992 0.979
563.01 1.018
564.01 1.0
565.008 0.998
566.113 1.105
567.162 1.049
568.221 1.059
569.24 1.019
570.181 0.941
571.232 1.051
572.222 0.99
573.151 0.929
574.186 1.035
575.178 0.992
576.162 0.984
577.208 1.046
578.202 0.994
579.183 0.981
580.261 1.078
581.307 1.046
582.381 1.074
583.429 1.048
584.4 0.971
585.259 0.859
586.247 0.988
587.359 1.112
588.383 1.024
589.423 1.04
590.486 1.063
591.493 1.007
592.456 0.963
593.513 1.057
594.584 1.071
595.611 1.027
596.709 1.098
597.731 1.022
598.797 1.066
599.862 1.065
600.812 0.95
601.802 0.99
602.807 1.005
603.719 0.912
604.715 0.996
605.779 1.064
606.78 1.001
607.827 1.047
608.84 1.013
609.864 1.024
610.874 1.01
611.792 0.918
612.797 1.005
613.841 1.044
614.846 1.005
615.903 1.057
616.913 1.01
617.891 0.978
618.722 0.831
619.485 0.763
620.399 0.914
621.224 0.825
622.259 1.035
623.339 1.08
624.303 0.964
625.256 0.953
626.236 0.98
627.173 0.937
628.096 0.923
629.069 0.973
630.016 0.947
630.93 0.914
631.933 1.003
632.959 1.026
633.897 0.938
634.903 1.006
635.957 1.054
636.927 0.97
637.903 0.976
638.883 0.98
639.829 0.946
640.802 0.973
641.849 1.047
642.911 1.062
643.921 1.01
644.962 1.041
645.989 1.027
646.907 0.918
647.914 1.007
648.951 1.037
649.952 1.001
650.975 1.023
651.907 0.932
652.852 0.945
653.845 0.993
654.774 0.929
655.781 1.007
656.822 1.041
657.662 0.84
658.508 0.846
659.312 0.804
660.024 0.712
660.709 0.685
661.406 0.697
662.166 0.76
662.967 0.801
663.713 0.746
664.404 0.691
665.103 0.699
665.748 0.645
666.377 0.629
667.0 0.623
667.641 0.641
668.339 0.698
669.124 0.785
669.971 0.847
670.822 0.851
671.675 0.853
672.487 0.812
673.291 0.804
674.112 0.821
674.956 0.844
675.778 0.822
676.549 0.771
677.288 0.739
678.088 0.8
678.927 0.839
679.704 0.777
680.494 0.79
681.589 1.095
682.708 1.119
683.713 1.005
684.693 0.98
685.524 0.831
686.288 0.764
687.01 0.722
687.72 0.71
688.596 0.876
689.549 0.953
690.585 1.036
691.586 1.001
692.587 1.001
693.582 0.995
694.505 0.923
695.364 0.859
696.269 0.905
697.27 1.001
698.283 1.013
699.339 1.056
700.395 1.056
701.438 1.043
702.431 0.993
703.435 1.004
704.419 0.984
705.362 0.943
706.265 0.903
707.179 0.914
708.16 0.981
709.161 1.001
710.167 1.006
711.156 0.989
712.182 1.026
713.167 0.985
714.157 0.99
715.173 1.016
716.15 0.977
717.071 0.921
718.049 0.978
718.939 0.89
719.681 0.742
720.426 0.745
721.57 1.144
722.768 1.198
723.83 1.062
724.876 1.046
725.838 0.962
726.849 1.011
727.886 1.037
728.917 1.031
729.965 1.048
730.989 1.024
732.029 1.04
732.965 0.936
733.934 0.969
734.908 0.974
735.819 0.911
736.757 0.938
737.7 0.943
738.653 0.953
739.536 0.883
740.457 0.921
741.408 0.951
742.311 0.903
743.234 0.923
744.194 0.96
745.102 0.908
746.026 0.924
746.888 0.862
747.731 0.843
748.461 0.73
749.164 0.703
749.823 0.659
750.472 0.649
751.153 0.681
751.899 0.746
752.73 0.831
753.614 0.884
754.479 0.865
755.274 0.795
756.075 0.801
756.865 0.79
757.588 0.723
758.302 0.714
759.061 0.759
759.949 0.888
760.892 0.943
761.761 0.869
762.676 0.915
763.614 0.938
764.544 0.93
765.379 0.835
766.262 0.883
767.19 0.928
768.051 0.861
768.988 0.937
769.956 0.968
770.899 0.943
771.823 0.924
772.753 0.93
773.686 0.933
774.585 0.899
775.55 0.965
776.53 0.98
777.541 1.011
778.471 0.93
779.281 0.81
780.082 0.801
781.021 0.939
782.028 1.007
783.014 0.986
783.998 0.984
784.96 0.962
785.82 0.86
786.677 0.857
787.613 0.936
788.656 1.043
789.718 1.062
790.686 0.968
791.507 0.821
792.256 0.749
793.041 0.785
794.043 1.002
795.058 1.015
795.973 0.915
796.906 0.933
797.934 1.028
798.99 1.056
800.003 1.013
800.945 0.942
801.912 0.967
802.866 0.954
803.851 0.985
804.927 1.076
805.975 1.048
806.952 0.977
807.982 1.03
809.029 1.047
809.99 0.961
811.004 1.014
812.047 1.043
813.111 1.064
814.172 1.061
815.233 1.061
816.208 0.975
817.03 0.822
817.978 0.948
818.931 0.953
819.824 0.893
820.672 0.848
821.416 0.744
822.109 0.693
822.774 0.665
823.447 0.673
824.102 0.655
824.772 0.67
825.579 0.807
826.437 0.858
827.332 0.895
828.27 0.938
829.232 0.962
830.238 1.006
831.235 0.997
832.21 0.975
833.105 0.895
834.03 0.925
834.993 0.963
835.996 1.003
836.921 0.925
837.898 0.977
838.898 1.0
839.863 0.965
840.891 1.028
841.962 1.071
842.934 0.972
843.845 0.911
844.87 1.025
845.964 1.094
847.0 1.036
848.064 1.064
849.135 1.071
850.015 0.88
850.993 0.978
851.939 0.946
852.943 1.004
853.969 1.026
854.961 0.992
855.968 1.007
857.017 1.049
858.078 1.061
859.127 1.049
860.134 1.007
861.202 1.068
862.319 1.117
863.476 1.157
864.546 1.07
865.613 1.067
866.655 1.042
867.614 0.959
868.627 1.013
869.716 1.089
870.817 1.101
871.954 1.137
873.052 1.098
874.017 0.965
874.998 0.981
875.958 0.96
876.938 0.98
877.94 1.002
878.951 1.011
879.904 0.953
880.902 0.998
881.865 0.963
882.781 0.916
883.746 0.965
884.683 0.937
885.703 1.02
886.777 1.074
887.808 1.031
888.829 1.021
889.841 1.012
890.783 0.942
891.731 0.948
892.613 0.882
893.47 0.857
894.388 0.918
895.409 1.021
896.373 0.964
897.333 0.96
898.299 0.966
899.19 0.891
899.973 0.783
900.773 0.8
901.632 0.859
902.504 0.872
903.396 0.892
904.369 0.973
905.439 1.07
906.408 0.969
907.379 0.971
908.348 0.969
909.276 0.928
910.197 0.921
911.176 0.979
912.169 0.993
913.131 0.962
914.139 1.008
915.182 1.043
916.171 0.989
917.158 0.987
918.142 0.984
919.138 0.996
920.138 1.0
921.131 0.993
922.003 0.872
922.91 0.907
923.874 0.964
924.923 1.049
925.921 0.998
926.802 0.881
927.593 0.791
928.394 0.801
929.147 0.753
929.834 0.687
930.5 0.666
931.137 0.637
931.77 0.633
932.431 0.661
933.159 0.728
933.98 0.821
934.701 0.721
935.375 0.674
936.035 0.66
936.716 0.681
937.427 0.711
938.154 0.727
938.885 0.731
939.638 0.753
940.411 0.773
941.136 0.725
941.795 0.659
942.419 0.624
943.017 0.598
943.612 0.595
944.205 0.593
944.824 0.619
945.524 0.7
946.304 0.78
947.103 0.799
947.897 0.794
948.687 0.79
949.038 0.351
949.424 0.386
950.145 0.721
950.863 0.718
951.537 0.674
952.184 0.647
952.845 0.661
953.502 0.657
954.153 0.651
954.794 0.641
955.432 0.638
956.063 0.631
956.743 0.68
957.484 0.741
958.294 0.81
959.149 0.855
959.993 0.844
960.747 0.754
961.471 0.724
962.237 0.766
963.14 0.903
964.143 1.003
965.146 1.003
966.114 0.968
966.972 0.858
967.785 0.813
968.631 0.846
969.56 0.929
970.54 0.98
971.569 1.029
972.644 1.075
973.689 1.045
974.702 1.013
975.642 0.94
976.584 0.942
977.548 0.964
978.549 1.001
979.511 0.962
980.487 0.976
981.521 1.034
982.578 1.057
983.57 0.992
984.586 1.016
985.621 1.035
986.672 1.051
987.716 1.044
988.715 0.999
989.758 1.043
990.799 1.041
991.781 0.982
992.813 1.032
993.855 1.042
994.864 1.009
995.908 1.044
996.961 1.053
997.965 1.004
998.991 1.026
1000.06 1.069
1001.068 1.008
1001.976 0.908
1002.737 0.761
1003.438 0.701
1004.108 0.67
1004.784 0.676
1005.469 0.685
1006.265 0.796
1007.317 1.052
1008.405 1.088
1009.479 1.074
1010.471 0.992
1011.445 0.974
1012.439 0.994
1013.412 0.973
1014.313 0.901
1015.219 0.906
1016.209 0.99
1017.258 1.049
1018.224 0.966
1019.192 0.968
1020.215 1.023
1021.241 1.026
1022.295 1.054
1023.368 1.073
1024.407 1.039
1025.435 1.028
1026.491 1.056
1027.481 0.99
1028.476 0.995
1029.488 1.012
1030.468 0.98
1031.443 0.975
1032.467 1.024
1033.459 0.992
1034.448 0.989
1035.431 0.983
1036.393 0.962
1037.335 0.942
1038.309 0.974
1039.292 0.983
1040.269 0.977
1041.274 1.005
1042.294 1.02
1043.287 0.993
1044.186 0.899
1045.102 0.916
1046.048 0.946
1047.031 0.983
1047.947 0.916
1048.904 0.957
1049.92 1.016
1050.916 0.996
1051.884 0.968
1052.845 0.961
1053.784 0.939
1054.702 0.918
1055.633 0.931
1056.563 0.93
1057.448 0.885
1058.252 0.804
1059.079 0.827
1059.982 0.903
1060.838 0.856
1061.764 0.926
1062.754 0.99
1063.757 1.003
1064.774 1.017
1065.757 0.983
1066.673 0.916
1067.608 0.935
1068.632 1.024
1069.68 1.048
1070.73 1.05
1071.743 1.013
1072.764 1.021
1073.783 1.019
1074.788 1.005
1075.796 1.008
1076.719 0.923
1077.649 0.93
1078.666 1.017
1079.71 1.044
1080.709 0.999
1081.718 1.009
1082.728 1.01
1083.752 1.024
1084.678 0.926
1085.61 0.932
1086.596 0.986
1087.605 1.009
1088.113 0.508
1088.548 0.435
1089.47 0.922
1090.292 0.822
1091.371 1.079
1092.322 0.951
1093.196 0.874
1094.016 0.82
1094.858 0.842
1095.717 0.859
1096.576 0.859
1097.406 0.83
1098.256 0.85
1099.141 0.885
1100.056 0.915
1100.939 0.883
1101.794 0.855
1102.611 0.817
1103.4 0.789
1104.184 0.784
1104.975 0.791
1105.78 0.805
1106.621 0.841
1107.429 0.808
1108.231 0.802
1108.976 0.745
1109.66 0.684
1110.356 0.696
1111.078 0.722
1111.847 0.769
1112.624 0.777
1113.447 0.823
1114.278 0.831
1115.068 0.79
1115.846 0.778
1116.624 0.778
1117.42 0.796
1118.231 0.811
1119.059 0.828
1119.934 0.875
1120.825 0.891
1121.738 0.913
1122.586 0.848
1123.455 0.869
1124.325 0.87
1125.158 0.833
1125.948 0.79
1126.726 0.778
1127.506 0.78
1128.321 0.815
1129.168 0.847
1130.025 0.857
1130.926 0.901
1131.829 0.903
1132.621 0.792
1133.416 0.795
1134.283 0.867
1135.179 0.896
1136.045 0.866
1136.87 0.825
1137.707 0.837
1138.543 0.836
1139.373 0.83
1140.202 0.829
1141.013 0.811
1141.81 0.797
1142.654 0.844
1143.474 0.82
1144.405 0.931
1145.374 0.969
1146.301 0.927
1147.067 0.766
1147.814 0.747
1148.58 0.766
1149.363 0.783
1150.217 0.854
1151.04 0.823
1151.928 0.888
1152.871 0.943
1153.781 0.91
1154.722 0.941
1155.693 0.971
1156.594 0.901
1157.534 0.94
1158.452 0.918
1159.291 0.839
1160.21 0.919
1161.199 0.989
1162.054 0.855
1162.811 0.757
1163.653 0.842
1164.925 1.272
1166.103 1.178
1167.167 1.064
1168.055 0.888
1168.804 0.749
1169.516 0.712
1170.215 0.699
1170.916 0.701
1171.824 0.908
1172.993 1.169
1174.112 1.119
1175.175 1.063
1176.199 1.024
1177.119 0.92
1177.893 0.774
1178.602 0.709
1179.297 0.695
1180.004 0.707
1180.82 0.816
1181.95 1.13
1183.119 1.169
1184.248 1.129
1185.318 1.07
1186.343 1.025
1187.284 0.941
1188.066 0.782
1188.777 0.711
1189.47 0.693
1190.174 0.704
1190.971 0.797
1192.082 1.111
1193.242 1.16
1194.354 1.112
1195.397 1.043
1196.358 0.961
1197.174 0.816
1197.893 0.719
1198.587 0.694
1199.276 0.689
1199.99 0.714
1200.733 0.743
1201.51 0.777
1202.408 0.898
1203.364 0.956
1204.336 0.972
1205.289 0.953
1206.213 0.924
1207.089 0.876
1207.871 0.782
1208.585 0.714
1209.277 0.692
1210.005 0.728
1210.867 0.862
1211.919 1.052
1213.002 1.083
1214.116 1.114
1215.202 1.086
1216.239 1.037
1217.198 0.959
1218.046 0.848
1218.794 0.748
1219.503 0.709
1220.205 0.702
1220.954 0.749
1222.055 1.101
1223.179 1.124
1224.281 1.102
1225.345 1.064
1226.36 1.015
1227.276 0.916
1228.056 0.78
1228.76 0.704
1229.457 0.697
1230.181 0.724
1231.058 0.877
1232.148 1.09
1233.275 1.127
1234.385 1.11
1235.47 1.085
1236.513 1.043
1237.456 0.943
1238.263 0.807
1239.005 0.742
1239.725 0.72
1240.458 0.733
1241.301 0.843
1242.389 1.088
1243.516 1.127
1244.627 1.111
1245.695 1.068
1246.709 1.014
1247.604 0.895
1248.376 0.772
1249.092 0.716
1249.796 0.704
1250.532 0.736
1251.405 0.873
1252.533 1.128
1253.657 1.124
1254.767 1.11
1255.829 1.062
1256.824 0.995
1257.685 0.861
1258.431 0.746
1259.142 0.711
1259.851 0.709
1260.611 0.76
1261.644 1.033
1262.815 1.171
1263.957 1.142
1265.052 1.095
1266.084 1.032
1267.07 0.986
1267.973 0.903
1268.745 0.772
1269.461 0.716
1270.156 0.695
1270.871 0.715
1271.736 0.865
1272.861 1.125
1274.014 1.153
1275.135 1.121
1276.198 1.063
1277.176 0.978
1278.039 0.863
1278.792 0.753
1279.506 0.714
1280.217 0.711
1280.971 0.754
1282.021 1.05
1283.136 1.115
1284.238 1.102
1285.296 1.058
1286.294 0.998
1287.261 0.967
1288.146 0.885
1288.919 0.773
1289.643 0.724
1290.347 0.704
1291.073 0.726
1291.942 0.869
1292.976 1.034
1294.033 1.057
1295.073 1.04
1296.072 0.999
1297.018 0.946
1297.825 0.807
1298.562 0.737
1299.276 0.714
1299.988 0.712
1300.767 0.779
1301.795 1.028
1302.905 1.11
1303.999 1.094
1305.039 1.04
1306.028 0.989
1306.922 0.894
1307.694 0.772
1308.407 0.713
1309.097 0.69
1309.795 0.698
1310.623 0.828
1311.774 1.151
1312.922 1.148
1314.007 1.085
1315.07 1.063
1316.105 1.035
1317.022 0.917
1317.802 0.78
1318.518 0.716
1319.217 0.699
1319.938 0.721
1320.841 0.903
1321.963 1.122
1323.094 1.131
1324.214 1.12
1325.289 1.075
1326.318 1.029
1327.297 0.979
1328.177 0.88
1328.924 0.747
1329.624 0.7
1330.309 0.685
1331.023 0.714
1332.093 1.07
1333.255 1.162
1334.417 1.162
1335.545 1.128
1336.622 1.077
1337.6 0.978
1338.422 0.822
1339.161 0.739
1339.867 0.706
1340.586 0.719
1341.558 0.972
1342.686 1.128
1343.838 1.152
1344.951 1.113
1346.009 1.058
1347.008 0.999
1347.899 0.891
1348.669 0.77
1349.375 0.706
1350.065 0.69
1350.771 0.706
1351.674 0.903
1352.931 1.257
1354.123 1.192
1355.261 1.138
1356.35 1.089
1357.318 0.968
1358.153 0.835
1358.908 0.755
1359.642 0.734
1360.401 0.759
1361.275 0.874
1362.404 1.129
1363.559 1.155
1364.705 1.146
1365.801 1.096
1366.838 1.037
1367.708 0.87
1368.455 0.747
1369.181 0.726
1369.887 0.706
1370.629 0.742
1371.595 0.966
1372.699 1.104
1373.824 1.125
1374.915 1.091
1375.949 1.034
1376.878 0.929
1377.651 0.773
1378.355 0.704
1379.037 0.682
1379.721 0.684
1380.48 0.759
1381.536 1.056
1382.631 1.095
1383.735 1.104
1384.798 1.063
1385.807 1.009
1386.739 0.932
1387.541 0.802
1388.27 0.729
1388.965 0.695
1389.663 0.698
1390.442 0.779
1391.41 0.968
1392.504 1.094
1393.643 1.139
1394.742 1.099
1395.784 1.042
1396.716 0.932
1397.503 0.787
1398.227 0.724
1398.935 0.708
1399.661 0.726
1400.493 0.832
1401.448 0.955
1402.485 1.037
1403.537 1.052
1404.559 1.022
1405.511 0.952
1406.364 0.853
1407.091 0.727
1407.77 0.679
1408.426 0.656
1409.074 0.648
1409.766 0.692
1410.729 0.963
1411.752 1.023
1412.792 1.04
1413.769 0.977
1414.593 0.824
1415.43 0.837
1416.277 0.847
1417.061 0.784
1417.776 0.715
1418.473 0.697
1419.16 0.687
1419.879 0.719
1420.64 0.761
1421.595 0.955
1422.653 1.058
1423.718 1.065
1424.75 1.032
1425.735 0.985
1426.675 0.94
1427.491 0.816
1428.216 0.725
1428.903 0.687
1429.584 0.681
1430.31 0.726
1431.308 0.998
1432.419 1.111
1433.519 1.1
1434.565 1.046
1435.567 1.002
1436.519 0.952
1437.352 0.833
1438.094 0.742
1438.793 0.699
1439.474 0.681
1440.192 0.718
1441.055 0.863
1442.045 0.99
1443.114 1.069
1444.203 1.089
1445.257 1.054
1446.272 1.015
1447.252 0.98
1448.186 0.934
1449.054 0.868
1449.82 0.766
1450.594 0.774
1451.381 0.787
1452.194 0.813
1453.011 0.817
1453.718 0.707
1454.369 0.651
1455.0 0.631
1455.633 0.633
1456.281 0.648
1456.972 0.691
1457.747 0.775
1458.559 0.812
1459.338 0.779
1460.046 0.708
1460.741 0.695
1461.432 0.691
1462.126 0.694
1462.801 0.675
1463.464 0.663
1464.144 0.68
1464.85 0.706
1465.611 0.761
1466.383 0.772
1467.143 0.76
1467.903 0.76
1468.617 0.714
1469.308 0.691
1470.001 0.693
1470.759 0.758
1471.508 0.749
1472.187 0.679
1472.864 0.677
1473.525 0.661
1474.187 0.662
1474.842 0.655
1475.488 0.646
1475.744 0.256
1476.063 0.319
1476.342 0.279
1476.682 0.34
1476.966 0.284
1477.244 0.278
1477.509 0.265
1479.822 2.313
1480.401 0.579
1480.719 0.318
1480.975 0.256
1481.303 0.328
1481.683 0.38