0.000 0.324
0.324 0.324
0.81 0.486
3.74 2.93
4.859 1.119
5.552 0.693
6.004 0.452
7.185 1.181
7.671 0.486
8.256 0.585
8.858 0.602
9.319 0.461
10.124 0.805
10.982 0.858
11.858 0.876
12.889 1.031
13.381 0.492
13.891 0.51
14.969 1.078
15.949 0.98
16.923 0.974
17.834 0.911
18.711 0.877
19.582 0.871
20.437 0.855
21.253 0.816
22.039 0.786
22.813 0.774
23.669 0.856
24.538 0.869
25.114 0.576
27.597 2.483
28.324 0.727
29.05 0.726
29.78 0.73
30.564 0.784
31.334 0.77
32.149 0.815
32.932 0.783
33.763 0.831
34.613 0.85
35.422 0.809
36.187 0.765
36.942 0.755
37.718 0.776
38.472 0.754
39.226 0.754
39.941 0.715
40.634 0.693
41.338 0.704
42.045 0.707
42.805 0.76
43.626 0.821
44.492 0.866
45.316 0.824
46.131 0.815
47.025 0.894
48.111 1.086
49.119 1.008
50.075 0.956
51.028 0.953
52.368 1.34
53.802 1.434
55.253 1.451
56.669 1.416
58.067 1.398
59.387 1.32
60.564 1.177
61.958 1.394
63.497 1.539
64.989 1.492
66.281 1.292
67.642 1.361
69.074 1.432
70.432 1.358
71.545 1.113
72.947 1.402
74.427 1.48
75.818 1.391
77.329 1.511
78.621 1.292
80.152 1.531
81.6 1.448
82.931 1.331
84.018 1.087
85.054 1.036
86.467 1.413
87.798 1.331
89.034 1.236
90.155 1.121
91.079 0.924
91.969 0.89
92.817 0.848
93.784 0.967
95.066 1.282
96.384 1.318
97.523 1.139
98.766 1.243
100.11 1.344
101.363 1.253
102.696 1.333
104.161 1.465
105.517 1.356
106.739 1.222
108.483 1.744
110.167 1.684
111.745 1.578
113.335 1.59
114.952 1.617
116.465 1.513
117.97 1.505
119.32 1.35
120.808 1.488
122.36 1.552
123.754 1.394
125.311 1.557
126.824 1.513
128.214 1.39
129.756 1.542
131.157 1.401
132.254 1.097
133.747 1.493
135.383 1.636
136.757 1.374
138.294 1.537
139.653 1.359
140.897 1.244
142.178 1.281
143.442 1.264
144.543 1.101
145.894 1.351
147.274 1.38
148.553 1.279
149.831 1.278
151.311 1.48
152.767 1.456
154.312 1.545
155.662 1.35
156.811 1.149
158.405 1.594
160.033 1.628
161.575 1.542
163.054 1.479
164.37 1.316
165.547 1.177
166.586 1.039
168.246 1.66
169.819 1.573
171.35 1.531
172.769 1.419
174.114 1.345
175.419 1.305
176.689 1.27
177.965 1.276
179.267 1.302
180.475 1.208
181.821 1.346
183.239 1.418
184.607 1.368
185.982 1.375
187.312 1.33
188.736 1.424
190.064 1.328
191.296 1.232
192.72 1.424
194.282 1.562
195.746 1.464
197.037 1.291
198.336 1.299
199.762 1.426
201.097 1.335
202.42 1.323
203.873 1.453
205.211 1.338
206.61 1.399
207.98 1.37
209.34 1.36
210.781 1.441
212.266 1.485
213.573 1.307
214.976 1.403
216.455 1.479
217.766 1.311
218.989 1.223
220.39 1.401
221.907 1.517
223.266 1.359
224.508 1.242
225.895 1.387
227.151 1.256
228.394 1.243
229.83 1.436
231.156 1.326
232.484 1.328
233.81 1.326
235.022 1.212
236.266 1.244
237.527 1.261
238.707 1.18
240.007 1.3
241.362 1.355
242.719 1.357
244.153 1.434
245.414 1.261
246.74 1.326
248.198 1.458
249.503 1.305
250.729 1.226
252.245 1.516
253.671 1.426
255.051 1.38
256.519 1.468
257.751 1.232
259.09 1.339
260.524 1.434
261.75 1.226
263.154 1.404
264.68 1.526
266.0 1.32
267.472 1.472
268.858 1.386
270.084 1.226
271.356 1.272
272.754 1.398
274.165 1.411
275.406 1.241
276.762 1.356
278.235 1.473
279.51 1.275
280.843 1.333
282.302 1.459
283.672 1.37
284.945 1.273
286.388 1.443
287.762 1.374
288.991 1.229
290.315 1.324
291.728 1.413
292.9 1.172
294.231 1.331
295.66 1.429
296.917 1.257
298.043 1.126
299.408 1.365
300.778 1.37
301.972 1.194
303.085 1.113
304.248 1.163
305.354 1.106
306.315 0.961
307.221 0.906
308.085 0.864
308.963 0.878
309.966 1.003
311.007 1.041
312.094 1.087
313.19 1.096
314.301 1.111
315.416 1.115
316.462 1.046
317.396 0.934
318.635 1.239
320.184 1.549
321.399 1.215
322.745 1.346
323.89 1.145
325.241 1.351
326.668 1.427
327.857 1.189
329.182 1.325
330.51 1.328
331.549 1.039
332.683 1.134
333.775 1.092
334.99 1.215
336.132 1.142
337.233 1.101
338.168 0.935
339.122 0.954
340.148 1.026
341.113 0.965
342.136 1.023
343.155 1.019
344.103 0.948
345.022 0.919
345.995 0.973
347.002 1.007
348.042 1.04
349.062 1.02
350.028 0.966
351.027 0.999
352.015 0.988
352.98 0.965
354.052 1.072
354.993 0.941
356.015 1.022
356.985 0.97
357.855 0.87
358.705 0.85
359.993 1.288
361.248 1.255
362.389 1.141
363.514 1.125
364.461 0.947
365.431 0.97
366.452 1.021
367.428 0.976
368.437 1.009
369.47 1.033
370.469 0.999
371.422 0.953
372.283 0.861
373.154 0.871
374.288 1.134
375.408 1.12
376.635 1.227
377.773 1.138
378.761 0.988
379.712 0.951
380.846 1.134
382.164 1.318
383.344 1.18
384.548 1.204
385.779 1.231
386.791 1.012
387.706 0.915
388.506 0.8
389.311 0.805
390.085 0.774
390.889 0.804
391.677 0.788
392.44 0.763
393.224 0.784
394.053 0.829
394.861 0.808
395.671 0.81
396.559 0.888
397.454 0.895
398.476 1.022
399.644 1.168
400.678 1.034
401.745 1.067
402.883 1.138
403.933 1.05
404.87 0.937
405.896 1.026
407.108 1.212
408.127 1.019
409.208 1.081
410.452 1.244
411.572 1.12
412.514 0.942
413.588 1.074
414.765 1.177
415.802 1.037
416.874 1.072
418.045 1.171
419.102 1.057
420.241 1.139
421.505 1.264
422.692 1.187
423.821 1.129
425.171 1.35
426.387 1.216
427.461 1.074
428.749 1.288
429.714 0.965
430.554 0.84
431.383 0.829
432.815 1.432
434.129 1.314
435.328 1.199
436.395 1.067
437.471 1.076
438.54 1.069
439.493 0.953
440.616 1.123
441.819 1.203
442.818 0.999
443.764 0.946
444.762 0.998
445.747 0.985
446.634 0.887
447.629 0.995
448.736 1.107
449.7 0.964
450.695 0.995
451.792 1.097
452.695 0.903
453.526 0.831
454.377 0.851
455.63 1.253
456.65 1.02
457.719 1.069
458.886 1.167
459.853 0.967
460.8 0.947
461.882 1.082
462.779 0.897
463.61 0.831
464.729 1.119
465.939 1.21
467.107 1.168
468.106 0.999
469.245 1.139
470.367 1.122
471.308 0.941
472.33 1.022
473.465 1.135
474.413 0.948
475.245 0.832
476.146 0.901
477.378 1.232
478.478 1.1
479.529 1.051
480.707 1.178
481.823 1.116
482.87 1.047
484.095 1.225
485.179 1.084
486.224 1.045
487.553 1.329
488.659 1.106
489.844 1.185
491.094 1.25
492.225 1.131
493.416 1.191
494.569 1.153
495.56 0.991
496.831 1.271
498.048 1.217
499.143 1.095
500.279 1.136
501.293 1.014
502.591 1.298
503.783 1.192
504.786 1.003
505.932 1.146
507.268 1.336
508.345 1.077
509.646 1.301
511.01 1.364
512.146 1.136
513.414 1.268
514.782 1.368
515.979 1.197
517.214 1.235
518.543 1.329
519.69 1.147
520.768 1.078
521.954 1.186
523.071 1.117
524.208 1.137
525.536 1.328
526.792 1.256
527.962 1.17
529.198 1.236
530.281 1.083
531.213 0.932
532.106 0.893
533.432 1.326
534.721 1.289
535.871 1.15
537.153 1.282
538.513 1.36
539.81 1.297
540.994 1.184
542.245 1.251
543.507 1.262
544.639 1.132
545.872 1.233
547.108 1.236
548.074 0.966
549.02 0.946
550.38 1.36
551.554 1.174
552.671 1.117
553.966 1.295
555.089 1.123
556.353 1.264
557.75 1.397
559.049 1.299
560.3 1.251
561.648 1.348
562.787 1.139
564.049 1.262
565.396 1.347
566.627 1.231
567.84 1.213
569.117 1.277
570.385 1.268
571.558 1.173
572.88 1.322
574.137 1.257
575.157 1.02
576.079 0.922
577.158 1.079
578.25 1.092
579.169 0.919
580.225 1.056
581.502 1.277
582.687 1.185
583.755 1.068
584.927 1.172
586.099 1.172
587.157 1.058
588.141 0.984
589.476 1.335
590.716 1.24
591.84 1.124
593.007 1.167
594.168 1.161
595.331 1.163
596.554 1.223
597.698 1.144
598.936 1.238
600.247 1.311
601.409 1.162
609.31 1.317
610.692 1.382
611.911 1.219
612.951 1.04
614.437 1.486
615.825 1.388
616.961 1.136
618.274 1.313
619.624 1.35
620.827 1.203
622.053 1.226
623.41 1.357
624.705 1.295
625.832 1.127
627.016 1.184
628.204 1.188
629.242 1.038
630.489 1.247
631.687 1.198
632.87 1.183
634.134 1.264
635.367 1.233
636.283 0.916
637.096 0.813
637.87 0.774
639.21 1.34
640.591 1.381
641.898 1.307
643.181 1.283
644.35 1.169
645.373 1.023
646.621 1.248
647.861 1.24
649.142 1.281
650.435 1.293
651.754 1.319
652.941 1.187
654.018 1.077
655.222 1.204
656.523 1.301
657.839 1.316
659.168 1.329
660.436 1.268
661.692 1.256
663.026 1.334
664.041 1.015
664.951 0.91
665.841 0.89
667.352 1.511
668.606 1.254
669.923 1.317
671.201 1.278
672.359 1.158
673.334 0.975
674.541 1.207
675.897 1.356
677.223 1.326
678.416 1.193
679.677 1.261
680.981 1.304
682.176 1.195
683.471 1.295
684.758 1.287
685.875 1.117
687.069 1.194
688.396 1.327
689.593 1.197
690.821 1.228
692.202 1.381
693.418 1.216
694.478 1.06
695.441 0.963
696.698 1.257
697.89 1.192
698.999 1.109
699.902 0.903
700.776 0.874
701.702 0.926
702.576 0.874
703.466 0.89
704.33 0.864
705.19 0.86
706.146 0.956
707.234 1.088
708.281 1.047
709.236 0.955
710.107 0.871
710.939 0.832
711.758 0.819
712.563 0.805
713.329 0.766
714.105 0.776
714.882 0.777
715.898 1.016
716.871 0.973
717.806 0.935
718.891 1.085
719.879 0.988
720.772 0.893
721.656 0.884
722.558 0.902
723.418 0.86
724.267 0.849
725.077 0.81
725.989 0.912
727.216 1.227
728.294 1.078
729.282 0.988
730.299 1.017
731.377 1.078
732.466 1.089
733.426 0.96
734.286 0.86
735.232 0.946
736.284 1.052
737.409 1.125
738.562 1.153
739.442 0.88
740.41 0.968
741.398 0.988
742.445 1.047
743.529 1.084
744.544 1.015
745.531 0.987
746.556 1.025
747.74 1.184
749.023 1.283
750.21 1.187
751.485 1.275
752.539 1.054
753.441 0.902
754.396 0.955
755.731 1.335
757.091 1.36
758.169 1.078
759.328 1.159
760.741 1.413
762.139 1.398
763.46 1.321
764.526 1.066
765.727 1.201
766.907 1.18
768.002 1.095
769.375 1.373
770.799 1.424
771.916 1.117
772.773 0.857
773.571 0.798
774.786 1.215
776.203 1.417
777.517 1.314
778.682 1.165
779.715 1.033
780.784 1.069
781.806 1.022
782.812 1.006
783.73 0.918
784.852 1.122
785.831 0.979
786.765 0.934
787.648 0.883
788.513 0.865
789.36 0.847
790.215 0.855
791.079 0.864
791.939 0.86
792.798 0.859
793.628 0.83
794.398 0.77
795.198 0.8
796.214 1.016
797.179 0.965
797.994 0.815
798.818 0.824
799.776 0.958
801.011 1.235
802.189 1.178
803.254 1.065
804.339 1.085
805.448 1.109
806.418 0.97
807.456 1.038
808.555 1.099
809.59 1.035
810.729 1.139
811.979 1.25
813.002 1.023
814.315 1.313
815.536 1.221
816.759 1.223
817.979 1.22
818.854 0.875
819.687 0.833
820.639 0.952
821.939 1.3
823.178 1.239
824.319 1.141
825.552 1.233
826.681 1.129
827.882 1.201
829.001 1.119
830.024 1.023
831.174 1.15
832.317 1.143
833.425 1.108
834.642 1.217
835.943 1.301
837.074 1.131
838.36 1.286
839.594 1.234
840.802 1.208
842.105 1.303
843.393 1.288
844.606 1.213
845.844 1.238
847.045 1.201
848.166 1.121
849.39 1.224
850.394 1.004
851.267 0.873
852.185 0.918
853.481 1.296
854.758 1.277
855.891 1.133
857.015 1.124
858.227 1.212
859.23 1.003
860.218 0.988
861.436 1.218
862.671 1.235
863.863 1.192
864.86 0.997
865.785 0.925
866.768 0.983
867.961 1.193
869.144 1.183
870.266 1.122
871.303 1.037
872.473 1.17
873.669 1.196
874.854 1.185
875.978 1.124
876.928 0.95
877.828 0.9
878.979 1.151
880.207 1.228
881.415 1.208
882.41 0.995
883.275 0.865
884.18 0.905
885.445 1.265
886.698 1.253
887.974 1.276
889.163 1.189
890.32 1.157
891.59 1.27
892.76 1.17
893.718 0.958
894.587 0.869
895.541 0.954
896.954 1.413
898.316 1.362
899.517 1.201
900.792 1.275
902.043 1.251
903.202 1.159
904.417 1.215
905.667 1.25
906.863 1.196
907.947 1.084
909.152 1.205
910.47 1.318
911.634 1.164
912.618 0.984
913.63 1.012
915.01 1.38
916.301 1.291
917.52 1.219
918.659 1.139
919.735 1.076
920.704 0.969
921.638 0.934
922.676 1.038
923.8 1.124
924.894 1.094
925.932 1.038
926.946 1.014
927.96 1.014
929.03 1.07
930.208 1.178
931.427 1.219
932.63 1.203
934.006 1.376
935.116 1.11
936.28 1.164
937.873 1.593
939.065 1.192
940.544 1.479
941.975 1.431
943.171 1.196
944.524 1.353
945.598 1.074
946.914 1.316
948.272 1.358
949.56 1.288
950.812 1.252
952.12 1.308
953.368 1.248
954.647 1.279
955.795 1.148
956.822 1.027
957.955 1.133
959.136 1.181
960.187 1.051
961.304 1.117
962.551 1.247
963.751 1.2
964.92 1.169
966.14 1.22
967.264 1.124
968.476 1.212
969.767 1.291
971.008 1.241
972.337 1.329
973.449 1.112
974.682 1.233
976.007 1.325
977.198 1.191
978.216 1.018
979.502 1.286
980.734 1.232
981.938 1.204
983.117 1.179
984.255 1.138
985.282 1.027
986.313 1.031
987.218 0.905
988.087 0.869
989.068 0.981
990.451 1.383
991.811 1.36
993.059 1.248
994.23 1.171
995.264 1.034
996.315 1.051
997.282 0.967
998.466 1.184
999.763 1.297
1001.028 1.265
1002.098 1.07
1003.395 1.297
1004.669 1.274
1005.86 1.191
1006.874 1.014
1007.967 1.093
1009.312 1.345
1010.596 1.284
1011.791 1.195
1012.773 0.982
1013.718 0.945
1014.654 0.936
1015.561 0.907
1016.83 1.269
1018.148 1.318
1019.414 1.266
1020.575 1.161
1021.863 1.288
1023.169 1.306
1024.483 1.314
1025.817 1.334
1026.941 1.124
1028.248 1.307
1029.627 1.379
1030.983 1.356
1032.305 1.322
1033.609 1.304
1035.149 1.54
1036.713 1.564
1038.179 1.466
1039.549 1.37
1041.06 1.511
1042.543 1.483
1043.946 1.403
1045.43 1.484
1046.837 1.407
1048.113 1.276
1049.519 1.406
1050.733 1.214
1051.68 0.947
1053.175 1.495
1054.653 1.478
1056.069 1.416
1057.5 1.431
1058.901 1.401
1060.335 1.434
1061.756 1.421
1063.138 1.382
1064.475 1.337
1065.853 1.378
1067.293 1.44
1068.768 1.475
1070.406 1.638
1071.986 1.58
1073.521 1.535
1075.079 1.558
1076.543 1.464
1077.971 1.428
1079.524 1.553
1081.161 1.637
1082.792 1.631
1084.344 1.552
1085.922 1.578
1087.514 1.592
1088.936 1.422
1089.91 0.974
1090.835 0.925
1092.419 1.584
1094.093 1.674
1095.581 1.488
1096.971 1.39
1098.183 1.212
1099.625 1.442
1101.135 1.51
1102.563 1.428
1103.946 1.383
1105.326 1.38
1106.642 1.316
1107.948 1.306
1109.284 1.336
1110.586 1.302
1111.85 1.264
1113.089 1.239
1114.384 1.295
1115.897 1.513
1117.34 1.443
1118.783 1.443
1120.337 1.554
1121.786 1.449
1122.995 1.209
1124.572 1.577
1126.085 1.513
1127.553 1.468
1128.989 1.436
1130.352 1.363
1131.691 1.339
1133.135 1.444
1134.558 1.423
1135.983 1.425
1137.349 1.366
1138.683 1.334
1140.114 1.431
1141.553 1.439
1142.944 1.391
1144.308 1.364
1145.604 1.296
1146.815 1.211
1148.247 1.432
1149.773 1.526
1151.301 1.528
1152.792 1.491
1154.229 1.437
1155.696 1.467
1156.983 1.287
1158.416 1.433
1159.754 1.338
1160.925 1.171
1161.935 1.01
1162.856 0.921
1163.753 0.897
1164.66 0.907
1165.576 0.916
1166.558 0.982
1167.81 1.252
1168.867 1.057
1169.998 1.131
1171.316 1.318
1172.604 1.288
1173.802 1.198
1174.822 1.02
1175.745 0.923
1176.643 0.898
1177.59 0.947
1178.58 0.99
1179.569 0.989
1180.594 1.025
1181.605 1.011
1182.613 1.008
1183.7 1.087
1184.783 1.083
1185.923 1.14
1187.087 1.164
1188.15 1.063
1189.162 1.012
1190.188 1.026
1191.155 0.967
1192.063 0.908
1192.939 0.876
1193.801 0.862
1194.755 0.954
1195.866 1.111
1196.923 1.057
1197.845 0.922
1198.757 0.912
1199.675 0.918
1200.636 0.961
1201.565 0.929
1202.613 1.048
1203.675 1.062
1204.607 0.932
1205.482 0.875
1206.325 0.843
1207.163 0.838
1208.023 0.86
1209.012 0.989
1210.282 1.27
1211.611 1.329
1212.765 1.154
1214.002 1.237
1215.275 1.273
1216.702 1.427
1218.11 1.408
1219.471 1.361
1220.643 1.172
1221.591 0.948
1222.438 0.847
1223.284 0.846
1224.12 0.836
1224.936 0.816
1225.765 0.829
1226.592 0.827
1227.403 0.811
1228.203 0.8
1228.986 0.783
1229.75 0.764
1230.528 0.778
1231.322 0.794
1232.126 0.804
1233.026 0.9
1233.905 0.879
1234.853 0.948
1235.851 0.998
1236.78 0.929
1237.766 0.986
1238.829 1.063
1239.933 1.104
1241.032 1.099
1242.295 1.263
1243.531 1.236
1244.688 1.157
1245.792 1.104
1246.702 0.91
1247.843 1.141
1249.192 1.349
1250.219 1.027
1251.163 0.944
1252.257 1.094
1253.36 1.103
1254.525 1.165
1255.683 1.158
1256.797 1.114
1257.869 1.072
1259.317 1.448
1260.686 1.369
1261.92 1.234
1263.103 1.183
1264.151 1.048
1265.237 1.086
1266.386 1.149
1267.618 1.232
1268.744 1.126
1269.944 1.2
1271.055 1.111
1272.1 1.045
1273.087 0.987
1274.081 0.994
1275.117 1.036
1276.137 1.02
1277.19 1.053
1278.206 1.016
1279.537 1.331
1280.939 1.402
1282.304 1.365
1283.65 1.346
1284.789 1.139
1285.886 1.097
1286.991 1.105
1288.449 1.458
1289.94 1.491
1291.271 1.331
1292.827 1.556
1294.425 1.598
1295.896 1.471
1297.097 1.201
1298.587 1.49
1299.947 1.36
1301.293 1.346
1302.631 1.338
1303.947 1.316
1305.144 1.197
1306.193 1.049
1307.137 0.944
1308.042 0.905
1308.91 0.868
1309.812 0.902
1310.804 0.992
1311.774 0.97
1312.698 0.924
1313.637 0.939
1314.527 0.89
1315.377 0.85
1316.214 0.837
1317.05 0.836
1318.457 1.407
1319.754 1.297
1321.072 1.318
1322.504 1.432
1323.94 1.436
1325.371 1.431
1326.843 1.472
1328.255 1.412
1329.761 1.506
1331.292 1.531
1332.797 1.505
1334.315 1.518
1335.812 1.497
1337.356 1.544
1338.788 1.432
1340.215 1.427
1341.68 1.465
1343.071 1.391
1344.504 1.433
1345.829 1.325
1347.065 1.236
1348.506 1.441
1349.882 1.376
1351.226 1.344
1352.535 1.309
1353.707 1.172
1354.972 1.265
1356.156 1.184
1357.532 1.376
1358.879 1.347
1360.046 1.167
1361.233 1.187
1362.665 1.432
1364.08 1.415
1365.437 1.357
1366.787 1.35
1368.034 1.247
1369.06 1.026
1369.988 0.928
1370.866 0.878
1371.716 0.85
1372.571 0.855
1373.428 0.857
1374.258 0.83
1375.06 0.802
1375.824 0.764
1376.589 0.765
1377.358 0.769
1378.234 0.876
1379.286 1.052
1380.258 0.972
1381.603 1.345
1382.9 1.297
1384.039 1.139
1385.333 1.294
1386.69 1.357
1388.014 1.324
1389.433 1.419
1390.746 1.313
1391.933 1.187
1393.044 1.111
1394.099 1.055
1395.161 1.062
1396.149 0.988
1397.367 1.218
1398.411 1.044
1399.402 0.991
1400.346 0.944
1401.455 1.109
1402.852 1.397
1404.357 1.505
1405.709 1.352
1407.079 1.37
1408.403 1.324
1409.677 1.274
1411.02 1.343
1412.323 1.303
1413.686 1.363
1414.975 1.289
1416.108 1.133
1417.195 1.087
1418.606 1.411
1419.955 1.349
1421.231 1.276
1422.37 1.139
1423.44 1.07
1424.814 1.374
1426.169 1.355
1427.434 1.265
1428.7 1.266
1429.827 1.127
1430.75 0.923
1431.729 0.979
1433.142 1.413
1434.519 1.377
1435.723 1.204
1436.953 1.23
1437.955 1.002
1439.076 1.121
1440.452 1.376
1441.815 1.363
1443.142 1.327
1444.351 1.209
1445.739 1.388
1447.127 1.388
1448.214 1.087
1449.609 1.395
1450.942 1.333
1451.994 1.052
1453.098 1.104
1454.565 1.467
1455.758 1.193
1456.739 0.981
1457.668 0.929
1458.553 0.885
1459.434 0.881
1460.347 0.913
1461.303 0.956
1462.318 1.015
1463.63 1.312
1464.956 1.326
1466.235 1.279
1467.439 1.204
1468.65 1.211
1469.791 1.141
1470.938 1.147
1472.094 1.156
1473.54 1.446
1474.969 1.429
1476.376 1.407
1477.822 1.446
1479.211 1.389
1480.772 1.561
1482.333 1.561
1483.75 1.417
1485.259 1.509
1486.821 1.562
1488.139 1.318
1489.132 0.993
1490.085 0.953
1491.181 1.096
1492.398 1.217
1493.554 1.156
1494.64 1.086
1495.626 0.986
1496.556 0.93
1497.821 1.265
1499.19 1.369
1500.576 1.386
1502.035 1.459
1503.474 1.439
1504.854 1.38
1506.07 1.216
1507.005 0.935
1508.348 1.343
1510.018 1.67
1511.571 1.553
1513.033 1.462
1514.444 1.411
1515.845 1.401
1517.271 1.426
1518.562 1.291
1519.907 1.345
1521.293 1.386
1522.337 1.044
1523.284 0.947
1524.302 1.018
1525.386 1.084
1526.45 1.064
1527.432 0.982
1528.379 0.947
1529.306 0.927
1530.283 0.977
1531.251 0.968
1532.093 0.842
1532.969 0.876
1533.937 0.968
1535.005 1.068
1536.204 1.199
1537.435 1.231
1538.849 1.414
1540.203 1.354
1541.316 1.113
1542.351 1.035
1543.715 1.364
1545.238 1.523
1546.73 1.492
1548.26 1.53
1549.789 1.529
1551.237 1.448
1552.707 1.47
1554.178 1.471
1555.429 1.251
1556.433 1.004
1557.477 1.044
1558.918 1.441
1560.396 1.478
1561.753 1.357
1563.202 1.449
1564.749 1.547
1566.263 1.514
1567.691 1.428
1569.272 1.581
1570.921 1.649
1572.403 1.482
1573.943 1.54
1575.506 1.563
1576.929 1.423
1578.398 1.469
1579.942 1.544
1581.387 1.445
1582.96 1.573
1584.522 1.562
1585.94 1.418
1587.461 1.521
1588.971 1.51
1590.375 1.404
1591.873 1.498
1593.413 1.54
1594.807 1.394
1596.311 1.504
1597.636 1.325
1598.666 1.03
1599.868 1.202
1601.315 1.447
1602.652 1.337
1604.085 1.433
1605.53 1.445
1606.913 1.383
1607.996 1.083
1609.054 1.058
1610.423 1.369
1611.873 1.45
1613.28 1.407
1614.673 1.393
1616.038 1.365
1617.139 1.101
1618.222 1.083
1619.694 1.472
1621.149 1.455
1622.617 1.468
1624.04 1.423
1625.552 1.512
1626.73 1.178
1628.08 1.35
1629.155 1.075
1630.337 1.182
1631.721 1.384
1633.125 1.404
1634.46 1.335
1635.668 1.208
1636.643 0.975
1637.594 0.951
1638.771 1.177
1640.149 1.378
1641.46 1.311
1642.767 1.307
1644.099 1.332
1645.36 1.261
1646.703 1.343
1648.14 1.437
1649.634 1.494
1651.13 1.496
1652.493 1.363
1653.867 1.374
1655.317 1.45
1656.705 1.388
1657.882 1.177
1658.92 1.038
1660.056 1.136
1661.824 1.768
1663.447 1.623
1664.98 1.533
1666.401 1.421
1667.561 1.16
1668.701 1.14
1670.079 1.378
1671.49 1.411
1672.888 1.398
1674.331 1.443
1675.697 1.366
1677.087 1.39
1678.511 1.424
1679.92 1.409
1681.21 1.29
1682.652 1.442
1683.947 1.295
1685.136 1.189
1686.608 1.472
1687.88 1.272
1689.017 1.137
1690.579 1.562
1692.085 1.506
1693.117 1.032
1694.019 0.902
1694.925 0.906
1696.016 1.091
1697.313 1.297
1698.814 1.501
1700.256 1.442
1701.651 1.395
1703.038 1.387
1704.358 1.32
1705.598 1.24
1706.639 1.041
1707.547 0.908
1708.421 0.874
1709.402 0.981
1710.976 1.574
1712.482 1.506
1713.809 1.327
1714.939 1.13
1715.962 1.023
1717.482 1.52
1718.939 1.457
1720.322 1.383
1721.631 1.309
1722.753 1.122
1723.71 0.957
1724.594 0.884
1725.587 0.993
1727.111 1.524
1728.559 1.448
1729.969 1.41
1731.32 1.351
1732.487 1.167
1733.468 0.981
1734.369 0.901
1735.287 0.918
1736.837 1.55
1738.323 1.486
1739.742 1.419
1741.017 1.275
1742.277 1.26
1743.287 1.01
1744.196 0.909
1745.152 0.956
1746.569 1.417
1747.957 1.388
1749.356 1.399
1750.717 1.361
1752.032 1.315
1753.128 1.096
1754.117 0.989
1755.228 1.111
1756.766 1.538
1758.254 1.488
1759.676 1.422
1760.978 1.302
1762.117 1.139
1763.166 1.049
1764.151 0.985
1765.082 0.931
1766.124 1.042
1767.426 1.302
1768.74 1.314
1770.054 1.314
1771.33 1.276
1772.458 1.128
1773.454 0.996
1774.392 0.938
1775.342 0.95
1776.735 1.393
1778.071 1.336
1779.406 1.335
1780.766 1.36
1782.039 1.273
1783.126 1.087
1784.109 0.983
1785.046 0.937
1786.08 1.034
1787.489 1.409
1788.917 1.428
1790.262 1.345
1791.574 1.312
1792.764 1.19
1793.788 1.024
1794.799 1.011
1796.167 1.368
1797.585 1.418
1798.95 1.365
1800.299 1.349
1801.616 1.317
1802.781 1.165
1803.764 0.983
1804.694 0.93
1805.771 1.077
1807.193 1.422
1808.628 1.435
1809.943 1.315
1811.236 1.293
1812.393 1.157
1813.428 1.035
1814.502 1.074
1815.837 1.335
1817.203 1.366
1818.511 1.308
1819.747 1.236
1820.912 1.165
1821.908 0.996
1822.843 0.935
1823.749 0.906
1824.858 1.109
1826.195 1.337
1827.433 1.238
1828.43 0.997
1829.414 0.984
1830.515 1.101
1831.6 1.085
1832.565 0.965
1833.491 0.926
1834.408 0.917
1835.373 0.965
1836.491 1.118
1837.781 1.29
1839.054 1.273
1840.284 1.23
1841.5 1.216
1842.562 1.062
1843.614 1.052
1844.978 1.364
1846.326 1.348
1847.674 1.348
1849.021 1.347
1850.384 1.363
1851.726 1.342
1852.825 1.099
1853.782 0.957
1854.67 0.888
1855.74 1.07
1857.29 1.55
1858.705 1.415
1860.096 1.391
1861.427 1.331
1862.644 1.217
1863.681 1.037
1864.622 0.941
1865.563 0.941
1866.738 1.175
1868.033 1.295
1869.226 1.193
1870.368 1.142
1871.438 1.07
1872.454 1.016
1873.381 0.927
1874.296 0.915
1875.314 1.018
1876.463 1.149
1877.646 1.183
1878.777 1.131
1879.89 1.113
1880.987 1.097
1881.974 0.987
1882.872 0.898
1883.799 0.927
1884.979 1.18
1886.272 1.293
1887.469 1.197
1888.555 1.086
1889.604 1.049
1890.612 1.008
1891.628 1.016
1892.594 0.966
1893.489 0.895
1894.394 0.905
1895.49 1.096
1896.863 1.373
1898.166 1.303
1899.324 1.158
1900.416 1.092
1901.402 0.986
1902.31 0.908
1903.177 0.867
1904.033 0.856
1904.906 0.873
1905.995 1.089
1907.298 1.303
1908.548 1.25
1909.752 1.204
1910.902 1.15
1911.936 1.034
1912.869 0.933
1913.791 0.922
1914.807 1.016
1916.189 1.382
1917.527 1.338
1918.775 1.248
1919.964 1.189
1921.042 1.078
1922.101 1.059
1923.113 1.012
1924.124 1.011
1925.402 1.278
1926.832 1.43
1928.233 1.401
1929.556 1.323
1930.829 1.273
1932.002 1.173
1932.999 0.997
1933.911 0.912
1934.812 0.901
1935.81 0.998
1937.361 1.551
1938.779 1.418
1940.093 1.314
1941.267 1.174
1942.27 1.003
1943.206 0.936
1944.107 0.901
1945.066 0.959
1946.161 1.095
1947.389 1.228
1948.515 1.126
1949.634 1.119
1950.718 1.084
1951.818 1.1
1952.795 0.977
1953.712 0.917
1954.63 0.918
1955.585 0.955
1956.867 1.282
1958.133 1.266
1959.338 1.205
1960.497 1.159
1961.505 1.008
1962.433 0.928
1963.366 0.933
1964.489 1.123
1965.807 1.318
1967.096 1.289
1968.225 1.129
1969.267 1.042
1970.439 1.172
1971.85 1.411
1973.208 1.358
1974.575 1.367
1975.963 1.388
1977.352 1.389
1978.738 1.386
1980.088 1.35
1981.401 1.313
1982.549 1.148
1983.567 1.018
1984.579 1.012
1986.157 1.578
1987.671 1.514
1989.099 1.428
1990.452 1.353
1991.676 1.224
1992.722 1.046
1993.818 1.096
1995.014 1.196
1996.215 1.201
1997.327 1.112
1998.532 1.205
1999.726 1.194
2000.836 1.11
2001.93 1.094
2003.099 1.169
2004.166 1.067
2005.272 1.106
2006.349 1.077
2007.338 0.989
2008.403 1.065
2009.578 1.175
2010.741 1.163
2011.881 1.14
2013.001 1.12
2014.052 1.051
2015.028 0.976
2015.95 0.922
2016.901 0.951
2017.796 0.895
2018.638 0.842
2019.446 0.808
2020.288 0.842
2020.593 0.305
2020.882 0.289
2022.0 1.118
2022.916 0.916
2023.902 0.986
2024.934 1.032
2025.944 1.01
2026.953 1.009
2027.916 0.963
2028.821 0.905
2029.706 0.885
2030.658 0.952
2031.764 1.106
2032.711 0.947
2033.619 0.908
2034.465 0.846
2035.333 0.868
2037.244 1.911
2037.598 0.354