0.000 0.608
0.608 0.608
6.999 6.391
7.618 0.619
8.222 0.604
8.841 0.619
9.497 0.656
10.155 0.658
10.753 0.598
11.503 0.75
12.167 0.664
12.799 0.632
13.409 0.61
14.033 0.624
14.664 0.631
15.331 0.667
16.042 0.711
16.76 0.718
17.448 0.688
18.118 0.67
18.846 0.728
19.61 0.764
20.384 0.774
21.165 0.781
21.957 0.792
22.767 0.81
23.597 0.83
24.429 0.832
25.217 0.788
25.969 0.752
26.662 0.693
27.327 0.665
27.974 0.647
28.602 0.628
29.229 0.627
29.818 0.589
30.544 0.726
31.186 0.642
31.891 0.705
32.601 0.71
33.305 0.704
33.616 0.311
33.984 0.368
34.629 0.645
34.913 0.284
35.264 0.351
35.619 0.355
35.899 0.28
36.349 0.45
37.186 0.837
37.625 0.439
38.478 0.853
39.179 0.701
39.867 0.688
40.587 0.72
41.517 0.93
42.319 0.802
43.088 0.769
43.664 0.576
44.67 1.006
45.435 0.765
46.206 0.771
46.984 0.778
47.796 0.812
48.603 0.807
49.313 0.71
50.093 0.78
50.867 0.774
51.64 0.773
52.373 0.733
53.101 0.728
53.899 0.798
54.709 0.81
55.523 0.814
56.288 0.765
57.082 0.794
57.891 0.809
58.694 0.803
59.454 0.76
60.151 0.697
60.81 0.659
61.445 0.635
62.085 0.64
62.858 0.773
63.819 0.961
64.696 0.877
65.58 0.884
66.473 0.893
67.327 0.854
68.146 0.819
68.89 0.744
69.592 0.702
70.234 0.642
70.87 0.636
71.539 0.669
72.318 0.779
73.231 0.913
74.106 0.875
74.974 0.868
75.828 0.854
76.663 0.835
77.388 0.725
78.092 0.704
78.751 0.659
79.397 0.646
80.087 0.69
80.891 0.804
81.757 0.866
82.642 0.885
83.531 0.889
84.412 0.881
85.257 0.845
86.071 0.814
86.794 0.723
87.488 0.694
88.138 0.65
88.788 0.65
89.501 0.713
90.412 0.911
91.361 0.949
92.303 0.942
93.195 0.892
94.079 0.884
94.962 0.883
95.834 0.872
96.693 0.859
97.531 0.838
98.36 0.829
99.168 0.808
99.952 0.784
100.764 0.812
101.581 0.817
102.385 0.804
103.132 0.747
103.829 0.697
104.493 0.664
105.165 0.672
105.885 0.72
106.698 0.813
107.644 0.946
108.597 0.953
109.528 0.931
110.405 0.877
111.256 0.851
112.06 0.804
112.763 0.703
113.438 0.675
114.088 0.65
114.738 0.65
115.428 0.69
116.271 0.843
117.113 0.842
117.963 0.85
118.801 0.838
119.615 0.814
120.334 0.719
121.047 0.713
121.737 0.69
122.397 0.66
123.09 0.693
123.86 0.77
124.72 0.86
125.608 0.888
126.461 0.853
127.316 0.855
128.165 0.849
128.959 0.794
129.663 0.704
130.35 0.687
131.01 0.66
131.666 0.656
132.395 0.729
133.234 0.839
134.11 0.876
134.987 0.877
135.841 0.854
136.685 0.844
137.502 0.817
138.266 0.764
138.988 0.722
139.655 0.667
140.298 0.643
140.947 0.649
141.654 0.707
142.438 0.784
143.227 0.789
144.033 0.806
144.828 0.795
145.589 0.761
146.285 0.696
146.958 0.673
147.619 0.661
148.296 0.677
149.035 0.739
149.841 0.806
150.66 0.819
151.494 0.834
152.305 0.811
153.105 0.8
153.892 0.787
154.684 0.792
155.417 0.733
156.091 0.674
156.737 0.646
157.375 0.638
158.053 0.678
158.822 0.769
159.744 0.922
160.669 0.925
161.561 0.892
162.444 0.883
163.322 0.878
164.075 0.753
164.822 0.747
165.554 0.732
166.249 0.695
166.952 0.703
167.7 0.748
168.499 0.799
169.303 0.804
170.118 0.815
170.915 0.797
171.696 0.781
172.464 0.768
173.207 0.743
173.948 0.741
174.636 0.688
175.297 0.661
175.628 0.331
175.978 0.35
176.583 0.605
177.307 0.724
178.162 0.855
179.05 0.888
179.917 0.867
180.789 0.872
181.643 0.854
182.466 0.823
183.25 0.784
183.935 0.685
184.592 0.657
185.217 0.625
185.546 0.329
185.809 0.263
186.104 0.295
186.367 0.263
192.997 6.63
193.714 0.717
194.38 0.666
195.019 0.639
195.647 0.628
196.294 0.647
197.016 0.722
197.907 0.891
198.811 0.904
199.638 0.827
200.446 0.808
201.203 0.757
201.945 0.742
202.628 0.683
203.322 0.694
204.038 0.716
204.79 0.752
205.523 0.733
206.258 0.735
206.977 0.719
207.647 0.67
208.309 0.662
208.982 0.673
209.735 0.753
210.511 0.776
211.289 0.778
212.015 0.726
212.735 0.72
213.431 0.696
214.101 0.67
214.75 0.649
215.35 0.6
216.019 0.669
216.684 0.665
217.492 0.808
218.335 0.843
219.121 0.786
219.888 0.767
220.636 0.748
221.352 0.716
222.05 0.698
222.723 0.673
223.404 0.681
224.077 0.673
224.76 0.683
225.447 0.687
226.15 0.703
226.856 0.706
227.562 0.706
228.264 0.702
228.946 0.682
229.631 0.685
230.314 0.683
230.987 0.673
231.671 0.684
232.375 0.704
233.112 0.737
233.888 0.776
234.63 0.742
235.352 0.722
236.063 0.711
236.791 0.728
237.501 0.71
238.222 0.721
238.955 0.733
239.698 0.743
240.385 0.687
241.038 0.653
241.675 0.637
242.331 0.656
243.081 0.75
243.88 0.799
244.707 0.827
245.548 0.841
246.346 0.798
247.109 0.763
247.823 0.714
248.49 0.667
249.152 0.662
249.798 0.646
250.46 0.662
251.129 0.669
251.77 0.641
252.391 0.621
253.018 0.627
253.636 0.618
254.271 0.635
254.979 0.708
255.77 0.791
256.568 0.798
257.341 0.773
258.053 0.712
258.705 0.652
259.362 0.657
260.004 0.642
260.662 0.658
261.346 0.684
262.034 0.688
262.721 0.687
263.431 0.71
264.145 0.714
264.842 0.697
265.535 0.693
266.193 0.658
266.849 0.656
267.499 0.65
268.173 0.674
268.897 0.724
269.747 0.85
270.575 0.828
271.39 0.815
272.182 0.792
272.95 0.768
273.69 0.74
274.4 0.71
275.1 0.7
275.795 0.695
276.489 0.694
277.173 0.684
277.847 0.674
278.504 0.657
279.15 0.646
279.796 0.646
280.463 0.667
281.188 0.725
281.961 0.773
282.797 0.836
283.612 0.815
284.412 0.8
285.178 0.766
285.896 0.718
286.559 0.663
287.202 0.643
287.839 0.637
288.475 0.636
289.146 0.671
289.891 0.745
290.693 0.802
291.529 0.836
292.378 0.849
293.239 0.861
294.093 0.854
294.93 0.837
295.748 0.818
296.565 0.817
297.382 0.817
298.191 0.809
298.981 0.79
299.747 0.766
300.489 0.742
301.206 0.717
301.881 0.675
302.551 0.67
303.217 0.666
303.877 0.66
304.536 0.659
305.163 0.627
305.78 0.617
306.395 0.615
307.031 0.636
307.705 0.674
308.461 0.756
309.316 0.855
310.153 0.837
310.965 0.812
311.768 0.803
312.544 0.776
313.278 0.734
313.981 0.703
314.671 0.69
315.335 0.664
315.968 0.633
316.596 0.628
317.211 0.615
317.841 0.63
318.505 0.664
319.23 0.725
320.008 0.778
320.799 0.791
321.6 0.801
322.404 0.804
323.187 0.783
323.953 0.766
324.703 0.75
325.443 0.74
326.178 0.735
326.912 0.734
327.661 0.749
328.424 0.763
329.147 0.723
329.815 0.668
330.459 0.644
331.087 0.628
331.716 0.629
332.357 0.641
333.061 0.704
333.908 0.847
334.739 0.831
335.575 0.836
336.405 0.83
337.218 0.813
337.933 0.715
338.612 0.679
339.262 0.65
339.93 0.668
340.651 0.721
341.431 0.78
342.217 0.786
342.928 0.711
343.572 0.644
344.197 0.625
344.825 0.628
345.469 0.644
346.157 0.688
346.869 0.712
347.614 0.745
348.362 0.748
349.114 0.752
349.827 0.713
350.515 0.688
351.217 0.702
351.899 0.682
352.572 0.673
353.228 0.656
353.86 0.632
354.487 0.627
355.132 0.645
355.827 0.695
356.562 0.735
357.306 0.744
358.024 0.718
358.689 0.665
359.351 0.662
360.021 0.67
360.711 0.69
361.423 0.712
362.153 0.73
362.865 0.712
363.538 0.673
364.188 0.65
364.832 0.644
365.485 0.653
366.158 0.673
366.893 0.735
367.688 0.795
368.518 0.83
369.344 0.826
370.049 0.705
370.778 0.729
371.486 0.708
372.151 0.665
373.426 1.275
374.032 0.606
374.619 0.587
375.204 0.585
375.79 0.586
376.37 0.58
376.946 0.576
377.553 0.607
378.176 0.623
378.815 0.639
379.449 0.634
380.078 0.629
380.683 0.605
381.267 0.584
381.891 0.624
382.551 0.66
383.268 0.717
384.013 0.745
384.747 0.734
385.469 0.722
386.146 0.677
386.81 0.664
387.485 0.675
388.218 0.733
388.998 0.78
389.789 0.791
390.552 0.763
391.268 0.716
391.93 0.662
392.575 0.645
393.195 0.62
393.797 0.602
394.386 0.589
394.969 0.583
395.55 0.581
396.134 0.584
396.716 0.582
397.3 0.584
397.884 0.584
398.465 0.581
399.049 0.584
399.624 0.575
400.192 0.568
400.753 0.561
401.312 0.559
401.875 0.563
402.457 0.582
403.093 0.636
403.799 0.706
404.541 0.742
405.286 0.745
406.032 0.746
406.768 0.736
407.533 0.765
408.284 0.751
408.996 0.712
409.666 0.67
410.344 0.678
411.049 0.705
411.766 0.717
412.539 0.773
413.361 0.822
414.217 0.856
415.004 0.787
415.746 0.742
416.5 0.754
417.255 0.755
418.051 0.796
418.878 0.827
419.66 0.782
420.39 0.73
421.18 0.79
421.995 0.815
422.813 0.818
423.561 0.748
424.288 0.727
425.045 0.757
425.78 0.735
426.536 0.756
427.249 0.713
427.925 0.676
428.641 0.716
429.384 0.743
430.158 0.774
430.953 0.795
431.727 0.774
432.448 0.721
433.187 0.739
433.982 0.795
434.794 0.812
435.604 0.81
436.344 0.74
437.116 0.772
437.914 0.798
438.731 0.817
439.497 0.766
440.271 0.774
441.092 0.821
441.941 0.849
442.761 0.82
443.527 0.766
444.285 0.758
445.037 0.752
445.809 0.772
446.529 0.72
447.256 0.727
448.026 0.77
448.899 0.873
449.741 0.842
450.476 0.735
451.243 0.767
452.065 0.822
452.912 0.847
453.709 0.797
454.563 0.854
455.451 0.888
456.297 0.846
457.078 0.781
457.851 0.773
458.659 0.808
459.457 0.798
460.199 0.742
460.939 0.74
461.71 0.771
462.511 0.801
463.289 0.778
464.001 0.712
464.727 0.726
465.48 0.753
466.239 0.759
466.929 0.69
467.62 0.691
468.308 0.688
469.049 0.741
469.817 0.768
470.619 0.802
471.352 0.733
472.088 0.736
472.879 0.791
473.706 0.827
474.527 0.821
475.257 0.73
476.0 0.743
476.732 0.732
477.449 0.717
478.146 0.697
478.865 0.719
479.608 0.743
480.425 0.817
481.209 0.784
481.926 0.717
482.646 0.72
483.388 0.742
484.177 0.789
485.004 0.827
485.765 0.761
486.47 0.705
487.178 0.708
487.897 0.719
488.682 0.785
489.464 0.782
490.191 0.727
490.969 0.778
491.749 0.78
492.556 0.807
493.28 0.724
493.961 0.681
494.627 0.666
495.31 0.683
496.052 0.742
496.875 0.823
497.767 0.892
498.591 0.824
499.327 0.736
500.098 0.771
500.87 0.772
501.692 0.822
502.502 0.81
503.235 0.733
503.973 0.738
504.742 0.769
505.522 0.78
506.306 0.784
507.045 0.739
507.744 0.699
508.483 0.739
509.241 0.758
510.029 0.788
510.766 0.737
511.458 0.692
512.184 0.726
512.91 0.726
513.699 0.789
514.434 0.735
515.121 0.687
515.784 0.663
516.46 0.676
517.175 0.715
517.926 0.751
518.676 0.75
519.364 0.688
520.051 0.687
520.753 0.702
521.491 0.738
522.255 0.764
523.051 0.796
523.8 0.749
524.583 0.783
525.388 0.805
526.18 0.792
526.947 0.767
527.65 0.703
528.319 0.669
528.988 0.669
529.699 0.711
530.494 0.795
531.304 0.81
532.106 0.802
532.824 0.718
533.536 0.712
534.277 0.741
535.032 0.755
535.787 0.755
536.496 0.709
537.223 0.727
537.939 0.716
538.671 0.732
539.372 0.701
540.045 0.673
540.753 0.708
541.487 0.734
542.251 0.764
542.985 0.734
543.654 0.669
544.298 0.644
544.933 0.635
545.617 0.684
546.361 0.744
547.098 0.737
547.788 0.69
548.528 0.74
549.299 0.771
550.069 0.77
550.789 0.72
551.516 0.727
552.267 0.751
553.034 0.767
553.789 0.755
554.485 0.696
555.183 0.698
555.914 0.731
556.66 0.746
557.422 0.762
558.14 0.718
558.847 0.707
559.569 0.722
560.299 0.73
560.992 0.693
561.662 0.67
562.317 0.655
562.982 0.665
563.698 0.716
564.506 0.808
565.347 0.841
566.191 0.844
567.017 0.826
567.785 0.768
568.48 0.695
569.159 0.679
569.838 0.679
570.575 0.737
571.304 0.729
572.033 0.729
572.735 0.702
573.406 0.671
574.089 0.683
574.759 0.67
575.42 0.661
576.082 0.662
576.869 0.787
577.746 0.877
578.599 0.853
579.443 0.844
580.252 0.809
581.039 0.787
581.742 0.703
582.434 0.692
583.151 0.717
583.875 0.724
584.635 0.76
585.38 0.745
586.07 0.69
586.772 0.702
587.482 0.71
588.215 0.733
588.936 0.721
589.639 0.703
590.372 0.733
591.105 0.733
591.816 0.711
592.485 0.669
593.17 0.685
593.873 0.703
594.579 0.706
595.307 0.728
595.994 0.687
596.682 0.688
597.415 0.733
598.163 0.748
598.937 0.774
599.671 0.734
600.352 0.681
601.011 0.659
601.667 0.656
602.339 0.672
603.042 0.703
603.771 0.729
604.477 0.706
605.181 0.704
605.9 0.719
606.642 0.742
607.382 0.74
608.071 0.689
608.748 0.677
609.422 0.674
610.114 0.692
610.824 0.71
611.59 0.766
612.379 0.789
613.15 0.771
613.848 0.698
614.516 0.668
615.181 0.665
615.849 0.668
616.572 0.723
617.304 0.732
618.029 0.725
618.721 0.692
619.38 0.659
620.036 0.656
620.713 0.677
621.421 0.708
622.158 0.737
622.873 0.715
623.551 0.678
624.244 0.693
624.941 0.697
625.66 0.719
626.387 0.727
627.075 0.688
627.737 0.662
628.387 0.65
629.055 0.668
629.77 0.715
630.583 0.813
631.463 0.88
632.23 0.767
633.047 0.817
633.825 0.778
634.611 0.786
635.378 0.767
636.078 0.7
636.773 0.695
637.492 0.719
638.215 0.723
638.959 0.744
639.684 0.725
640.364 0.68
641.044 0.68
641.75 0.706
642.505 0.755
643.28 0.775
644.018 0.738
644.722 0.704
645.435 0.713
646.156 0.721
646.885 0.729
647.625 0.74
648.332 0.707
648.993 0.661
649.649 0.656
650.326 0.677
651.037 0.711
651.758 0.721
652.453 0.695
653.142 0.689
653.852 0.71
654.588 0.736
655.342 0.754
656.06 0.718
656.762 0.702
657.455 0.693
658.164 0.709
658.911 0.747
659.667 0.756
660.399 0.732
661.078 0.679
661.748 0.67
662.4 0.652
663.076 0.676
664.003 0.927
664.85 0.847
665.662 0.812
666.473 0.811
667.292 0.819
668.113 0.821
668.873 0.76
669.585 0.712
670.245 0.66
670.891 0.646
671.556 0.665
672.278 0.722
673.088 0.81
673.933 0.845
674.784 0.851
675.614 0.83
676.387 0.773
677.151 0.764
677.839 0.688
678.506 0.667
679.176 0.67
679.852 0.676
680.567 0.715
681.302 0.735
682.062 0.76
682.833 0.771
683.553 0.72
684.295 0.742
685.03 0.735
685.814 0.784
686.648 0.834
687.433 0.785
688.183 0.75
688.931 0.748
689.674 0.743
690.434 0.76
691.218 0.784
691.944 0.726
692.608 0.664
693.262 0.654
693.911 0.649
694.584 0.673
695.268 0.684
695.974 0.706
696.692 0.718
697.365 0.673
698.043 0.678
698.735 0.692
699.437 0.702
700.18 0.743
700.951 0.771
701.665 0.714
702.361 0.696
703.079 0.718
703.81 0.731
704.57 0.76
705.331 0.761
706.035 0.704
706.758 0.723
707.481 0.723
708.224 0.743
708.934 0.71
709.595 0.661
710.254 0.659
710.924 0.67
711.633 0.709
712.386 0.753
713.135 0.749
713.899 0.764
714.747 0.848
715.611 0.864
716.435 0.824
717.18 0.745
718.036 0.856
718.857 0.821
719.639 0.782
720.354 0.715
721.06 0.706
721.758 0.698
722.462 0.704
723.174 0.712
723.861 0.687
724.586 0.725
725.325 0.739
726.127 0.802
726.88 0.753
727.604 0.724
728.351 0.747
729.102 0.751
729.858 0.756
730.552 0.694
731.234 0.682
731.933 0.699
732.653 0.72
733.382 0.729
734.064 0.682
734.745 0.681
735.443 0.698
736.17 0.727
736.912 0.742
737.6 0.688
738.27 0.67
738.948 0.678
739.628 0.68
740.276 0.648
740.918 0.642
741.584 0.666
742.293 0.709
743.015 0.722
743.747 0.732
744.473 0.726
745.174 0.701
745.846 0.672
746.542 0.696
747.236 0.694
747.944 0.708
748.634 0.69
749.318 0.684
750.01 0.692
750.72 0.71
751.407 0.687
752.1 0.693
752.793 0.693
753.497 0.704
754.195 0.698
754.881 0.686
755.577 0.696
756.265 0.688
756.939 0.674
757.602 0.663
758.302 0.7
758.991 0.689
759.706 0.715
760.395 0.689
761.095 0.7
761.801 0.706
762.493 0.692
763.183 0.69
763.901 0.718
764.605 0.704
765.315 0.71
766.001 0.686
766.676 0.675
767.393 0.717
768.127 0.734
768.87 0.743
769.582 0.712
770.304 0.722
771.055 0.751
771.8 0.745
772.54 0.74
773.224 0.684
773.917 0.693
774.61 0.693
775.315 0.705
776.017 0.702
776.688 0.671
777.361 0.673
778.064 0.703
778.777 0.713
779.485 0.708
780.151 0.666
780.844 0.693
781.572 0.728
782.33 0.758
783.04 0.71
783.729 0.689
784.466 0.737
785.233 0.767
785.961 0.728
786.654 0.693
787.367 0.713
788.08 0.713
788.79 0.71
789.469 0.679
790.164 0.695
790.853 0.689
791.559 0.706
792.236 0.677
792.908 0.672
793.606 0.698
794.331 0.725
795.043 0.712
795.708 0.665
796.401 0.693
797.094 0.693
797.798 0.704
798.477 0.679
799.176 0.699
799.917 0.741
800.643 0.726
801.347 0.704
802.076 0.729
802.82 0.744
803.564 0.744
804.251 0.687
804.95 0.699
805.65 0.7
806.364 0.714
807.048 0.684
807.72 0.672
808.429 0.709
809.137 0.708
809.816 0.679
810.499 0.683
811.251 0.752
812.023 0.772
812.822 0.799
813.562 0.74
814.319 0.757
815.053 0.734
815.787 0.734
816.471 0.684
817.155 0.684
817.855 0.7
818.55 0.695
819.236 0.686
819.902 0.666
820.624 0.722
821.363 0.739
822.089 0.726
822.795 0.706
823.542 0.747
824.292 0.75
825.035 0.743
825.734 0.699
826.466 0.732
827.215 0.749
827.977 0.762
828.697 0.72
829.433 0.736
830.185 0.752
830.907 0.722
831.589 0.682
832.278 0.689
832.969 0.691
833.701 0.732
834.389 0.688
835.088 0.699
835.817 0.729
836.564 0.747
837.319 0.755
838.057 0.738
838.803 0.746
839.562 0.759
840.294 0.732
840.989 0.695
841.697 0.708
842.405 0.708
843.148 0.743
843.847 0.699
844.551 0.704
845.296 0.745
846.054 0.758
846.784 0.73
847.487 0.703
848.211 0.724
848.944 0.733
849.667 0.723
850.368 0.701
851.076 0.708
851.848 0.772
852.62 0.772
853.325 0.705
854.042 0.717
854.783 0.741
855.552 0.769
856.269 0.717
856.975 0.706
857.712 0.737
858.442 0.73
859.133 0.691
859.842 0.709
860.563 0.721
861.338 0.775
862.099 0.761
862.801 0.702
863.514 0.713
864.228 0.714
864.96 0.732
865.664 0.704
866.376 0.712
867.1 0.724
867.82 0.72
868.52 0.7
869.233 0.713
869.951 0.718
870.659 0.708
871.338 0.679
872.034 0.696
872.732 0.698
873.458 0.726
874.138 0.68
874.854 0.716
875.576 0.722
876.323 0.747
877.049 0.726
877.744 0.695
878.451 0.707
879.16 0.709
879.862 0.702
880.525 0.663
881.219 0.694
881.902 0.683
882.602 0.7
883.274 0.672
883.93 0.656
884.578 0.648
885.23 0.652
885.923 0.693
886.631 0.708
887.317 0.686
887.983 0.666
888.68 0.697
889.395 0.715
890.111 0.716
890.815 0.704
891.496 0.681
892.19 0.694
892.881 0.691
893.584 0.703
894.262 0.678
894.981 0.719
895.708 0.727
896.424 0.716
897.112 0.688
897.782 0.67
898.472 0.69
899.176 0.704
899.879 0.703
900.578 0.699
901.277 0.699
902.003 0.726
902.767 0.764
903.462 0.695
904.192 0.73
904.935 0.743
905.707 0.772
906.443 0.736
907.131 0.688
907.852 0.721
908.589 0.737
909.312 0.723
909.988 0.676
910.67 0.682
911.368 0.698
912.075 0.707
912.761 0.686
913.435 0.674
914.14 0.705
914.856 0.716
915.539 0.683
916.249 0.71
917.003 0.754
917.714 0.711
918.377 0.663
919.043 0.666
919.717 0.674
920.423 0.706
921.092 0.669
921.78 0.688
922.475 0.695
923.172 0.697
923.858 0.686
924.537 0.679
925.228 0.691
925.915 0.687
926.585 0.67
927.24 0.655
927.907 0.667
928.598 0.691
929.296 0.698
929.976 0.68
930.641 0.665
931.334 0.693
932.03 0.696
932.709 0.679
933.372 0.663
934.054 0.682
934.782 0.728
935.508 0.726
936.182 0.674
936.847 0.665
937.526 0.679
938.215 0.689
938.885 0.67
939.567 0.682
940.277 0.71
941.01 0.733
941.739 0.729
942.424 0.685
943.145 0.721
943.889 0.744
944.611 0.722
945.296 0.685
945.988 0.692
946.722 0.734
947.478 0.756
948.205 0.727
948.927 0.722
949.651 0.724
950.371 0.72
951.05 0.679
951.75 0.7
952.451 0.701
953.165 0.714
953.854 0.689
954.519 0.665
955.21 0.691
955.902 0.692
956.624 0.722
957.3 0.676
957.983 0.683
958.679 0.696
959.372 0.693
960.038 0.666
960.709 0.671
961.399 0.69
962.079 0.68
962.734 0.655
963.374 0.64
964.021 0.647
964.677 0.656
965.347 0.67
965.997 0.65
966.63 0.633
967.287 0.657
967.951 0.664
968.623 0.672
969.259 0.636
969.906 0.647
970.56 0.654
971.233 0.673
971.88 0.647
972.508 0.628
973.139 0.631
973.784 0.645
974.422 0.638
975.056 0.634
975.68 0.624
976.312 0.632
976.963 0.651
977.627 0.664
978.288 0.661
978.924 0.636
979.554 0.63
980.192 0.638
980.965 0.773
981.825 0.86
982.666 0.841
983.445 0.779
984.177 0.732
984.872 0.695
985.545 0.673
986.186 0.641
986.812 0.626
987.439 0.627
988.077 0.638
988.74 0.663
989.398 0.658
990.092 0.694
990.773 0.681
991.456 0.683
992.113 0.657
992.776 0.663
993.458 0.682
994.122 0.664
994.752 0.63
995.366 0.614
995.989 0.623
996.6 0.611
997.222 0.622
997.847 0.625
998.477 0.63
999.108 0.631
999.738 0.63
1000.369 0.631
1000.995 0.626
1001.611 0.616
1002.211 0.6
1002.821 0.61
1003.438 0.617
1004.07 0.632
1004.735 0.665
1005.384 0.649
1006.027 0.643
1006.692 0.665
1007.394 0.702
1008.189 0.795
1008.984 0.795
1009.733 0.749
1010.405 0.672
1011.065 0.66
1011.722 0.657
1012.412 0.69
1013.091 0.679
1013.721 0.63
1014.361 0.64
1014.971 0.61
1015.571 0.6
1016.165 0.594
1016.762 0.597
1017.352 0.59
1017.937 0.585
1018.527 0.59
1019.13 0.603
1019.744 0.614
1020.385 0.641
1021.043 0.658
1021.702 0.659
1022.357 0.655
1022.981 0.624
1023.581 0.6
1024.178 0.597
1024.783 0.605
1025.408 0.625
1026.09 0.682
1026.949 0.859
1027.784 0.835
1028.638 0.854
1029.43 0.792
1030.159 0.729
1030.972 0.813
1031.809 0.837
1032.56 0.751
1033.281 0.721
1033.934 0.653
1034.565 0.631
1035.206 0.641
1035.897 0.691
1036.649 0.752
1037.481 0.832
1038.344 0.863
1039.217 0.873
1040.015 0.798
1040.821 0.806
1041.633 0.812
1042.491 0.858
1043.36 0.869
1044.228 0.868
1045.04 0.812
1045.802 0.762
1046.595 0.793
1047.355 0.76
1048.136 0.781
1048.921 0.785
1049.663 0.742
1050.457 0.794
1051.273 0.816
1052.065 0.792
1052.834 0.769
1053.621 0.787
1054.373 0.752
1055.09 0.717
1055.842 0.752
1056.637 0.795
1057.412 0.775
1058.181 0.769
1058.901 0.72
1059.675 0.774
1060.402 0.727
1061.198 0.796
1061.974 0.776
1062.734 0.76
1063.452 0.718
1064.249 0.797
1065.048 0.799
1065.864 0.816
1066.645 0.781
1067.409 0.764
1068.162 0.753
1068.9 0.738
1069.649 0.749
1070.412 0.763
1071.204 0.792
1072.055 0.851
1072.926 0.871
1073.717 0.791
1074.519 0.802
1075.291 0.772
1076.044 0.753
1076.815 0.771
1077.566 0.751
1078.347 0.781
1079.164 0.817
1079.978 0.814
1080.797 0.819
1081.658 0.861
1082.546 0.888
1083.323 0.777
1084.102 0.779
1084.867 0.765
1085.61 0.743
1086.379 0.769
1087.151 0.772
1087.912 0.761
1088.684 0.772
1089.43 0.746
1090.17 0.74
1090.942 0.772
1091.702 0.76
1092.51 0.808
1093.277 0.767
1094.024 0.747
1094.799 0.775
1095.537 0.738
1096.326 0.789
1097.081 0.755
1097.858 0.777
1098.673 0.815
1099.476 0.803
1100.303 0.827
1101.169 0.866
1102.023 0.854
1102.827 0.804
1103.589 0.762
1104.273 0.684
1104.932 0.659
1105.598 0.666
1106.292 0.694
1106.984 0.692
1107.657 0.673
1108.365 0.708
1109.118 0.753
1109.921 0.803
1110.754 0.833
1111.604 0.85
1112.361 0.757
1113.071 0.71
1113.822 0.751
1114.582 0.76
1115.334 0.752
1116.02 0.686
1116.705 0.685
1117.383 0.678
1118.081 0.698
1118.855 0.774
1119.657 0.802
1120.472 0.815
1121.286 0.814
1122.004 0.718
1122.684 0.68
1123.346 0.662
1124.028 0.682
1124.758 0.73
1125.541 0.783
1126.35 0.809
1127.134 0.784
1127.856 0.722
1128.535 0.679
1129.208 0.673
1129.888 0.68
1130.605 0.717
1131.333 0.728
1132.053 0.72
1132.771 0.718
1133.566 0.795
1134.337 0.771
1135.117 0.78
1135.865 0.748
1136.559 0.694
1137.234 0.675
1137.917 0.683
1138.623 0.706
1139.362 0.739
1140.116 0.754
1140.839 0.723
1141.53 0.691
1142.225 0.695
1142.941 0.716
1143.67 0.729
1144.422 0.752
1145.14 0.718
1145.82 0.68
1146.508 0.688
1147.207 0.699
1147.899 0.692
1148.59 0.691
1149.32 0.73
1150.042 0.722
1150.788 0.746
1151.563 0.775
1152.316 0.753
1153.025 0.709
1153.784 0.759
1154.522 0.738
1155.261 0.739
1155.997 0.736
1156.717 0.72
1157.454 0.737
1158.209 0.755
1158.98 0.771
1159.704 0.724
1160.449 0.745
1161.191 0.742
1161.979 0.788
1162.767 0.788
1163.507 0.74
1164.3 0.793
1165.119 0.819
1165.879 0.76
1166.67 0.791
1167.479 0.809
1168.265 0.786
1168.992 0.727
1169.708 0.716
1170.445 0.737
1171.198 0.753
1171.905 0.707
1172.575 0.67
1173.243 0.668
1173.919 0.676
1174.646 0.727
1175.407 0.761
1176.196 0.789
1176.947 0.751
1177.687 0.74
1178.415 0.728
1179.134 0.719
1179.869 0.735
1180.529 0.66
1181.194 0.665
1181.836 0.642
1182.486 0.65
1183.135 0.649
1183.79 0.655
1184.449 0.659
1185.121 0.672
1185.742 0.621
1186.343 0.601
1186.951 0.608
1187.551 0.6
1188.157 0.606
1188.781 0.624
1189.41 0.629
1190.039 0.629
1190.669 0.63
1191.277 0.608
1191.873 0.596
1192.492 0.619
1193.129 0.637
1193.798 0.669
1194.468 0.67
1195.142 0.674
1195.794 0.652
1196.431 0.637
1197.048 0.617
1197.654 0.606
1198.247 0.593
1198.825 0.578
1199.399 0.574
1199.97 0.571
1200.538 0.568
1201.116 0.578
1201.748 0.632
1202.512 0.764
1203.355 0.843
1204.228 0.873
1205.087 0.859
1205.927 0.84
1206.668 0.741
1207.398 0.73
1208.121 0.723
1208.828 0.707
1209.58 0.752
1210.371 0.791
1211.143 0.772
1211.906 0.763
1212.745 0.839
1213.66 0.915
1214.564 0.904
1215.43 0.866
1216.312 0.882
1217.242 0.93
1218.107 0.865
1218.938 0.831
1219.734 0.796
1220.491 0.757
1221.207 0.716
1221.893 0.686
1222.528 0.635
1223.16 0.632
1223.782 0.622
1224.403 0.621
1225.033 0.63
1225.677 0.644
1226.379 0.702
1227.137 0.758
1227.905 0.768
1228.675 0.77
1229.383 0.708
1230.085 0.702
1230.821 0.736
1231.565 0.744
1232.319 0.754
1233.089 0.77
1233.872 0.783
1234.616 0.744
1235.396 0.78
1236.167 0.771
1236.907 0.74
1237.59 0.683
1238.273 0.683
1238.963 0.69
1239.707 0.744
1240.527 0.82
1241.342 0.815
1242.173 0.831
1242.993 0.82
1243.777 0.784
1244.521 0.744
1245.218 0.697
1245.882 0.664
1246.52 0.638
1247.137 0.617
1247.728 0.591
1248.324 0.596
1248.912 0.588
1249.51 0.598
1250.156 0.646
1250.896 0.74
1251.79 0.894
1252.626 0.836
1253.466 0.84
1254.299 0.833
1255.068 0.769
1255.85 0.782
1256.603 0.753
1257.28 0.677
1257.954 0.674
1258.624 0.67
1259.318 0.694
1260.047 0.729
1260.776 0.729
1261.496 0.72
1262.176 0.68
1262.868 0.692
1263.58 0.712
1264.297 0.717
1264.963 0.666
1265.648 0.685
1266.324 0.676
1266.972 0.648
1267.619 0.647
1268.284 0.665
1269.073 0.789
1270.096 1.023
1270.989 0.893
1271.865 0.876
1272.76 0.895
1273.643 0.883
1274.517 0.874
1275.515 0.998
1276.409 0.894
1277.454 1.045
1278.394 0.94
1279.292 0.898
1280.16 0.868
1281.007 0.847
1281.825 0.818
1282.514 0.689
1283.174 0.66
1283.831 0.657
1284.528 0.697
1285.297 0.769
1286.14 0.843
1287.059 0.919
1287.967 0.908
1288.878 0.911
1289.772 0.894
1290.641 0.869
1291.468 0.827
1292.182 0.714
1292.833 0.651
1293.463 0.63
1294.102 0.639
1294.783 0.681
1295.603 0.82
1296.532 0.929
1297.449 0.917
1298.34 0.891
1299.219 0.879
1300.095 0.876
1300.965 0.87
1301.816 0.851
1302.56 0.744
1303.242 0.682
1303.89 0.648
1304.526 0.636
1305.188 0.662
1305.952 0.764
1306.832 0.88
1307.732 0.9
1308.659 0.927
1309.578 0.919
1310.467 0.889
1311.34 0.873
1312.111 0.771
1312.802 0.691
1313.446 0.644
1314.076 0.63
1314.722 0.646
1315.479 0.757
1316.369 0.89
1317.306 0.937
1318.219 0.913
1319.097 0.878
1320.002 0.905
1320.873 0.871
1321.753 0.88
1322.637 0.884
1323.418 0.781
1324.118 0.7
1324.768 0.65
1325.416 0.648
1326.08 0.664
1326.886 0.806
1327.745 0.859
1328.673 0.928
1329.586 0.913
1330.462 0.876
1331.324 0.862
1332.098 0.774
1332.787 0.689
1333.443 0.656
1334.091 0.648
1334.752 0.661
1335.489 0.737
1336.26 0.771
1337.243 0.983
1338.143 0.9
1338.991 0.848
1339.841 0.85
1340.734 0.893
1341.57 0.836
1342.28 0.71
1342.966 0.686
1343.639 0.673
1344.32 0.681
1345.063 0.743
1345.944 0.881
1346.848 0.904
1347.791 0.943
1348.67 0.879
1349.541 0.871
1350.45 0.909
1351.269 0.819
1352.02 0.751
1352.683 0.663
1353.322 0.639
1353.952 0.63
1354.607 0.655
1355.352 0.745
1356.177 0.825
1357.123 0.946
1358.006 0.883
1358.881 0.875
1359.754 0.873
1360.6 0.846
1361.407 0.807
1362.12 0.713
1362.784 0.664
1363.423 0.639
1364.059 0.636
1364.716 0.657
1365.449 0.733
1366.334 0.885
1367.272 0.938
1368.119 0.847
1368.976 0.857
1369.89 0.914
1370.693 0.803
1371.47 0.777
1372.162 0.692
1372.811 0.649
1373.44 0.629
1374.061 0.621
1374.695 0.634
1375.401 0.706
1376.389 0.988
1377.247 0.858
1378.092 0.845
1378.965 0.873
1379.819 0.854
1380.643 0.824
1381.437 0.794
1382.15 0.713
1382.798 0.648
1383.426 0.628
1384.051 0.625
1384.714 0.663
1385.532 0.818
1386.489 0.957
1387.32 0.831
1388.16 0.84
1389.045 0.885
1389.932 0.887
1390.795 0.863
1391.65 0.855
1392.368 0.718
1393.03 0.662
1393.679 0.649
1394.346 0.667
1395.115 0.769
1396.051 0.936
1396.968 0.917
1397.852 0.884
1398.713 0.861
1399.542 0.829
1400.338 0.796
1401.117 0.779
1401.83 0.713
1402.48 0.65
1403.11 0.63
1403.736 0.626
1404.395 0.659
1405.178 0.783
1406.042 0.864
1406.907 0.865
1407.765 0.858
1408.639 0.874
1409.49 0.851
1410.318 0.828
1411.116 0.798
1411.859 0.743
1412.535 0.676
1413.173 0.638
1413.798 0.625
1414.438 0.64
1415.134 0.696
1416.002 0.868
1416.89 0.888
1417.713 0.823
1418.557 0.844
1419.402 0.845
1420.231 0.829
1421.015 0.784
1421.722 0.707
1422.368 0.646
1422.997 0.629
1423.616 0.619
1424.249 0.633
1424.939 0.69
1425.736 0.797
1426.563 0.827
1427.369 0.806
1428.164 0.795
1428.932 0.768
1429.685 0.753
1430.433 0.748
1431.141 0.708
1431.792 0.651
1432.417 0.625
1433.03 0.613
1433.641 0.611
1434.267 0.626
1434.956 0.689
1435.732 0.776
1436.558 0.826
1437.379 0.821
1438.194 0.815
1438.996 0.802
1439.753 0.757
1440.481 0.728
1441.161 0.68
1441.791 0.63
1442.401 0.61
1442.993 0.592
1443.586 0.593
1444.214 0.628
1445.032 0.818
1445.991 0.959
1446.914 0.923
1455.806 8.892
1456.662 0.856
1457.319 0.657
1458.004 0.685
1458.735 0.731
1459.509 0.774
1460.292 0.783
1461.07 0.778
1461.847 0.777
1462.59 0.743
1463.309 0.719
1464.0 0.691
1464.646 0.646
1465.275 0.629
1465.89 0.615
1466.5 0.61
1467.12 0.62
1467.769 0.649
1468.615 0.846
1469.486 0.871
1470.348 0.862
1471.156 0.808
1471.967 0.811
1472.712 0.745
1473.417 0.705
1474.062 0.645
1474.692 0.63
1475.306 0.614
1475.923 0.617
1476.582 0.659
1477.375 0.793
1478.288 0.913
1479.186 0.898
1480.073 0.887
1480.957 0.884
1481.835 0.878
1482.562 0.727
1483.23 0.668
1483.874 0.644
1484.52 0.646
1485.19 0.67
1485.92 0.73
1486.756 0.836
1487.607 0.851
1488.458 0.851
1489.316 0.858
1490.189 0.873
1490.896 0.707
1491.55 0.654
1492.182 0.632
1492.804 0.622
1493.43 0.626
1494.122 0.692
1495.017 0.895
1495.891 0.874
1501.976 6.085
1502.828 0.852
1503.677 0.849
1504.359 0.682
1505.006 0.647
1505.657 0.651
1506.336 0.679
1507.111 0.775
1507.959 0.848
1508.78 0.821
1509.623 0.843
1510.476 0.853
1511.304 0.828
1512.121 0.817
1512.893 0.772
1513.561 0.668
1514.199 0.638
1514.823 0.624
1515.441 0.618
1516.069 0.628
1516.737 0.668
1517.488 0.751
1518.339 0.851
1519.162 0.823
1519.99 0.828
1520.768 0.778
1521.507 0.739
1522.215 0.708
1522.891 0.676
1523.55 0.659
1524.137 0.587
1524.718 0.581
1525.307 0.589
1525.94 0.633
1526.742 0.802
1527.54 0.798
1528.344 0.804
1529.114 0.77
1529.838 0.724
1530.532 0.694
1531.173 0.641
1531.795 0.622
1532.4 0.605
1533.01 0.61
1533.649 0.639
1534.364 0.715
1540.975 0.915
1541.854 0.879
1542.694 0.84
1543.5 0.806
1544.267 0.767
1545.005 0.738
1545.667 0.662
1546.305 0.638
1546.927 0.622
1547.662 0.735
1548.506 0.844
1549.372 0.866
1550.227 0.855
1551.057 0.83
1551.831 0.774
1552.564 0.733
1553.263 0.699
1553.919 0.656
1554.546 0.627
1555.155 0.609
1555.759 0.604
1556.379 0.62
1557.05 0.671
1557.795 0.745
1558.6 0.805
1559.422 0.822
1560.252 0.83
1561.091 0.839
1561.905 0.814
1562.702 0.797
1563.449 0.747
1564.165 0.716
1564.869 0.704
1565.548 0.679
1566.228 0.68
1566.913 0.685
1567.618 0.705
1568.295 0.677
1568.947 0.652
1569.618 0.671
1570.319 0.701
1571.065 0.746
1571.85 0.785
1572.595 0.745
1573.303 0.708
1574.023 0.72
1574.733 0.71
1575.435 0.702
1576.161 0.726
1576.906 0.745
1577.641 0.735
1578.349 0.708
1579.006 0.657
1579.643 0.637
1580.267 0.624
1580.88 0.613
1581.484 0.604
1582.082 0.598
1582.695 0.613
1583.323 0.628
1583.997 0.674
1584.72 0.723
1585.452 0.732
1586.121 0.669
1586.767 0.646
1587.411 0.644
1588.062 0.651
1588.749 0.687
1589.476 0.727
1590.244 0.768
1591.062 0.818
1591.877 0.815
1592.679 0.802
1593.475 0.796
1594.237 0.762
1594.963 0.726
1595.662 0.699
1596.34 0.678
1597.003 0.663
1597.652 0.649
1598.292 0.64
1598.919 0.627
1599.52 0.601
1600.128 0.608
1600.727 0.599
1601.331 0.604
1601.948 0.617
1602.574 0.626
1603.215 0.641
1603.862 0.647
1604.53 0.668
1605.199 0.669
1605.886 0.687
1606.565 0.679
1607.225 0.66
1607.891 0.666
1608.542 0.651
1609.175 0.633
1609.809 0.634
1610.432 0.623
1611.053 0.621
1611.672 0.619
1612.307 0.635
1612.935 0.628
1613.581 0.646
1614.212 0.631
1614.829 0.617
1615.502 0.673
1616.171 0.669
1616.841 0.67
1617.502 0.661
1618.147 0.645
1618.794 0.647
1619.484 0.69
1620.302 0.818
1621.129 0.827
1621.961 0.832
1622.785 0.824
1623.594 0.809
1624.378 0.784
1625.154 0.776
1625.9 0.746
1626.619 0.719
1627.301 0.682
1628.014 0.713
1628.725 0.711
1629.435 0.71
1630.15 0.715
1630.842 0.692
1631.52 0.678
1632.191 0.671
1632.863 0.672
1633.535 0.672
1634.202 0.667
1634.855 0.653
1635.522 0.667
1636.185 0.663
1636.871 0.686
1637.542 0.671
1638.239 0.697
1638.945 0.706
1639.671 0.726
1640.419 0.748
1641.207 0.788
1641.943 0.736
1642.708 0.765
1643.483 0.775
1644.253 0.77
1644.974 0.721
1645.646 0.672
1646.311 0.665
1646.986 0.675
1647.668 0.682
1648.319 0.651
1649.006 0.687
1649.671 0.665
1650.346 0.675
1651.014 0.668
1651.654 0.64
1652.277 0.623
1652.905 0.628
1653.527 0.622
1654.155 0.628
1654.807 0.652
1655.473 0.666
1656.164 0.691
1656.886 0.722
1657.682 0.796
1658.513 0.831
1659.299 0.786
1660.068 0.769
1660.749 0.681
1661.251 0.502
1661.543 0.292
1662.091 0.548
1662.73 0.639
1663.962 1.232
1664.575 0.613
1665.162 0.587
1665.438 0.276
1665.766 0.328
1666.018 0.252
1666.387 0.369
1667.065 0.678
1667.427 0.362
1667.836 0.409
1668.087 0.251
1668.623 0.536
1669.405 0.782
1669.813 0.408
1670.12 0.307
1670.858 0.738
1671.609 0.751
1672.338 0.729
1673.026 0.688
1673.705 0.679
1674.367 0.662
1675.02 0.653
1675.692 0.672
1676.401 0.709
1677.193 0.792
1677.956 0.763
1678.755 0.799
1679.558 0.803
1680.355 0.797
1681.128 0.773
1681.877 0.749
1682.564 0.687
1682.856 0.292
1683.207 0.351
1683.513 0.306
1683.956 0.443
1684.624 0.668