0.000 0.644
0.644 0.644
1.273 0.629
1.934 0.661
2.582 0.648
3.22 0.638
3.871 0.651
4.543 0.672
5.215 0.672
5.866 0.651
6.617 0.751
7.467 0.85
8.354 0.887
9.233 0.879
10.07 0.837
10.92 0.85
16.999 6.079
17.85 0.851
18.721 0.871
19.649 0.928
20.561 0.912
21.443 0.882
22.246 0.803
23.066 0.82
23.988 0.922
24.89 0.902
25.743 0.853
26.53 0.787
27.23 0.7
27.975 0.745
28.896 0.921
29.9 1.004
30.871 0.971
31.76 0.889
32.609 0.849
33.528 0.919
34.462 0.934
35.413 0.951
36.265 0.852
37.08 0.815
38.009 0.929
38.94 0.931
39.887 0.947
40.798 0.911
41.774 0.976
42.745 0.971
43.717 0.972
44.626 0.909
45.458 0.832
46.362 0.904
47.297 0.935
48.188 0.891
48.994 0.806
49.914 0.92
50.869 0.955
51.777 0.908
52.555 0.778
53.272 0.717
54.081 0.809
54.768 0.687
55.493 0.725
56.277 0.784
57.123 0.846
57.901 0.778
58.698 0.797
59.601 0.903
60.562 0.961
61.523 0.961
62.447 0.924
63.447 1.0
64.467 1.02
65.507 1.04
66.485 0.978
67.494 1.009
68.507 1.013
69.504 0.997
70.452 0.948
71.492 1.04
72.504 1.012
73.448 0.944
74.346 0.898
75.297 0.951
76.288 0.991
77.151 0.863
77.969 0.818
78.852 0.883
79.765 0.913
80.623 0.858
81.408 0.785
82.212 0.804
83.105 0.893
84.027 0.922
84.906 0.879
85.721 0.815
86.608 0.887
87.515 0.907
88.402 0.887
89.202 0.8
90.035 0.833
90.926 0.891
91.802 0.876
92.614 0.812
93.48 0.866
94.384 0.904
95.322 0.938
96.198 0.876
97.046 0.848
97.942 0.896
98.837 0.895
99.677 0.84
100.446 0.769
101.293 0.847
102.196 0.903
103.093 0.897
103.981 0.888
104.908 0.927
105.843 0.935
106.74 0.897
107.584 0.844
108.366 0.782
109.186 0.82
110.058 0.872
110.933 0.875
111.747 0.814
112.561 0.814
113.443 0.882
114.355 0.912
115.23 0.875
116.05 0.82
116.884 0.834
117.734 0.85
118.569 0.835
119.326 0.757
120.029 0.703
120.757 0.728
121.496 0.739
122.272 0.776
123.015 0.743
123.757 0.742
124.449 0.692
125.138 0.689
126.072 0.934
126.888 0.816
127.653 0.765
128.464 0.811
129.28 0.816
130.038 0.758
130.736 0.698
131.43 0.694
132.155 0.725
132.953 0.798
133.706 0.753
134.445 0.739
135.295 0.85
136.17 0.875
137.061 0.891
137.872 0.811
138.659 0.787
139.495 0.836
140.341 0.846
141.173 0.832
141.943 0.77
142.71 0.767
143.523 0.813
144.398 0.875
145.241 0.843
146.015 0.774
146.837 0.822
147.706 0.869
148.569 0.863
149.373 0.804
150.186 0.813
151.017 0.831
151.799 0.782
152.594 0.795
153.462 0.868
154.374 0.912
155.219 0.845
156.057 0.838
156.943 0.886
157.785 0.842
158.553 0.768
159.386 0.833
160.257 0.871
161.117 0.86
161.93 0.813
162.849 0.919
163.777 0.928
164.672 0.895
165.493 0.821
166.419 0.926
167.377 0.958
168.309 0.932
169.153 0.844
170.043 0.89
170.964 0.921
171.877 0.913
172.766 0.889
173.682 0.916
174.661 0.979
175.642 0.981
176.558 0.916
177.494 0.936
178.313 0.819
179.061 0.748
179.811 0.75
180.552 0.741
181.36 0.808
182.254 0.894
183.184 0.93
184.07 0.886
184.899 0.829
185.804 0.905
186.698 0.894
187.537 0.839
188.298 0.761
189.142 0.844
190.0 0.858
190.871 0.871
191.69 0.819
192.504 0.814
193.415 0.911
194.329 0.914
195.182 0.853
195.951 0.769
196.76 0.809
197.574 0.814
198.418 0.844
199.19 0.772
199.932 0.742
200.763 0.831
201.631 0.868
202.526 0.895
203.348 0.822
204.204 0.856
205.096 0.892
205.985 0.889
206.766 0.781
207.501 0.735
208.302 0.801
209.16 0.858
210.044 0.884
210.877 0.833
211.702 0.825
212.606 0.904
213.535 0.929
214.427 0.892
215.236 0.809
216.094 0.858
216.971 0.877
217.833 0.862
218.628 0.795
219.4 0.772
220.245 0.845
221.121 0.876
221.991 0.87
222.802 0.811
223.653 0.851
224.505 0.852
225.355 0.85
226.102 0.747
226.871 0.769
227.689 0.818
228.546 0.857
229.379 0.833
230.149 0.77
230.983 0.834
231.842 0.859
232.655 0.813
233.426 0.771
234.279 0.853
235.175 0.896
236.062 0.887
236.867 0.805
237.646 0.779
238.494 0.848
239.377 0.883
240.235 0.858
241.045 0.81
241.952 0.907
242.901 0.949
243.827 0.926
244.705 0.878
245.623 0.918
246.556 0.933
247.419 0.863
248.207 0.788
249.046 0.839
249.951 0.905
250.902 0.951
251.795 0.893
252.732 0.937
253.729 0.997
254.696 0.967
255.576 0.88
256.482 0.906
257.439 0.957
258.353 0.914
259.183 0.83
260.0 0.817
260.916 0.916
261.865 0.949
262.736 0.871
263.534 0.798
264.409 0.875
265.3 0.891
266.181 0.881
266.979 0.798
267.818 0.839
268.694 0.876
269.598 0.904
270.489 0.891
271.328 0.839
272.211 0.883
273.138 0.927
274.002 0.864
274.762 0.76
275.552 0.79
276.397 0.845
277.218 0.821
277.982 0.764
278.827 0.845
279.735 0.908
280.599 0.864
281.389 0.79
282.224 0.835
283.098 0.874
283.977 0.879
284.774 0.797
285.58 0.806
286.436 0.856
287.304 0.868
288.138 0.834
288.905 0.767
289.744 0.839
290.586 0.842
291.452 0.866
292.231 0.779
293.015 0.784
293.898 0.883
294.817 0.919
295.706 0.889
296.5 0.794
297.288 0.788
298.116 0.828
298.979 0.863
299.8 0.821
300.539 0.739
301.329 0.79
302.227 0.898
303.203 0.976
304.101 0.898
304.917 0.816
305.869 0.952
306.864 0.995
307.826 0.962
308.705 0.879
309.594 0.889
310.533 0.939
311.472 0.939
312.244 0.772
313.146 0.902
314.029 0.883
314.893 0.864
315.664 0.771
316.397 0.733
317.094 0.697
317.782 0.688
318.516 0.734
319.271 0.755
320.017 0.746
320.743 0.726
321.454 0.711
322.188 0.734
322.878 0.69
323.545 0.667
324.244 0.699
325.037 0.793
325.88 0.843
326.645 0.765
327.439 0.794
328.282 0.843
329.14 0.858
329.976 0.836
330.843 0.867
331.751 0.908
332.679 0.928
333.588 0.909
334.433 0.845
335.347 0.914
336.26 0.913
337.205 0.945
338.093 0.888
338.953 0.86
339.822 0.869
340.718 0.896
341.578 0.86
342.378 0.8
343.194 0.816
343.973 0.779
344.652 0.679
345.284 0.632
346.035 0.751
346.887 0.852
347.771 0.884
348.626 0.855
349.477 0.851
350.337 0.86
351.173 0.836
351.94 0.767
352.693 0.753
353.407 0.714
354.122 0.715
354.83 0.708
355.497 0.667
356.174 0.677
356.894 0.72
357.688 0.794
358.501 0.813
359.254 0.753
360.061 0.807
360.903 0.842
361.781 0.878
362.654 0.873
363.484 0.83
364.343 0.859
365.189 0.846
366.018 0.829
366.766 0.748
367.52 0.754
368.28 0.76
369.138 0.858
370.021 0.883
370.75 0.729
371.486 0.736
372.272 0.786
373.147 0.875
374.043 0.896
374.879 0.836
375.734 0.855
376.602 0.868
377.48 0.878
378.323 0.843
379.168 0.845
380.031 0.863
380.977 0.946
381.944 0.967
382.806 0.862
383.628 0.822
384.455 0.827
385.253 0.798
386.026 0.773
386.85 0.824
387.685 0.835
388.498 0.813
389.236 0.738
389.978 0.742
390.743 0.765
391.454 0.711
392.178 0.724
392.892 0.714
393.548 0.656
394.19 0.642
394.91 0.72
395.574 0.664
396.249 0.675
396.944 0.695
397.683 0.739
398.372 0.689
399.091 0.719
399.856 0.765
400.628 0.772
401.408 0.78
402.128 0.72
402.883 0.755
403.629 0.746
404.389 0.76
405.118 0.729
405.8 0.682
406.498 0.698
407.236 0.738
407.95 0.714
408.633 0.683
409.409 0.776
410.207 0.798
411.038 0.831
411.804 0.766
412.503 0.699
413.285 0.782
414.043 0.758
414.776 0.733
415.459 0.683
416.1 0.641
416.755 0.655
417.45 0.695
418.324 0.874
419.102 0.778
419.841 0.739
420.622 0.781
421.388 0.766
422.107 0.719
422.853 0.746
423.642 0.789
424.34 0.698
424.996 0.656
425.657 0.661
426.349 0.692
427.094 0.745
427.809 0.715
428.513 0.704
429.224 0.711
429.911 0.687
430.564 0.653
431.179 0.615
431.794 0.615
432.468 0.674
433.23 0.762
434.04 0.81
434.8 0.76
435.528 0.728
436.271 0.743
437.007 0.736
437.723 0.716
438.489 0.766
439.348 0.859
440.164 0.816
440.931 0.767
441.729 0.798
442.532 0.803
443.297 0.765
444.048 0.751
444.786 0.738
445.551 0.765
446.369 0.818
447.192 0.823
447.986 0.794
448.812 0.826
449.664 0.852
450.489 0.825
451.288 0.799
452.151 0.863
453.093 0.942
453.983 0.89
454.763 0.78
455.575 0.812
456.4 0.825
457.201 0.801
457.98 0.779
458.819 0.839
459.65 0.831
460.525 0.875
461.366 0.841
462.239 0.873
463.122 0.883
463.988 0.866
464.782 0.794
465.572 0.79
466.392 0.82
467.24 0.848
468.065 0.825
468.88 0.815
469.75 0.87
470.603 0.853
471.39 0.787
472.155 0.765
472.954 0.799
473.781 0.827
474.593 0.812
475.37 0.777
476.103 0.733
476.884 0.781
477.726 0.842
478.58 0.854
479.4 0.82
480.282 0.882
481.161 0.879
482.052 0.891
482.807 0.755
483.552 0.745
484.362 0.81
485.156 0.794
485.956 0.8
486.703 0.747
487.501 0.798
488.354 0.853
489.211 0.857
490.012 0.801
490.87 0.858
491.759 0.889
492.63 0.871
493.464 0.834
494.357 0.893
495.314 0.957
496.251 0.937
497.153 0.902
498.011 0.858
498.901 0.89
499.81 0.909
500.714 0.904
501.554 0.84
502.438 0.884
503.332 0.894
504.211 0.879
505.024 0.813
505.848 0.824
506.67 0.822
507.506 0.836
508.273 0.767
509.113 0.84
509.98 0.867
510.811 0.831
511.531 0.72
512.239 0.708
512.944 0.705
513.671 0.727
514.417 0.746
515.086 0.669
515.739 0.653
516.372 0.633
516.993 0.621
517.665 0.672
518.401 0.736
519.074 0.673
519.745 0.671
520.464 0.719
521.239 0.775
522.045 0.806
522.827 0.782
523.611 0.784
524.465 0.854
525.328 0.863
526.123 0.795
526.947 0.824
527.764 0.817
528.522 0.758
529.266 0.744
530.067 0.801
530.895 0.828
531.764 0.869
532.741 0.977
533.715 0.974
534.661 0.946
535.592 0.931
536.545 0.953
537.494 0.949
538.348 0.854
539.211 0.863
540.102 0.891
541.019 0.917
541.881 0.862
542.615 0.734
543.344 0.729
544.153 0.809
544.97 0.817
545.822 0.852
546.707 0.885
547.594 0.887
548.432 0.838
549.328 0.896
550.223 0.895
551.066 0.843
551.901 0.835
552.788 0.887
553.671 0.883
554.519 0.848
555.421 0.902
556.331 0.91
557.246 0.915
558.149 0.903
559.036 0.887
559.908 0.872
560.729 0.821
561.627 0.898
562.598 0.971
563.543 0.945
564.481 0.938
565.438 0.957
566.408 0.97
567.324 0.916
568.261 0.937
569.19 0.929
570.105 0.915
570.909 0.804
571.713 0.804
572.571 0.858
573.509 0.938
574.377 0.868
575.204 0.827
576.1 0.896
577.007 0.907
577.864 0.857
578.694 0.83
579.56 0.866
580.425 0.865
581.244 0.819
582.01 0.766
582.824 0.814
583.693 0.869
584.583 0.89
585.402 0.819
586.317 0.915
587.212 0.895
588.005 0.793
588.824 0.819
589.659 0.835
590.486 0.827
591.272 0.786
592.096 0.824
592.932 0.836
593.769 0.837
594.697 0.928
595.636 0.939
596.594 0.958
597.439 0.845
598.273 0.834
599.118 0.845
599.95 0.832
600.712 0.762
601.516 0.804
602.325 0.809
603.088 0.763
603.882 0.794
604.709 0.827
605.532 0.823
606.328 0.796
607.137 0.809
607.969 0.832
608.802 0.833
609.582 0.78
610.425 0.843
611.293 0.868
612.146 0.853
612.989 0.843
613.904 0.915
614.822 0.918
615.688 0.866
616.524 0.836
617.398 0.874
618.285 0.887
619.096 0.811
619.924 0.828
620.766 0.842
621.575 0.809
622.305 0.73
623.087 0.782
623.916 0.829
624.753 0.837
625.456 0.703
626.143 0.687
626.835 0.692
627.52 0.685
628.155 0.635
628.791 0.636
629.464 0.673
630.183 0.719
630.847 0.664
631.479 0.632
632.154 0.675
632.894 0.74
633.693 0.799
634.515 0.822
635.333 0.818
636.15 0.817
636.953 0.803
637.682 0.729
638.386 0.704
639.119 0.733
639.906 0.787
640.745 0.839
641.594 0.849
642.432 0.838
643.294 0.862
644.181 0.887
645.086 0.905
645.919 0.833
646.754 0.835
647.609 0.855
648.432 0.823
649.193 0.761
650.007 0.814
650.841 0.834
651.67 0.829
652.413 0.743
653.105 0.692
653.863 0.758
654.533 0.67
655.192 0.659
655.863 0.671
656.551 0.688
657.186 0.635
657.832 0.646
658.528 0.696
659.307 0.779
660.052 0.745
660.716 0.664
661.386 0.67
662.085 0.699
662.795 0.71
663.484 0.689
664.137 0.653
664.817 0.68
665.622 0.805
666.425 0.803
667.192 0.767
667.941 0.749
668.807 0.866
669.736 0.929
670.686 0.95
671.588 0.902
672.538 0.95
673.508 0.97
674.458 0.95
675.356 0.898
676.128 0.772
676.925 0.797
677.678 0.753
678.436 0.758
679.311 0.875
680.263 0.952
681.223 0.96
682.115 0.892
683.036 0.921
683.987 0.951
684.89 0.903
685.709 0.819
686.598 0.889
687.484 0.886
688.339 0.855
689.101 0.762
689.94 0.839
690.795 0.855
691.671 0.876
692.505 0.834
693.374 0.869
694.314 0.94
695.243 0.929
696.123 0.88
696.954 0.831
697.831 0.877
698.754 0.923
699.613 0.859
700.423 0.81
701.241 0.818
702.078 0.837
702.933 0.855
703.713 0.78
704.516 0.803
705.362 0.846
706.206 0.844
706.979 0.773
707.754 0.775
708.481 0.727
709.234 0.753
709.913 0.679
710.561 0.648
711.268 0.707
712.188 0.92
713.065 0.877
713.893 0.828
714.72 0.827
715.615 0.895
716.475 0.86
717.264 0.789
718.086 0.822
718.937 0.851
719.782 0.845
720.625 0.843
721.46 0.835
722.299 0.839
723.181 0.882
724.009 0.828
724.752 0.743
725.531 0.779
726.386 0.855
727.245 0.859
728.009 0.764
728.835 0.826
729.656 0.821
730.483 0.827
731.255 0.772
732.048 0.793
732.876 0.828
733.758 0.882
734.666 0.908
735.469 0.803
736.297 0.828
737.16 0.863
738.021 0.861
738.818 0.797
739.65 0.832
740.555 0.905
741.472 0.917
742.398 0.926
743.281 0.883
744.2 0.919
745.111 0.911
745.969 0.858
746.777 0.808
747.594 0.817
748.425 0.831
749.262 0.837
750.009 0.747
750.83 0.821
751.719 0.889
752.593 0.874
753.377 0.784
754.189 0.812
755.007 0.818
755.86 0.853
756.649 0.789
757.392 0.743
758.21 0.818
759.089 0.879
759.933 0.844
760.714 0.781
761.576 0.862
762.484 0.908
763.362 0.878
764.148 0.786
765.012 0.864
765.851 0.839
766.69 0.839
767.488 0.798
768.292 0.804
769.168 0.876
770.112 0.944
771.003 0.891
771.825 0.822
772.704 0.879
773.595 0.891
774.422 0.827
775.159 0.737
775.967 0.808
776.806 0.839
777.667 0.861
778.521 0.854
779.409 0.888
780.33 0.921
781.234 0.904
782.081 0.847
782.919 0.838
783.779 0.86
784.639 0.86
785.508 0.869
786.452 0.944
787.367 0.915
788.295 0.928
789.153 0.858
790.009 0.856
790.85 0.841
791.738 0.888
792.58 0.842
793.396 0.816
794.284 0.888
795.193 0.909
796.056 0.863
796.852 0.796
797.69 0.838
798.546 0.856
799.417 0.871
800.203 0.786
800.992 0.789
801.835 0.843
802.691 0.856
803.548 0.857
804.367 0.819
805.242 0.875
806.12 0.878
806.977 0.857
807.741 0.764
808.548 0.807
809.336 0.788
810.118 0.782
810.867 0.749
811.582 0.715
812.363 0.781
813.229 0.866
814.048 0.819
814.74 0.692
815.402 0.662
816.071 0.669
816.791 0.72
817.63 0.839
818.523 0.893
819.402 0.879
820.268 0.866
821.072 0.804
821.88 0.808
822.623 0.743
823.302 0.679
823.98 0.678
824.665 0.685
825.309 0.644
825.964 0.655
826.687 0.723
827.37 0.683
828.115 0.745
828.908 0.793
829.719 0.811
830.466 0.747
831.273 0.807
832.114 0.841
833.003 0.889
833.802 0.799
834.518 0.716
835.258 0.74
836.001 0.743
836.79 0.789
837.563 0.773
838.339 0.776
839.135 0.796
839.87 0.735
840.618 0.748
841.432 0.814
842.263 0.831
843.082 0.819
843.814 0.732
844.524 0.71
845.261 0.737
846.063 0.802
846.873 0.81
847.676 0.803
848.466 0.79
849.185 0.719
849.918 0.733
850.698 0.78
851.51 0.812
852.35 0.84
853.188 0.838
854.073 0.885
854.941 0.868
855.803 0.862
856.637 0.834
857.472 0.835
858.274 0.802
859.102 0.828
859.902 0.8
860.686 0.784
861.553 0.867
862.404 0.851
863.245 0.841
864.074 0.829
864.923 0.849
865.739 0.816
866.51 0.771
867.207 0.697
867.936 0.729
868.678 0.742
869.466 0.788
870.221 0.755
870.93 0.709
871.752 0.822
872.684 0.932
873.635 0.951
874.549 0.914
875.41 0.861
876.263 0.853
877.103 0.84
877.933 0.83
878.766 0.833
879.574 0.808
880.416 0.842
881.287 0.871
882.178 0.891
883.018 0.84
883.795 0.777
884.622 0.827
885.456 0.834
886.261 0.805
887.06 0.799
887.792 0.732
888.587 0.795
889.415 0.828
890.208 0.793
890.988 0.78
891.817 0.829
892.639 0.822
893.45 0.811
894.171 0.721
894.848 0.677
895.546 0.698
896.25 0.704
896.97 0.72
897.696 0.726
898.355 0.659
899.005 0.65
899.674 0.669
900.37 0.696
901.081 0.711
901.794 0.713
902.492 0.698
903.205 0.713
903.942 0.737
904.687 0.745
905.43 0.743
906.111 0.681
906.77 0.659
907.405 0.635
908.067 0.662
908.795 0.728
909.575 0.78
910.351 0.776
911.092 0.741
911.891 0.799
912.74 0.849
913.615 0.875
914.451 0.836
915.209 0.758
915.905 0.696
916.639 0.734
917.369 0.73
918.042 0.673
918.658 0.616
919.27 0.612
919.937 0.667
920.733 0.796
921.577 0.844
922.474 0.897
923.287 0.813
924.103 0.816
924.897 0.794
925.604 0.707
926.327 0.723
927.07 0.743
927.846 0.776
928.632 0.786
929.385 0.753
930.128 0.743
930.889 0.761
931.682 0.793
932.505 0.823
933.31 0.805
934.131 0.821
934.986 0.855
935.853 0.867
936.739 0.886
937.513 0.774
938.223 0.71
938.926 0.703
939.607 0.681
940.293 0.686
940.985 0.692
941.681 0.696
942.526 0.845
943.378 0.852
944.228 0.85
945.003 0.775
945.798 0.795
946.567 0.769
947.292 0.725
948.059 0.767
948.874 0.815
949.75 0.876
950.623 0.873
951.435 0.812
952.279 0.844
953.146 0.867
953.903 0.757
954.588 0.685
955.283 0.695
956.025 0.742
956.783 0.758
957.694 0.911
958.618 0.924
959.505 0.887
960.37 0.865
961.282 0.912
962.176 0.894
962.969 0.793
963.791 0.822
964.638 0.847
965.531 0.893
966.374 0.843
967.185 0.811
968.147 0.962
969.125 0.978
970.1 0.975
970.972 0.872
971.784 0.812
972.626 0.842
973.491 0.865
974.364 0.873
975.168 0.804
976.037 0.869
976.95 0.913
977.863 0.913
978.702 0.839
979.518 0.816
980.404 0.886
981.304 0.9
982.121 0.817
982.872 0.751
983.675 0.803
984.552 0.877
985.47 0.918
986.284 0.814
987.083 0.799
987.977 0.894
988.858 0.881
989.651 0.793
990.473 0.822
991.328 0.855
992.161 0.833
992.891 0.73
993.636 0.745
994.426 0.79
995.252 0.826
996.068 0.816
996.824 0.756
997.684 0.86
998.61 0.926
999.524 0.914
1000.363 0.839
1001.152 0.789
1002.003 0.851
1002.856 0.853
1003.747 0.891
1004.584 0.837
1005.376 0.792
1006.248 0.872
1007.179 0.931
1008.083 0.904
1008.964 0.881
1009.895 0.931
1010.863 0.968
1011.761 0.898
1012.573 0.812
1013.436 0.863
1014.3 0.864
1015.119 0.819
1015.883 0.764
1016.703 0.82
1017.601 0.898
1018.528 0.927
1019.362 0.834
1020.172 0.81
1021.054 0.882
1021.974 0.92
1022.884 0.91
1023.641 0.757
1024.438 0.797
1025.234 0.796
1026.071 0.837
1026.923 0.852
1027.743 0.82
1028.472 0.729
1029.228 0.756
1029.987 0.759
1030.72 0.733
1031.478 0.758
1032.244 0.766
1033.001 0.757
1033.713 0.712
1034.464 0.751
1035.243 0.779
1036.025 0.782
1036.746 0.721
1037.478 0.732
1038.233 0.755
1039.007 0.774
1039.725 0.718
1040.482 0.757
1041.186 0.704
1041.854 0.668
1042.515 0.661
1043.237 0.722
1043.976 0.739
1044.734 0.758
1045.442 0.708
1046.173 0.731
1046.955 0.782
1047.781 0.826
1048.589 0.808
1049.359 0.77
1050.207 0.848
1051.067 0.86
1051.813 0.746
1052.533 0.72
1053.291 0.758
1054.067 0.776
1054.82 0.753
1055.541 0.721
1056.315 0.774
1057.147 0.832
1057.917 0.77
1058.743 0.826
1059.623 0.88
1060.471 0.848
1061.23 0.759
1062.051 0.821
1062.874 0.823
1063.706 0.832
1064.473 0.767
1065.23 0.757
1066.064 0.834
1066.938 0.874
1067.811 0.873
1068.612 0.801
1069.41 0.798
1070.246 0.836
1071.082 0.836
1071.848 0.766
1072.591 0.743
1073.395 0.804
1074.243 0.848
1075.063 0.82
1075.777 0.714
1076.551 0.774
1077.394 0.843
1078.237 0.843
1079.001 0.764
1079.757 0.756
1080.518 0.761
1081.269 0.751
1082.01 0.741
1082.755 0.745
1083.511 0.756
1084.207 0.696
1084.869 0.662
1085.542 0.673
1086.203 0.661
1086.831 0.628
1087.473 0.642
1088.161 0.688
1088.883 0.722
1089.559 0.676
1090.31 0.751
1091.105 0.795
1091.86 0.755
1092.611 0.751
1093.411 0.8
1094.223 0.812
1095.04 0.817
1095.781 0.741
1096.563 0.782
1097.323 0.76
1098.09 0.767
1098.836 0.746
1099.557 0.721
1100.323 0.766
1101.13 0.807
1101.941 0.811
1102.7 0.759
1103.473 0.773
1104.22 0.747
1104.932 0.712
1105.58 0.648
1106.214 0.634
1106.836 0.622
1107.484 0.648
1108.174 0.69
1108.827 0.653
1109.475 0.648
1110.176 0.701
1110.908 0.732
1111.649 0.741
1112.357 0.708
1112.987 0.63
1113.624 0.637
1114.271 0.647
1114.996 0.725
1115.775 0.779
1116.549 0.774
1117.265 0.716
1118.052 0.787
1118.903 0.851
1119.777 0.874
1120.608 0.831
1121.333 0.725
1122.003 0.67
1122.662 0.659
1123.418 0.756
1124.47 1.052
1125.563 1.093
1126.513 0.95
1127.559 1.046
1128.574 1.015
1129.565 0.991
1130.535 0.97
1131.445 0.91
1132.288 0.843
1133.09 0.802
1133.875 0.785
1134.689 0.814
1135.535 0.846
1136.402 0.867
1137.3 0.898
1138.186 0.886
1138.947 0.761
1139.63 0.683
1140.341 0.711
1141.147 0.806
1142.281 1.134
1143.353 1.072
1144.145 0.792
1145.272 1.127
1146.368 1.096
1147.437 1.069
1148.409 0.972
1149.309 0.9
1150.126 0.817
1150.949 0.823
1151.765 0.816
1152.618 0.853
1153.51 0.892
1154.45 0.94
1155.35 0.9
1156.133 0.783
1156.846 0.713
1157.547 0.701
1158.223 0.676
1158.862 0.639
1159.543 0.681
1160.436 0.893
1161.331 0.895
1162.187 0.856
1162.956 0.769
1163.796 0.84
1164.671 0.875
1165.524 0.853
1166.313 0.789
1167.042 0.729
1167.837 0.795
1168.687 0.85
1169.567 0.88
1170.419 0.852
1171.232 0.813
1172.113 0.881
1173.005 0.892
1173.878 0.873
1174.732 0.854
1175.597 0.865
1176.474 0.877
1177.382 0.908
1178.322 0.94
1179.165 0.843
1180.056 0.891
1180.983 0.927
1181.906 0.923
1182.759 0.853
1183.605 0.846
1184.558 0.953
1185.532 0.974
1186.51 0.978
1187.489 0.979
1188.432 0.943
1189.331 0.899
1190.116 0.785
1190.813 0.697
1191.5 0.687
1192.255 0.755
1193.256 1.001
1194.338 1.082
1195.397 1.059
1196.406 1.009
1197.404 0.998
1198.397 0.993
1199.37 0.973
1200.318 0.948
1201.208 0.89
1202.079 0.871
1202.876 0.797
1203.645 0.769
1204.462 0.817
1205.411 0.949
1206.378 0.967
1207.354 0.976
1208.263 0.909
1209.086 0.823
1209.86 0.774
1210.661 0.801
1211.475 0.814
1212.315 0.84
1213.141 0.826
1213.95 0.809
1214.701 0.751
1215.501 0.8
1216.352 0.851
1217.241 0.889
1218.126 0.885
1219.0 0.874
1219.876 0.876
1220.703 0.827
1221.523 0.82
1222.363 0.84
1223.212 0.849
1224.11 0.898
1224.988 0.878
1225.845 0.857
1226.606 0.761
1227.347 0.741
1228.154 0.807
1228.996 0.842
1229.86 0.864
1230.636 0.776
1231.453 0.817
1232.356 0.903
1233.274 0.918
1234.16 0.886
1234.984 0.824
1235.764 0.78
1236.597 0.833
1237.439 0.842
1238.298 0.859
1239.157 0.859
1239.952 0.795
1240.762 0.81
1241.604 0.842
1242.459 0.855
1243.304 0.845
1244.128 0.824
1244.912 0.784
1245.764 0.852
1246.622 0.858
1247.488 0.866
1248.301 0.813
1249.059 0.758
1249.849 0.79
1250.644 0.795
1251.434 0.79
1252.18 0.746
1252.886 0.706
1253.637 0.751
1254.443 0.806
1255.294 0.851
1256.173 0.879
1257.008 0.835
1257.913 0.905
1258.854 0.941
1259.781 0.927
1260.678 0.897
1261.548 0.87
1262.418 0.87
1263.295 0.877
1264.187 0.892
1265.017 0.83
1265.881 0.864
1266.778 0.897
1267.71 0.932
1268.601 0.891
1269.415 0.814
1270.294 0.879
1271.193 0.899
1271.958 0.765
1272.798 0.84
1273.686 0.888
1274.562 0.876
1275.35 0.788
1276.2 0.85
1277.103 0.903
1277.994 0.891
1278.771 0.777
1279.486 0.715
1280.199 0.713
1280.993 0.794
1281.812 0.819
1282.677 0.865
1283.545 0.868
1284.354 0.809
1285.196 0.842
1286.044 0.848
1286.865 0.821
1287.605 0.74
1288.303 0.698
1289.009 0.706
1289.671 0.662
1290.326 0.655
1291.097 0.771
1291.906 0.809
1292.684 0.778
1293.398 0.714
1294.068 0.67
1294.733 0.665
1295.425 0.692
1296.21 0.785
1297.079 0.869
1297.952 0.873
1298.864 0.912
1299.749 0.885
1300.591 0.842
1301.34 0.749
1302.063 0.723
1302.834 0.771
1303.666 0.832
1304.575 0.909
1305.471 0.896
1306.37 0.899
1307.26 0.89
1308.146 0.886
1309.043 0.897
1309.912 0.869
1310.789 0.877
1311.654 0.865
1312.426 0.772
1313.202 0.776
1314.008 0.806
1314.891 0.883
1315.783 0.892
1316.573 0.79
1317.289 0.716
1318.037 0.748
1318.896 0.859
1319.792 0.896
1320.684 0.892
1321.5 0.816
1322.227 0.727
1322.969 0.742
1323.772 0.803
1324.602 0.83
1325.436 0.834
1326.176 0.74
1326.888 0.712
1327.634 0.746
1328.456 0.822
1329.32 0.864
1330.187 0.867
1331.079 0.892
1331.973 0.894
1332.856 0.883
1333.742 0.886
1334.599 0.857
1335.406 0.807
1336.233 0.827
1337.104 0.871
1338.002 0.898
1338.935 0.933
1339.78 0.845
1340.676 0.896
1341.573 0.897
1342.44 0.867
1343.241 0.801
1344.02 0.779
1344.866 0.846
1345.731 0.865
1346.537 0.806
1347.288 0.751
1348.125 0.837
1349.001 0.876
1349.881 0.88
1350.657 0.776
1351.443 0.786
1352.262 0.819
1353.084 0.822
1353.875 0.791
1354.601 0.726
1355.362 0.761
1356.143 0.781
1356.961 0.818
1357.79 0.829
1358.557 0.767
1359.385 0.828
1360.259 0.874
1361.107 0.848
1361.873 0.766
1362.598 0.725
1363.37 0.772
1364.159 0.789
1364.987 0.828
1365.766 0.779
1366.612 0.846
1367.527 0.915
1368.427 0.9
1369.28 0.853
1370.038 0.758
1370.792 0.754
1371.576 0.784
1372.403 0.827
1373.308 0.905
1374.151 0.843
1374.934 0.783
1375.793 0.859
1376.688 0.895
1377.603 0.915
1378.505 0.902
1379.324 0.819
1380.091 0.767
1380.94 0.849
1381.824 0.884
1382.695 0.871
1383.49 0.795
1384.34 0.85
1385.24 0.9
1386.146 0.906
1387.045 0.899
1387.896 0.851
1388.757 0.861
1389.606 0.849
1390.375 0.769
1391.188 0.813
1392.015 0.827
1392.87 0.855
1393.653 0.783
1394.343 0.69
1395.007 0.664
1395.69 0.683
1396.428 0.738
1397.203 0.775
1397.991 0.788
1398.751 0.76
1399.509 0.758
1400.25 0.741
1400.976 0.726
1401.682 0.706
1402.358 0.676
1403.025 0.667
1403.671 0.646
1404.301 0.63
1404.915 0.614
1405.516 0.601
1406.138 0.622
1406.785 0.647
1407.459 0.674
1408.014 0.555
1408.333 0.319
1408.63 0.297
1408.89 0.26