0.000 0.641
0.641 0.641
1.273 0.632
1.895 0.622
2.45 0.555
3.005 0.555
3.706 0.701
4.254 0.548
4.951 0.697
5.652 0.701
6.357 0.705
7.066 0.709
7.763 0.697
8.448 0.685
8.837 0.389
9.114 0.277
9.778 0.664
10.423 0.645
11.067 0.644
11.512 0.445
12.467 0.955
13.225 0.758
13.986 0.761
14.693 0.707
15.324 0.631
16.118 0.794
16.886 0.768
17.497 0.611
18.393 0.896
19.101 0.708
19.766 0.665
20.416 0.65
21.059 0.643
21.701 0.642
22.346 0.645
23.009 0.663
23.77 0.761
24.531 0.761
25.232 0.701
25.909 0.677
26.568 0.659
27.169 0.601
27.933 0.764
28.62 0.687
29.308 0.688
29.981 0.673
30.526 0.545
31.21 0.684
31.958 0.748
32.619 0.661
33.277 0.658
33.924 0.647
34.535 0.611
35.141 0.606
35.694 0.553
36.379 0.685
37.027 0.648
37.678 0.651
38.37 0.692
39.132 0.762
39.988 0.856
40.801 0.813
41.558 0.757
42.274 0.716
42.981 0.707
43.771 0.79
44.653 0.882
45.561 0.908
46.38 0.819
47.133 0.753
47.855 0.722
48.561 0.706
49.246 0.685
49.904 0.658
50.552 0.648
51.213 0.661
51.964 0.751
52.784 0.82
53.588 0.804
54.339 0.751
55.085 0.746
55.873 0.788
56.786 0.913
57.645 0.859
58.412 0.767
59.118 0.706
59.82 0.702
60.583 0.763
61.411 0.828
62.348 0.937
63.301 0.953
64.138 0.837
64.97 0.832
65.863 0.893
66.736 0.873
67.559 0.823
68.345 0.786
69.068 0.723
69.806 0.738
70.636 0.83
71.545 0.909
72.472 0.927
73.305 0.833
74.096 0.791
74.937 0.841
75.781 0.844
76.617 0.836
77.444 0.827
78.205 0.761
78.947 0.742
79.675 0.728
80.39 0.715
81.143 0.753
81.904 0.761
82.61 0.706
83.305 0.695
84.104 0.799
85.089 0.985
85.998 0.909
86.796 0.798
87.571 0.775
88.372 0.801
89.219 0.847
90.039 0.82
90.849 0.81
91.63 0.781
92.478 0.848
93.381 0.903
94.304 0.923
95.17 0.866
95.565 0.395
95.947 0.382
96.714 0.767
97.273 0.559
97.65 0.377
98.3 0.65
98.556 0.256
98.896 0.34
99.682 0.786
100.634 0.952
101.498 0.864
102.411 0.913
103.319 0.908
104.13 0.811
104.467 0.337
104.909 0.442
105.671 0.762
106.455 0.784
107.211 0.756
107.614 0.403
107.962 0.348
108.698 0.736
109.073 0.375
109.422 0.349
110.228 0.806
111.075 0.847
111.893 0.818
112.628 0.735
113.43 0.802
114.186 0.756
114.904 0.718
115.591 0.687
116.305 0.714
117.093 0.788
117.916 0.823
118.681 0.765
119.417 0.736
120.136 0.719
120.874 0.738
121.655 0.781
122.419 0.764
123.171 0.752
123.825 0.654
124.828 1.003
125.722 0.894
126.522 0.8
127.249 0.727
127.971 0.722
128.724 0.753
129.541 0.817
130.405 0.864
131.217 0.812
132.006 0.789
132.827 0.821
133.623 0.796
134.356 0.733
135.067 0.711
135.757 0.69
136.44 0.683
137.158 0.718
137.969 0.811
138.892 0.923
139.829 0.937
140.703 0.874
141.561 0.858
142.455 0.894
143.308 0.853
144.089 0.781
144.836 0.747
145.588 0.752
146.425 0.837
147.3 0.875
148.115 0.815
148.841 0.726
149.558 0.717
150.373 0.815
151.233 0.86
152.078 0.845
152.889 0.811
153.737 0.848
154.702 0.965
155.72 1.018
156.742 1.022
157.662 0.92
158.526 0.864
159.412 0.886
160.377 0.965
161.298 0.921
162.167 0.869
162.969 0.802
163.817 0.848
164.746 0.929
165.607 0.861
166.413 0.806
167.189 0.776
167.972 0.783
168.801 0.829
169.661 0.86
170.144 0.483
170.514 0.37
171.345 0.831
172.294 0.949
173.217 0.923
174.111 0.894
174.915 0.804
175.634 0.719
176.31 0.676
176.965 0.655
177.612 0.647
178.249 0.637
178.91 0.661
179.565 0.655
180.207 0.642
180.857 0.65
181.56 0.703
182.286 0.726
182.995 0.709
183.666 0.671
184.317 0.651
184.964 0.647
185.605 0.641
186.26 0.655
186.946 0.686
187.629 0.683
188.316 0.687
189.031 0.715
189.752 0.721
190.47 0.718
191.172 0.702
191.907 0.735
192.779 0.872
193.653 0.874
194.424 0.771
195.136 0.712
195.837 0.701
196.586 0.749
197.438 0.852
198.29 0.852
199.102 0.812
199.872 0.77
200.658 0.786
201.493 0.835
202.309 0.816
203.095 0.786
203.836 0.741
204.56 0.724
205.284 0.724
206.019 0.735
206.791 0.772
207.533 0.742
208.258 0.725
208.98 0.722
209.738 0.758
210.502 0.764
211.236 0.734
211.965 0.729
212.714 0.749
213.479 0.765
214.25 0.771
214.968 0.718
215.658 0.69
216.349 0.691
217.067 0.718
217.832 0.765
218.598 0.766
219.35 0.752
220.081 0.731
220.796 0.715
221.534 0.738
222.284 0.75
223.041 0.757
223.786 0.745
224.515 0.729
225.217 0.702
225.93 0.713
226.67 0.74
227.429 0.759
228.195 0.766
228.926 0.731
229.654 0.728
230.399 0.745
231.195 0.796
231.978 0.783
232.732 0.754
233.442 0.71
234.141 0.699
234.842 0.701
235.561 0.719
236.293 0.732
237.024 0.731
237.733 0.709
238.438 0.705
239.173 0.735
239.917 0.744
240.677 0.76
241.416 0.739
242.143 0.727
242.86 0.717
243.58 0.72
244.306 0.726
245.04 0.734
245.761 0.721
246.461 0.7
247.133 0.672
247.791 0.658
248.425 0.634
249.047 0.622
249.657 0.61
250.275 0.618
250.918 0.643
251.571 0.653
252.285 0.714
253.046 0.761
253.859 0.813
254.675 0.816
255.451 0.776
256.172 0.721
256.882 0.71
257.563 0.681
258.224 0.661
258.901 0.677
259.6 0.699
260.308 0.708
261.105 0.797
262.261 1.156
263.347 1.086
264.299 0.952
265.114 0.815
265.883 0.769
266.648 0.765
267.431 0.783
268.201 0.77
268.97 0.769
269.733 0.763
270.533 0.8
271.392 0.859
272.264 0.872
273.134 0.87
273.93 0.796
274.687 0.757
275.42 0.733
276.153 0.733
276.885 0.732
277.619 0.734
278.379 0.76
279.143 0.764
279.929 0.786
280.744 0.815
281.506 0.762
282.25 0.744
282.992 0.742
283.736 0.744
284.464 0.728
285.188 0.724
285.921 0.733
286.663 0.742
287.402 0.739
288.123 0.721
288.837 0.714
289.572 0.735
290.339 0.767
291.109 0.77
291.896 0.787
292.686 0.79
293.473 0.787
294.329 0.856
295.205 0.876
296.059 0.854
296.885 0.826
297.657 0.772
298.407 0.75
299.145 0.738
299.958 0.813
300.852 0.894
301.782 0.93
302.63 0.848
303.411 0.781
304.188 0.777
304.994 0.806
305.838 0.844
306.689 0.851
307.501 0.812
308.314 0.813
309.159 0.845
310.034 0.875
310.92 0.886
311.779 0.859
312.534 0.755
313.258 0.724
313.956 0.698
314.62 0.664
315.252 0.632
315.872 0.62
316.489 0.617
317.108 0.619
317.762 0.654
318.425 0.663
319.104 0.679
319.753 0.649
320.408 0.655
321.076 0.668
321.766 0.69
322.507 0.741
323.258 0.751
324.0 0.742
324.734 0.734
325.428 0.694
326.087 0.659
326.73 0.643
327.366 0.636
328.01 0.644
328.703 0.693
329.522 0.819
330.486 0.964
331.394 0.908
332.218 0.824
333.044 0.826
333.874 0.83
334.693 0.819
335.467 0.774
336.167 0.7
336.844 0.677
337.52 0.676
338.23 0.71
339.068 0.838
339.913 0.845
340.729 0.816
341.492 0.763
342.221 0.729
342.926 0.705
343.601 0.675
344.255 0.654
344.906 0.651
345.545 0.639
346.172 0.627
346.79 0.618
347.399 0.609
347.999 0.6
348.593 0.594
349.18 0.587
349.767 0.587
350.36 0.593
350.962 0.602
351.577 0.615
352.2 0.623
352.827 0.627
353.462 0.635
354.139 0.677
354.876 0.737
355.577 0.701
356.273 0.696
356.968 0.695
357.671 0.703
358.348 0.677
359.014 0.666
359.68 0.666
360.335 0.655
360.971 0.636
361.586 0.615
362.203 0.617
362.82 0.617
363.45 0.63
364.119 0.669
364.839 0.72
365.576 0.737
366.281 0.705
366.962 0.681
367.663 0.701
368.388 0.725
369.125 0.737
369.845 0.72
370.554 0.709
371.235 0.681
371.911 0.676
372.589 0.678
373.297 0.708
374.01 0.713
374.733 0.723
375.459 0.726
376.184 0.725
376.882 0.698
377.549 0.667
378.212 0.663
378.902 0.69
379.637 0.735
380.379 0.742
381.103 0.724
381.791 0.688
382.458 0.667
383.107 0.649
383.752 0.645
384.402 0.65
385.064 0.662
385.729 0.665
386.391 0.662
387.066 0.675
387.76 0.694
388.478 0.718
389.199 0.721
389.907 0.708
390.611 0.704
391.279 0.668
391.943 0.664
392.606 0.663
393.285 0.679
394.007 0.722
394.743 0.736
395.489 0.746
396.225 0.736
397.021 0.796
397.818 0.797
398.57 0.752
399.284 0.714
399.95 0.666
400.607 0.657
401.234 0.627
401.855 0.621
402.459 0.604
403.047 0.588
403.623 0.576
404.192 0.569
404.76 0.568
405.327 0.567
405.892 0.565
406.457 0.565
407.014 0.557
407.568 0.554
408.122 0.554
408.686 0.564
409.285 0.599
409.979 0.694
410.769 0.79
411.56 0.791
412.37 0.81
413.266 0.896
414.164 0.898
415.066 0.902
415.834 0.768
416.532 0.698
417.2 0.668
417.918 0.718
418.675 0.757
419.437 0.762
420.185 0.748
421.005 0.82
421.816 0.811
422.639 0.823
423.408 0.769
424.132 0.724
424.835 0.703
425.557 0.722
426.358 0.801
427.169 0.811
427.938 0.769
428.691 0.753
429.42 0.729
430.147 0.727
430.88 0.733
431.587 0.707
432.303 0.716
433.046 0.743
433.802 0.756
434.524 0.722
435.26 0.736
436.013 0.753
436.772 0.759
437.552 0.78
438.328 0.776
439.085 0.757
439.826 0.741
440.532 0.706
441.275 0.743
442.003 0.728
442.739 0.736
443.483 0.744
444.25 0.767
445.032 0.782
445.837 0.805
446.602 0.765
447.317 0.715
448.021 0.704
448.712 0.691
449.432 0.72
450.141 0.709
450.885 0.744
451.652 0.767
452.388 0.736
453.086 0.698
453.779 0.693
454.498 0.719
455.216 0.718
455.898 0.682
456.562 0.664
457.261 0.699
457.967 0.706
458.642 0.675
459.302 0.66
459.96 0.658
460.667 0.707
461.381 0.714
462.103 0.722
462.84 0.737
463.525 0.685
464.19 0.665
464.841 0.651
465.476 0.635
466.095 0.619
466.711 0.616
467.354 0.643
468.044 0.69
468.739 0.695
469.449 0.71
470.16 0.711
470.907 0.747
471.655 0.748
472.395 0.74
473.116 0.721
473.806 0.69
474.481 0.675
475.196 0.715
475.894 0.698
476.616 0.722
477.313 0.697
478.014 0.701
478.794 0.78
479.507 0.713
480.229 0.722
480.928 0.699
481.657 0.729
482.387 0.73
483.139 0.752
483.859 0.72
484.55 0.691
485.246 0.696
485.94 0.694
486.674 0.734
487.372 0.698
488.074 0.702
488.8 0.726
489.527 0.727
490.289 0.762
490.983 0.694
491.688 0.705
492.387 0.699
493.118 0.731
493.841 0.723
494.56 0.719
495.327 0.767
496.068 0.741
496.835 0.767
497.574 0.739
498.315 0.741
499.091 0.776
499.886 0.795
500.617 0.731
501.31 0.693
502.011 0.701
502.715 0.704
503.461 0.746
504.176 0.715
504.893 0.717
505.602 0.709
506.319 0.717
507.119 0.8
507.886 0.767
508.646 0.76
509.449 0.803
510.224 0.775
510.99 0.766
511.679 0.689
512.353 0.674
513.023 0.67
513.717 0.694
514.444 0.727
515.146 0.702
515.84 0.694
516.577 0.737
517.371 0.794
518.197 0.826
518.964 0.767
519.771 0.807
520.497 0.726
521.23 0.733
521.974 0.744
522.724 0.75
523.542 0.818
524.415 0.873
525.27 0.855
526.089 0.819
526.86 0.771
527.651 0.791
528.437 0.786
529.24 0.803
529.96 0.72
530.668 0.708
531.449 0.781
532.333 0.884
533.193 0.86
534.068 0.875
534.939 0.871
535.729 0.79
536.493 0.764
537.349 0.856
538.145 0.796
538.964 0.819
539.788 0.824
540.56 0.772
541.392 0.832
542.236 0.844
543.039 0.803
543.885 0.846
544.779 0.894
545.677 0.898
546.544 0.867
547.379 0.835
548.164 0.785
548.932 0.768
549.682 0.75
550.439 0.757
551.281 0.842
552.039 0.758
552.765 0.726
553.479 0.714
554.202 0.723
555.009 0.807
555.757 0.748
556.532 0.775
557.359 0.827
558.157 0.798
558.97 0.813
559.765 0.795
560.502 0.737
561.247 0.745
562.024 0.777
562.818 0.794
563.574 0.756
564.318 0.744
565.102 0.784
565.839 0.737
566.631 0.792
567.359 0.728
568.104 0.745
568.927 0.823
569.729 0.802
570.585 0.856
571.36 0.775
572.11 0.75
572.914 0.804
573.636 0.722
574.346 0.71
575.039 0.693
575.753 0.714
576.455 0.702
577.146 0.691
577.882 0.736
578.605 0.723
579.419 0.814
580.231 0.812
580.993 0.762
581.765 0.772
582.487 0.722
583.254 0.767
583.98 0.726
584.703 0.723
585.432 0.729
586.167 0.735
586.95 0.783
587.723 0.773
588.486 0.763
589.199 0.713
589.902 0.703
590.627 0.725
591.322 0.695
592.055 0.733
592.806 0.751
593.594 0.788
594.453 0.859
595.266 0.813
596.067 0.801
596.901 0.834
597.715 0.814
598.499 0.784
599.293 0.794
600.026 0.733
600.798 0.772
601.559 0.761
602.3 0.741
603.086 0.786
603.848 0.762
604.635 0.787
605.396 0.761
606.13 0.734
606.896 0.766
607.663 0.767
608.449 0.786
609.166 0.717
609.878 0.712
610.618 0.74
611.35 0.732
612.114 0.764
612.838 0.724
613.583 0.745
614.333 0.75
615.083 0.75
615.827 0.744
616.552 0.725
617.283 0.731
618.034 0.751
618.762 0.728
619.466 0.704
620.184 0.718
620.873 0.689
621.628 0.755
622.369 0.741
623.106 0.737
623.831 0.725
624.539 0.708
625.277 0.738
625.979 0.702
626.708 0.729
627.423 0.715
628.16 0.737
628.943 0.783
629.698 0.755
630.458 0.76
631.197 0.739
631.973 0.776
632.746 0.773
633.465 0.719
634.147 0.682
634.813 0.666
635.496 0.683
636.183 0.687
636.901 0.718
637.601 0.7
638.342 0.741
639.138 0.796
639.897 0.759
640.654 0.757
641.348 0.694
642.053 0.705
642.748 0.695
643.47 0.722
644.238 0.768
644.997 0.759
645.817 0.82
646.622 0.805
647.393 0.771
648.118 0.725
648.866 0.748
649.614 0.748
650.363 0.749
651.134 0.771
651.857 0.723
652.598 0.741
653.35 0.752
654.136 0.786
654.933 0.797
655.673 0.74
656.451 0.778
657.221 0.77
658.018 0.797
658.841 0.823
659.619 0.778
660.414 0.795
661.176 0.762
661.915 0.739
662.646 0.731
663.344 0.698
664.047 0.703
664.768 0.721
665.531 0.763
666.284 0.753
667.016 0.732
667.831 0.815
668.6 0.769
669.371 0.771
670.157 0.786
670.889 0.732
671.619 0.73
672.354 0.735
673.157 0.803
673.919 0.762
674.734 0.815
675.55 0.816
676.36 0.81
677.152 0.792
677.893 0.741
678.626 0.733
679.399 0.773
680.14 0.741
680.885 0.745
681.608 0.723
682.357 0.749
683.121 0.764
683.872 0.751
684.631 0.759
685.372 0.741
686.141 0.769
686.896 0.755
687.643 0.747
688.403 0.76
689.124 0.721
689.855 0.731
690.573 0.718
691.293 0.72
692.022 0.729
692.734 0.712
693.484 0.75
694.26 0.776
695.073 0.813
695.866 0.793
696.618 0.752
697.367 0.749
698.11 0.743
698.854 0.744
699.586 0.732
700.314 0.728
701.052 0.738
701.756 0.704
702.426 0.67
703.089 0.663
703.742 0.653
704.415 0.673
705.087 0.672
705.746 0.659
706.376 0.63
707.013 0.637
707.666 0.653
708.385 0.719
709.137 0.752
709.899 0.762
710.676 0.777
711.395 0.719
712.114 0.719
712.789 0.675
713.472 0.683
714.151 0.679
714.885 0.734
715.618 0.733
716.357 0.739
717.18 0.823
718.03 0.85
718.872 0.842
719.697 0.825
720.477 0.78
721.238 0.761
722.002 0.764
722.713 0.711
723.419 0.706
724.097 0.678
724.792 0.695
725.499 0.707
726.23 0.731
727.042 0.812
727.812 0.77
728.639 0.827
729.463 0.824
730.246 0.783
731.009 0.763
731.759 0.75
732.515 0.756
733.29 0.775
734.066 0.776
734.316 0.25
734.798 0.482
735.522 0.724
736.232 0.71
736.911 0.679
737.561 0.65
738.199 0.638
738.828 0.629
739.449 0.621
740.056 0.607
740.659 0.603
741.25 0.591
741.834 0.584
742.411 0.577
742.987 0.576
743.563 0.576
744.138 0.575
744.713 0.575
745.281 0.568
745.845 0.564
746.41 0.565
746.985 0.575
747.594 0.609
748.272 0.678
748.978 0.706
749.684 0.706
750.431 0.747
751.136 0.705
751.809 0.673
752.47 0.661
753.157 0.687
753.875 0.718
754.559 0.684
755.221 0.662
755.866 0.645
756.512 0.646
757.181 0.669
757.861 0.68
758.533 0.672
759.214 0.681
759.918 0.704
760.651 0.733
761.381 0.73
762.073 0.692
762.751 0.678
763.445 0.694
764.113 0.668
764.815 0.702
765.482 0.667
766.122 0.64
766.747 0.625
767.355 0.608
767.952 0.597
768.538 0.586
769.114 0.576
769.685 0.571
770.257 0.572
770.828 0.571
771.403 0.575
771.98 0.577
772.56 0.58
773.148 0.588
773.755 0.607
774.4 0.645
775.131 0.731
775.932 0.801
776.769 0.837
777.591 0.822
778.388 0.797
779.134 0.746
779.887 0.753
780.641 0.754
781.39 0.749
782.165 0.775
782.901 0.736
783.65 0.749
784.374 0.724
785.119 0.745
785.869 0.75
786.646 0.777
787.368 0.722
788.059 0.691
788.755 0.696
789.491 0.736
790.255 0.764
791.008 0.753
791.784 0.776
792.51 0.726
793.214 0.704
793.904 0.69
794.646 0.742
795.367 0.721
796.077 0.71
796.764 0.687
797.475 0.711
798.18 0.705
798.902 0.722
799.617 0.715
800.395 0.778
801.143 0.748
801.868 0.725
802.596 0.728
803.365 0.769
804.168 0.803
804.972 0.804
805.763 0.791
806.489 0.726
807.183 0.694
807.863 0.68
808.587 0.724
809.328 0.741
810.111 0.783
810.934 0.823
811.724 0.79
812.507 0.783
813.324 0.817
814.097 0.773
814.825 0.728
815.567 0.742
816.353 0.786
817.127 0.774
817.855 0.728
824.723 0.737
825.469 0.746
826.195 0.726
826.947 0.752
827.681 0.734
828.378 0.697
829.089 0.711
829.81 0.721
830.57 0.76
831.365 0.795
832.101 0.736
832.893 0.792
833.659 0.766
834.43 0.771
835.213 0.783
835.952 0.739
836.686 0.734
837.44 0.754
838.145 0.705
838.858 0.713
839.573 0.715
840.294 0.721
841.07 0.776
841.825 0.755
842.591 0.766
843.4 0.809
844.194 0.794
844.966 0.772
845.693 0.727
846.383 0.69
847.068 0.685
847.732 0.664
848.412 0.68
849.088 0.676
849.815 0.727
850.54 0.725
851.274 0.734
852.163 0.889
852.993 0.83
853.787 0.794
854.541 0.754
855.256 0.715
855.988 0.732
856.725 0.737
857.428 0.703
858.148 0.72
858.839 0.691
859.559 0.72
860.334 0.775
861.064 0.73
861.828 0.764
862.587 0.759
863.374 0.787
864.225 0.851
865.024 0.799
865.76 0.736
866.504 0.744
867.213 0.709
867.916 0.703
868.606 0.69
869.303 0.697
870.042 0.739
870.75 0.708
871.552 0.802
872.358 0.806
873.121 0.763
873.938 0.817
874.687 0.749
875.41 0.723
876.181 0.771
876.889 0.708
877.594 0.705
878.28 0.686
878.969 0.689
879.684 0.715
880.381 0.697
881.169 0.788
882.001 0.832
882.83 0.829
883.67 0.84
884.487 0.817
885.257 0.77
886.032 0.775
886.781 0.749
887.496 0.715
888.234 0.738
888.96 0.726
889.703 0.743
890.443 0.74
891.17 0.727
891.94 0.77
892.706 0.766
893.47 0.764
894.257 0.787
894.985 0.728
895.732 0.747
896.496 0.764
897.216 0.72
897.983 0.767
898.718 0.735
899.463 0.745
900.262 0.799
900.993 0.731
901.738 0.745
902.469 0.731
903.19 0.721
903.946 0.756
904.648 0.702
905.361 0.713
906.103 0.742
906.861 0.758
907.649 0.788
908.456 0.807
909.207 0.751
909.995 0.788
910.728 0.733
911.469 0.741
912.213 0.744
912.913 0.7
913.582 0.669
914.263 0.681
914.98 0.717
915.637 0.657
916.287 0.65
916.932 0.645
917.571 0.639
918.217 0.646
918.869 0.652
919.544 0.675
920.289 0.745
921.056 0.767
921.868 0.812
922.643 0.775
923.389 0.746
924.124 0.735
924.83 0.706
925.566 0.736
926.274 0.708
926.998 0.724
927.722 0.724
928.438 0.716
929.202 0.764
929.936 0.734
930.66 0.724
931.376 0.716
932.058 0.682
932.753 0.695
933.42 0.667
934.128 0.708
934.849 0.721
935.572 0.723
936.325 0.753
937.055 0.73
937.834 0.779
938.606 0.772
939.336 0.73
940.07 0.734
940.78 0.71
941.499 0.719
942.216 0.717
942.915 0.699
943.612 0.697
944.273 0.661
944.95 0.677
945.633 0.683
946.333 0.7
947.075 0.742
947.788 0.713
948.538 0.75
949.279 0.741
949.999 0.72
950.767 0.768
951.487 0.72
952.227 0.74
952.952 0.725
953.646 0.694
954.343 0.697
955.016 0.673
955.731 0.715
956.418 0.687
957.119 0.701
957.837 0.718
958.542 0.705
959.276 0.734
960.01 0.734
960.759 0.749
961.5 0.741
962.204 0.704
962.923 0.719
963.622 0.699
964.328 0.706
965.036 0.708
965.728 0.692
966.446 0.718
967.152 0.706
967.892 0.74
968.614 0.722
969.366 0.752
970.212 0.846
971.002 0.79
971.749 0.747
972.484 0.735
973.201 0.717
973.931 0.73
974.656 0.725
975.359 0.703
976.101 0.742
976.808 0.707
977.54 0.732
978.265 0.725
978.995 0.73
979.788 0.793
980.543 0.755
981.326 0.783
982.098 0.772
982.815 0.717
983.535 0.72
984.241 0.706
984.949 0.708
985.672 0.723
986.405 0.733
987.254 0.849
988.151 0.897
989.075 0.924
989.963 0.888
990.779 0.816
991.556 0.777
992.305 0.749
993.035 0.73
993.738 0.703
994.454 0.716
995.17 0.716
995.888 0.718
996.661 0.773
997.427 0.766
998.178 0.751
999.022 0.844
999.819 0.797
1000.645 0.826
1001.441 0.796
1002.155 0.714
1002.868 0.713
1003.562 0.694
1004.236 0.674
1004.931 0.695
1005.626 0.695
1006.429 0.803
1007.281 0.852
1008.139 0.858
1009.02 0.881
1009.892 0.872
1010.714 0.822
1011.515 0.801
1012.267 0.752
1012.98 0.713
1013.718 0.738
1014.456 0.738
1015.182 0.726
1015.929 0.747
1016.658 0.729
1017.361 0.703
1018.115 0.754
1018.875 0.76
1019.627 0.752
1020.345 0.718
1021.043 0.698
1021.707 0.664
1022.35 0.643
1022.98 0.63
1023.594 0.614
1024.193 0.599
1024.782 0.589
1025.37 0.588
1025.962 0.592
1026.576 0.614
1027.226 0.65
1027.904 0.678
1028.613 0.709
1029.347 0.734
1030.091 0.744
1030.841 0.75
1031.557 0.716
1032.244 0.687
1032.911 0.667
1033.58 0.669
1034.264 0.684
1034.972 0.708
1035.681 0.709
1036.4 0.719
1037.196 0.796
1038.035 0.839
1038.843 0.808
1039.577 0.734
1040.272 0.695
1040.973 0.701
1041.679 0.706
1042.41 0.731
1043.134 0.724
1043.834 0.7
1044.519 0.685
1045.189 0.67
1045.858 0.669
1046.547 0.689
1047.29 0.743
1048.024 0.734
1048.756 0.732
1049.449 0.693
1050.127 0.678
1050.797 0.67
1051.46 0.663
1052.135 0.675
1052.82 0.685
1053.488 0.668
1054.146 0.658
1054.801 0.655
1055.457 0.656
1056.104 0.647
1056.741 0.637
1057.373 0.632
1057.998 0.625
1058.628 0.63
1059.282 0.654
1059.984 0.702
1060.713 0.729
1061.431 0.718
1062.12 0.689
1062.796 0.676
1063.472 0.676
1064.161 0.689
1064.838 0.677
1065.506 0.668
1066.163 0.657
1066.806 0.643
1067.451 0.645
1068.126 0.675
1068.85 0.724
1069.615 0.765
1070.402 0.787
1071.184 0.782
1071.947 0.763
1072.699 0.752
1073.438 0.739
1074.156 0.718
1074.854 0.698
1075.538 0.684
1076.221 0.683
1076.918 0.697
1077.594 0.676
1078.263 0.669
1078.935 0.672
1079.605 0.67
1080.266 0.661
1080.915 0.649
1081.545 0.63
1082.175 0.63
1082.82 0.645
1083.503 0.683
1084.197 0.694
1084.94 0.743
1085.69 0.75
1086.457 0.767
1087.201 0.744
1087.98 0.779
1088.756 0.776
1089.502 0.746
1090.221 0.719
1090.916 0.695
1091.619 0.703
1092.325 0.706
1093.05 0.725
1093.866 0.816
1094.751 0.885
1095.7 0.949
1096.622 0.922
1097.44 0.818
1098.194 0.754
1098.934 0.74
1099.686 0.752
1100.444 0.758
1101.194 0.75
1101.955 0.761
1102.805 0.85
1103.709 0.904
1104.554 0.845
1105.343 0.789
1106.116 0.773
1106.912 0.796
1107.726 0.814
1108.523 0.797
1109.296 0.773
1110.078 0.782
1110.898 0.82
1111.737 0.839
1112.555 0.818
1113.348 0.793
1114.137 0.789
1114.951 0.814
1115.769 0.818
1116.56 0.791
1117.322 0.762
1118.055 0.733
1118.774 0.719
1119.552 0.778
1120.35 0.798
1121.144 0.794
1122.003 0.859
1122.83 0.827
1123.682 0.852
1124.521 0.839
1125.326 0.805
1126.115 0.789
1126.885 0.77
1127.686 0.801
1128.505 0.819
1129.318 0.813
1129.973 0.655
1130.943 0.97
1131.822 0.879
1132.703 0.881
1133.584 0.881
1134.46 0.876
1135.351 0.891
1136.223 0.872
1137.068 0.845
1137.899 0.831
1138.733 0.834
1139.578 0.845
1140.338 0.76
1141.204 0.866
1142.009 0.805
1142.883 0.874
1143.735 0.852
1144.544 0.809
1145.361 0.817
1146.2 0.839
1147.058 0.858
1147.937 0.879
1148.756 0.819
1149.535 0.779
1150.313 0.778
1151.099 0.786
1151.897 0.798
1152.712 0.815
1153.502 0.79
1154.348 0.846
1155.241 0.893
1156.092 0.851
1156.868 0.776
1157.585 0.717
1158.303 0.718
1159.031 0.728
1159.805 0.774
1160.626 0.821
1161.064 0.438
1161.449 0.385
1162.378 0.929
1163.343 0.965
1164.251 0.908
1165.132 0.881
1166.007 0.875
1166.877 0.87
1167.5 0.623
1168.305 0.805
1169.199 0.894
1170.014 0.815
1170.841 0.827
1171.643 0.802
1172.442 0.799
1173.342 0.9
1174.298 0.956
1175.252 0.954
1176.139 0.887
1176.947 0.808
1177.771 0.824
1178.632 0.861
1179.523 0.891
1180.412 0.889
1181.253 0.841
1182.058 0.805
1182.851 0.793
1183.656 0.805
1184.456 0.8
1185.229 0.773
1186.017 0.788
1186.853 0.836
1187.703 0.85
1188.542 0.839
1189.325 0.783
1189.634 0.309
1190.102 0.468
1190.905 0.803
1191.689 0.784
1192.476 0.787
1193.213 0.737
1193.711 0.498
1194.688 0.977
1195.466 0.778
1196.249 0.783
1197.067 0.818
1197.521 0.454
1197.949 0.428
1198.896 0.947
1199.847 0.951
1200.753 0.906
1201.608 0.855
1202.434 0.826
1203.278 0.844
1204.125 0.847
1204.706 0.581
1205.604 0.898
1206.411 0.807
1207.232 0.821
1208.08 0.848
1208.386 0.306
1208.911 0.525
1209.734 0.823
1210.563 0.829
1211.364 0.801
1212.161 0.797
1212.959 0.798
1213.732 0.773
1214.466 0.734
1215.17 0.704
1215.871 0.701
1216.589 0.718
1217.31 0.721
1218.07 0.76
1218.848 0.778
1219.581 0.733
1220.289 0.708
1220.997 0.708
1222.057 1.06
1223.026 0.969
1223.887 0.861
1224.69 0.803
1225.483 0.793
1226.306 0.823
1227.075 0.769
1227.784 0.709
1228.489 0.705
1229.209 0.72
1229.95 0.741
1230.685 0.735
1231.438 0.753
1232.224 0.786
1233.029 0.805
1233.847 0.818
1234.638 0.791
1235.418 0.78
1236.181 0.763
1236.902 0.721
1237.6 0.698
1238.297 0.697
1238.997 0.7
1239.695 0.698
1240.393 0.698
1241.122 0.729
1241.939 0.817
1242.802 0.863
1243.605 0.803
1244.403 0.798
1245.235 0.832
1246.069 0.834
1246.855 0.786
1247.601 0.746
1248.349 0.748
1249.139 0.79
1249.982 0.843
1250.851 0.869
1251.698 0.847
1252.528 0.83
1253.396 0.868
1254.278 0.882
1255.127 0.849
1255.974 0.847
1256.796 0.822
1257.641 0.845
1258.491 0.85
1259.349 0.858
1260.202 0.853
1261.037 0.835
1261.894 0.857
1262.745 0.851
1263.531 0.786
1264.283 0.752
1265.041 0.758
1265.836 0.795
1266.612 0.776
1267.368 0.756
1268.092 0.724
1268.808 0.716
1269.556 0.748
1270.343 0.787
1271.101 0.758
1271.87 0.769
1272.596 0.726
1273.359 0.763
1274.109 0.75
1274.9 0.791
1275.66 0.76
1276.382 0.722
1277.084 0.702
1277.778 0.694
1278.493 0.715
1279.259 0.766
1280.065 0.806
1280.87 0.805
1281.663 0.793
1282.504 0.841
1283.379 0.875
1284.24 0.861
1285.049 0.809
1285.817 0.768
1286.567 0.75
1287.322 0.755
1288.113 0.791
1288.903 0.79
1289.679 0.776
1290.492 0.813
1291.358 0.866
1292.235 0.877
1293.061 0.826
1293.858 0.797
1294.608 0.75
1295.365 0.757
1296.218 0.853
1297.094 0.876
1297.946 0.852
1298.78 0.834
1299.552 0.772
1300.301 0.749
1301.073 0.772
1301.888 0.815
1302.705 0.817
1303.483 0.778
1304.256 0.773
1305.035 0.779
1305.814 0.779
1306.616 0.802
1307.378 0.762
1308.114 0.736
1308.841 0.727
1309.546 0.705
1310.265 0.719
1311.026 0.761
1311.817 0.791
1312.645 0.828
1313.447 0.802
1314.243 0.796
1315.038 0.795
1315.825 0.787
1316.586 0.761
1317.306 0.72
1318.015 0.709
1318.726 0.711
1319.45 0.724
1320.232 0.782
1321.077 0.845
1321.919 0.842
1322.736 0.817
1323.511 0.775
1324.296 0.785
1325.079 0.783
1325.869 0.79
1326.625 0.756
1327.347 0.722
1328.046 0.699
1328.75 0.704
1329.469 0.719
1330.226 0.757
1330.991 0.765
1331.748 0.757
1332.502 0.754
1333.284 0.782
1334.101 0.817
1334.921 0.82
1335.721 0.8
1336.472 0.751
1337.188 0.716
1337.901 0.713
1338.607 0.706
1339.315 0.708
1340.014 0.699
1340.729 0.715
1341.452 0.723
1342.198 0.746
1342.952 0.754
1343.732 0.78
1344.562 0.83
1345.371 0.809
1346.16 0.789
1346.92 0.76
1347.689 0.769
1348.452 0.763
1349.214 0.762
1349.948 0.734
1350.666 0.718
1351.349 0.683
1352.011 0.662
1352.666 0.655
1353.34 0.674
1354.049 0.709
1354.783 0.734
1355.53 0.747
1356.305 0.775
1357.088 0.783
1357.851 0.763
1358.582 0.731
1359.284 0.702
1359.989 0.705
1360.715 0.726
1361.486 0.771
1362.297 0.811
1363.114 0.817
1363.911 0.797
1364.692 0.781
1365.485 0.793
1366.339 0.854
1367.158 0.819
1367.959 0.801
1368.73 0.771
1369.499 0.769
1370.231 0.732
1370.948 0.717
1371.673 0.725
1372.447 0.774
1373.251 0.804
1374.029 0.778
1374.803 0.774
1375.562 0.759
1376.287 0.725
1376.995 0.708
1377.693 0.698
1378.394 0.701
1379.082 0.688
1379.76 0.678
1380.432 0.672
1381.109 0.677
1381.781 0.672
1382.472 0.691
1383.169 0.697
1383.9 0.731
1384.659 0.759
1385.462 0.803
1386.29 0.828
1387.077 0.787
1387.828 0.751
1388.553 0.725
1389.282 0.729
1390.022 0.74
1390.767 0.745
1391.526 0.759
1392.28 0.754
1393.05 0.77
1393.853 0.803
1394.633 0.78
1395.402 0.769
1396.183 0.781
1396.966 0.783
1397.716 0.75
1398.441 0.725
1399.143 0.702
1399.859 0.716
1400.607 0.748
1401.409 0.802
1402.184 0.775
1402.995 0.811
1403.708 0.713
1404.373 0.665
1405.013 0.64
1405.635 0.622
1406.243 0.608
1406.847 0.604
1407.458 0.611
1408.098 0.64
1408.777 0.679
1409.478 0.701
1410.204 0.726
1410.915 0.711
1411.64 0.725
1412.436 0.796
1413.275 0.839
1414.108 0.833
1414.855 0.747
1415.542 0.687
1416.201 0.659
1416.853 0.652
1417.524 0.671
1418.251 0.727
1418.981 0.73
1419.751 0.77
1420.538 0.787
1421.285 0.747
1422.015 0.73
1422.749 0.734
1423.491 0.742
1424.24 0.749
1424.974 0.734
1425.687 0.713
1426.389 0.702
1427.095 0.706
1427.815 0.72
1428.568 0.753
1429.344 0.776
1430.092 0.748
1430.826 0.734
1431.549 0.723
1432.271 0.722
1433.032 0.761
1433.833 0.801
1434.695 0.862
1435.567 0.872
1436.419 0.852
1437.226 0.807
1437.986 0.76
1438.735 0.749
1439.501 0.766
1440.328 0.827
1441.19 0.862
1442.147 0.957
1443.029 0.882
1443.862 0.833
1444.68 0.818
1444.951 0.271
1445.514 0.563
1446.354 0.84
1447.17 0.816
1447.962 0.792
1448.747 0.785
1449.481 0.734
1450.209 0.728
1450.956 0.747
1451.78 0.824
1452.684 0.904
1453.588 0.904
1454.451 0.863
1455.313 0.862
1456.21 0.897
1457.103 0.893
1457.98 0.877
1458.803 0.823
1459.571 0.768
1460.306 0.735
1461.031 0.725
1461.788 0.757
1462.644 0.856
1463.529 0.885
1464.39 0.861
1465.202 0.812
1466.001 0.799
1466.852 0.851
1467.698 0.846
1468.485 0.787
1469.242 0.757
1469.969 0.727
1470.681 0.712
1471.423 0.742
1472.167 0.744
1472.9 0.733
1473.646 0.746
1474.366 0.72
1475.13 0.764
1475.906 0.776
1476.679 0.773
1477.426 0.747
1478.161 0.735
1478.895 0.734
1479.629 0.734
1480.326 0.697
1481.015 0.689
1481.694 0.679
1482.399 0.705
1483.142 0.743
1483.908 0.766
1484.671 0.763
1485.422 0.751
1486.165 0.743
1486.899 0.734
1487.667 0.768
1488.407 0.74
1489.155 0.748
1489.886 0.731
1490.611 0.725
1491.322 0.711
1492.055 0.733
1492.8 0.745
1493.564 0.764
1494.306 0.742
1495.042 0.736
1495.765 0.723
1496.499 0.734
1497.228 0.729
1497.978 0.75
1498.716 0.738
1499.428 0.712
1500.108 0.68
1500.77 0.662
1501.42 0.65
1502.073 0.653
1502.734 0.661
1503.415 0.681
1504.114 0.699
1504.871 0.757
1505.655 0.784
1506.357 0.702
1506.917 0.56
1507.852 0.935
1508.501 0.649
1509.33 0.829
1510.135 0.805
1510.905 0.77
1511.65 0.745
1512.372 0.722
1513.085 0.713
1513.814 0.729
1514.583 0.769
1515.424 0.841
1516.243 0.819
1517.022 0.779
1517.757 0.735
1518.473 0.716
1519.189 0.716
1519.929 0.74
1520.68 0.751
1521.394 0.714
1522.085 0.691
1522.78 0.695
1523.516 0.736
1524.295 0.779
1525.113 0.818
1525.92 0.807
1526.67 0.75
1527.399 0.729
1528.123 0.724
1528.835 0.712
1529.53 0.695
1530.209 0.679
1530.884 0.675
1531.563 0.679
1532.275 0.712
1533.044 0.769
1533.853 0.809
1534.661 0.808
1535.43 0.769
1536.177 0.747
1536.923 0.746
1537.664 0.741
1538.395 0.731
1539.104 0.709
1539.799 0.695
1540.48 0.681
1541.164 0.684
1541.873 0.709
1542.62 0.747
1543.383 0.763
1544.134 0.751
1544.89 0.756
1545.672 0.782
1546.523 0.851
1547.31 0.787
1548.038 0.728
1548.725 0.687
1549.388 0.663
1550.027 0.639
1550.664 0.637
1551.325 0.661
1552.018 0.693
1552.703 0.685
1553.435 0.732
1554.229 0.794
1555.035 0.806
1555.847 0.812
1556.601 0.754
1557.332 0.731
1558.04 0.708
1558.724 0.684
1559.393 0.669
1560.055 0.662
1560.711 0.656
1561.359 0.648
1562.019 0.66
1562.714 0.695
1563.467 0.753
1564.231 0.764
1564.979 0.748
1565.688 0.709
1566.401 0.713