0.000 0.7
0.7 0.7
6.999 0.772
7.784 0.785
8.544 0.76
9.309 0.765
10.071 0.762
10.781 0.71
11.481 0.7
12.18 0.699
12.909 0.729
13.63 0.721
14.349 0.719
15.094 0.745
15.861 0.767
16.659 0.798
17.488 0.829
18.367 0.879
19.258 0.891
20.157 0.899
21.005 0.848
21.777 0.772
22.515 0.738
23.28 0.765
24.11 0.83
25.029 0.919
25.955 0.926
26.881 0.926
27.751 0.87
28.599 0.848
29.475 0.876
30.375 0.9
31.294 0.919
32.219 0.925
33.085 0.866
33.982 0.897
34.925 0.943
35.896 0.971
36.847 0.951
37.775 0.928
38.643 0.868
39.535 0.892
40.492 0.957
41.514 1.022
42.511 0.997
43.461 0.95
44.347 0.886
45.285 0.938
46.283 0.998
47.284 1.001
48.258 0.974
49.152 0.894
50.087 0.935
51.077 0.99
52.102 1.025
53.072 0.97
53.95 0.878
54.793 0.843
55.663 0.87
56.113 0.45
57.352 1.239
58.239 0.887
59.085 0.846
59.971 0.886
61.003 1.032
62.095 1.092
63.122 1.027
64.114 0.992
65.175 1.061
66.199 1.024
67.113 0.914
67.971 0.858
68.855 0.884
69.768 0.913
70.629 0.861
71.457 0.828
72.315 0.858
73.223 0.908
74.145 0.922
75.014 0.869
75.886 0.872
76.75 0.864
77.722 0.972
78.754 1.032
79.779 1.025
80.811 1.032
81.77 0.959
82.676 0.906
83.643 0.967
84.663 1.02
85.698 1.035
86.723 1.025
87.711 0.988
88.734 1.023
89.781 1.047
90.818 1.037
91.772 0.954
92.695 0.923
93.694 0.999
94.743 1.049
95.781 1.038
96.828 1.047
97.815 0.987
98.763 0.948
99.719 0.956
100.649 0.93
101.647 0.998
102.576 0.929
103.552 0.976
104.56 1.008
105.532 0.972
106.518 0.986
107.385 0.867
108.183 0.798
108.982 0.799
109.81 0.828
110.684 0.874
111.601 0.917
112.485 0.884
113.339 0.854
114.176 0.837
115.057 0.881
116.034 0.977
117.023 0.989
118.018 0.995
118.948 0.93
119.831 0.883
120.671 0.84
121.583 0.912
122.641 1.058
123.68 1.039
124.677 0.997
125.711 1.034
126.756 1.045
127.807 1.051
128.847 1.04
129.875 1.028
130.875 1.0
131.82 0.945
132.729 0.909
133.673 0.944
134.702 1.029
135.756 1.054
136.782 1.026
137.774 0.992
138.8 1.026
139.808 1.008
140.818 1.01
141.797 0.979
142.721 0.924
143.654 0.933
144.639 0.985
145.626 0.987
146.59 0.964
147.517 0.927
148.403 0.886
149.321 0.918
150.341 1.02
151.379 1.038
152.416 1.037
153.441 1.025
154.409 0.968
155.317 0.908
156.222 0.905
157.196 0.974
158.228 1.032
159.258 1.03
160.302 1.044
161.29 0.988
162.251 0.961
163.243 0.992
164.24 0.997
165.213 0.973
166.224 1.011
167.197 0.973
168.126 0.929
169.042 0.916
169.995 0.953
170.976 0.981
171.953 0.977
172.872 0.919
173.761 0.889
174.677 0.916
175.619 0.942
176.584 0.965
177.556 0.972
178.481 0.925
179.378 0.897
180.312 0.934
181.267 0.955
182.222 0.955
183.133 0.911
184.0 0.867
184.876 0.876
185.794 0.918
186.733 0.939
187.656 0.923
188.573 0.917
189.543 0.97
190.538 0.995
191.512 0.974
192.437 0.925
193.327 0.89
194.273 0.946
195.25 0.977
196.238 0.988
197.197 0.959
198.108 0.911
199.004 0.896
199.931 0.927
200.851 0.92
201.779 0.928
202.719 0.94
203.634 0.915
204.558 0.924
205.514 0.956
206.499 0.985
207.465 0.966
208.395 0.93
209.276 0.881
210.121 0.845
210.988 0.867
211.863 0.875
212.777 0.914
213.717 0.94
214.619 0.902
215.462 0.843
216.287 0.825
217.11 0.823
217.952 0.842
218.849 0.897
219.742 0.893
220.615 0.873
221.44 0.825
222.296 0.856
223.1 0.804
223.884 0.784
224.664 0.78
225.411 0.747
226.144 0.733
226.874 0.73
227.646 0.772
228.53 0.884
229.527 0.997
230.559 1.032
231.567 1.008
232.567 1.0
233.512 0.945
234.389 0.877
235.26 0.871
236.195 0.935
237.219 1.024
238.259 1.04
239.266 1.007
240.237 0.971
241.186 0.949
242.163 0.977
243.205 1.042
244.235 1.03
245.244 1.009
246.19 0.946
247.045 0.855
247.883 0.838
248.788 0.905
249.775 0.987
250.768 0.993
251.709 0.941
252.608 0.899
253.504 0.896
254.406 0.902
255.269 0.863
256.092 0.823
256.898 0.806
257.727 0.829
258.651 0.924
259.671 1.02
260.703 1.032
261.721 1.018
262.749 1.028
263.719 0.97
264.632 0.913
265.545 0.913
266.483 0.938
267.457 0.974
268.432 0.975
269.41 0.978
270.332 0.922
271.229 0.897
272.173 0.944
273.181 1.008
274.196 1.015
275.203 1.007
276.205 1.002
277.16 0.955
278.097 0.937
279.022 0.925
279.921 0.899
280.798 0.877
281.716 0.918
282.657 0.941
283.63 0.973
284.628 0.998
285.625 0.997
286.595 0.97
287.587 0.992
288.61 1.023
289.584 0.974
290.533 0.949
291.44 0.907
292.299 0.859
293.185 0.886
294.102 0.917
294.969 0.867
295.82 0.851
296.644 0.824
297.47 0.826
298.353 0.883
299.297 0.944
300.279 0.982
301.261 0.982
302.16 0.899
302.984 0.824
303.805 0.821
304.656 0.851
305.497 0.841
306.322 0.825
307.214 0.892
308.17 0.956
309.186 1.016
310.209 1.023
311.183 0.974
312.169 0.986
313.084 0.915
313.934 0.85
314.737 0.803
315.534 0.797
316.331 0.797
317.084 0.753
317.844 0.76
318.613 0.769
319.355 0.742
320.131 0.776
320.88 0.749
321.653 0.773
322.48 0.827
323.269 0.789
324.061 0.792
324.817 0.756
325.571 0.754
326.333 0.762
327.106 0.773
327.87 0.764
328.647 0.777
329.433 0.786
330.236 0.803
331.054 0.818
331.879 0.825
332.741 0.862
333.639 0.898
334.572 0.933
335.515 0.943
336.464 0.949
337.395 0.931
338.349 0.954
339.279 0.93
340.208 0.929
341.149 0.941
342.076 0.927
342.999 0.923
343.947 0.948
344.925 0.978
345.921 0.996
346.91 0.989
347.879 0.969
348.867 0.988
349.766 0.899
350.592 0.826
351.406 0.814
352.224 0.818
353.079 0.855
353.907 0.828
354.745 0.838
355.615 0.87
356.452 0.837
357.259 0.807
358.038 0.779
358.865 0.827
359.694 0.829
360.538 0.844
361.363 0.825
362.22 0.857
363.135 0.915
364.127 0.992
365.139 1.012
366.13 0.991
367.11 0.98
368.093 0.983
368.995 0.902
369.857 0.862
370.771 0.914
371.742 0.971
372.722 0.98
373.756 1.034
374.682 0.926
375.633 0.951
376.626 0.993
377.595 0.969
378.533 0.938
379.397 0.864
380.295 0.898
381.196 0.901
382.178 0.982
383.094 0.916
384.007 0.913
384.971 0.964
385.851 0.88
386.684 0.833
387.46 0.776
388.247 0.787
389.041 0.794
389.843 0.802
390.615 0.772
391.453 0.838
392.35 0.897
393.268 0.918
394.124 0.856
394.94 0.816
395.813 0.873
396.69 0.877
397.554 0.864
398.398 0.844
399.189 0.791
400.018 0.829
400.845 0.827
401.655 0.81
402.453 0.798
403.23 0.777
404.011 0.781
404.814 0.803
405.63 0.816
406.414 0.784
407.227 0.813
408.029 0.802
408.919 0.89
409.774 0.855
410.583 0.809
411.427 0.844
412.287 0.86
413.126 0.839
413.928 0.802
414.777 0.849
415.621 0.844
416.485 0.864
417.348 0.863
418.178 0.83
418.991 0.813
419.782 0.791
420.529 0.747
421.311 0.782
422.14 0.829
423.059 0.919
423.983 0.924
424.843 0.86
425.746 0.903
426.695 0.949
427.648 0.953
428.506 0.858
429.31 0.804
430.157 0.847
431.022 0.865
431.963 0.941
432.892 0.929
433.801 0.909
434.728 0.927
435.628 0.9
436.472 0.844
437.367 0.895
438.312 0.945
439.254 0.942
440.209 0.955
441.186 0.977
442.175 0.989
443.144 0.969
444.063 0.919
445.001 0.938
445.906 0.905
446.851 0.945
447.804 0.953
448.799 0.995
449.72 0.921
450.676 0.956
451.671 0.995
452.683 1.012
453.65 0.967
454.641 0.991
455.652 1.011
456.644 0.992
457.607 0.963
458.557 0.95
459.531 0.974
460.492 0.961
461.497 1.005
462.55 1.053
463.606 1.056
464.6 0.994
465.627 1.027
466.701 1.074
467.798 1.097
468.84 1.042
469.883 1.043
470.873 0.99
471.858 0.985
472.791 0.933
473.772 0.981
474.744 0.972
475.758 1.014
476.722 0.964
477.765 1.043
478.798 1.033
479.801 1.003
480.739 0.938
481.722 0.983
482.677 0.955
483.602 0.925
484.485 0.883
485.381 0.896
486.334 0.953
487.348 1.014
488.323 0.975
489.309 0.986
490.322 1.013
491.332 1.01
492.326 0.994
493.339 1.013
494.361 1.022
495.31 0.949
496.219 0.909
497.203 0.984
498.22 1.017
499.229 1.009
500.207 0.978
501.215 1.008
502.23 1.015
503.178 0.948
504.042 0.864
504.955 0.913
505.925 0.97
506.909 0.984
507.838 0.929
508.807 0.969
509.746 0.939
510.704 0.958
511.618 0.914
512.596 0.978
513.608 1.012
514.618 1.01
515.569 0.951
516.519 0.95
517.465 0.946
518.399 0.934
519.302 0.903
520.218 0.916
521.145 0.927
522.081 0.936
523.041 0.96
524.052 1.011
525.077 1.025
526.019 0.942
526.987 0.968
527.987 1.0
528.962 0.975
529.849 0.887
530.766 0.917
531.728 0.962
532.69 0.962
533.591 0.901
534.571 0.98
535.562 0.991
536.502 0.94
537.368 0.866
538.263 0.895
539.175 0.912
540.093 0.918
540.993 0.9
541.953 0.96
542.949 0.996
543.93 0.981
544.863 0.933
545.735 0.872
546.66 0.925
547.56 0.9
548.451 0.891
549.301 0.85
550.19 0.889
551.091 0.901
551.991 0.9
552.89 0.899
553.808 0.918
554.758 0.95
555.772 1.014
556.729 0.957
557.638 0.909
558.587 0.949
559.552 0.965
560.542 0.99
561.465 0.923
562.402 0.937
563.368 0.966
564.282 0.914
565.117 0.835
565.983 0.866
566.836 0.853
567.624 0.788
568.416 0.792
569.323 0.907
570.201 0.878
571.081 0.88
572.017 0.936
572.948 0.931
573.874 0.926
574.743 0.869
575.665 0.922
576.617 0.952
577.58 0.963
578.464 0.884
579.365 0.901
580.348 0.983
581.385 1.037
582.427 1.042
583.396 0.969
584.376 0.98
585.335 0.959
586.279 0.944
587.235 0.956
588.216 0.981
589.212 0.996
590.195 0.983
591.132 0.937
592.057 0.925
592.996 0.939
593.936 0.94
594.859 0.923
595.778 0.919
596.758 0.98
597.673 0.915
598.598 0.925
599.538 0.94
600.531 0.993
601.545 1.014
602.526 0.981
603.455 0.929
604.444 0.989
605.441 0.997
606.396 0.955
607.304 0.908
608.211 0.907
609.117 0.906
610.077 0.96
611.032 0.955
611.986 0.954
612.97 0.984
613.977 1.007
614.985 1.008
615.951 0.966
616.912 0.961
617.885 0.973
618.907 1.022
619.876 0.969
620.772 0.896
621.691 0.919
622.646 0.955
623.526 0.88
624.376 0.85
625.298 0.922
626.243 0.945
627.167 0.924
628.055 0.888
629.0 0.945
629.884 0.884
630.791 0.907
631.677 0.886
632.567 0.89
633.493 0.926
634.468 0.975
635.399 0.931
636.362 0.963
637.371 1.009
638.353 0.982
639.259 0.906
640.159 0.9
641.067 0.908
641.992 0.925
642.891 0.899
643.774 0.883
644.682 0.908
645.62 0.938
646.526 0.906
647.44 0.914
648.412 0.972
649.423 1.011
650.386 0.963
651.26 0.874
652.11 0.85
652.952 0.842
653.782 0.83
654.586 0.804
655.341 0.755
656.094 0.753
656.869 0.775
657.645 0.776
658.413 0.768
659.161 0.748
659.869 0.708
660.581 0.712
661.31 0.729
662.076 0.766
662.875 0.799
663.706 0.831
664.502 0.796
665.343 0.841
666.223 0.88
667.121 0.898
668.007 0.886
668.868 0.861
669.769 0.901
670.676 0.907
671.593 0.917
672.43 0.837
673.226 0.796
673.969 0.743
674.708 0.739
675.44 0.732
676.197 0.757
677.044 0.847
678.118 1.074
679.243 1.125
680.159 0.916
681.04 0.881
681.945 0.905
682.829 0.884
683.711 0.882
684.679 0.968
685.708 1.029
686.718 1.01
687.723 1.005
688.682 0.959
689.635 0.953
690.6 0.965
691.572 0.972
692.471 0.899
693.293 0.822
694.095 0.802
694.9 0.805
695.769 0.869
696.794 1.025
697.745 0.951
698.737 0.992
699.798 1.061
700.831 1.033
701.86 1.029
702.854 0.994
703.838 0.984
704.865 1.027
705.851 0.986
706.777 0.926
707.799 1.022
708.829 1.03
709.903 1.074
710.974 1.071
711.944 0.97
712.944 1.0
714.004 1.06
714.991 0.987
715.905 0.914
716.868 0.963
717.848 0.98
718.822 0.974
719.756 0.934
720.677 0.921
721.585 0.908
722.544 0.959
723.46 0.916
724.368 0.908
725.287 0.919
726.216 0.929
727.149 0.933
728.127 0.978
729.09 0.963
730.012 0.922
730.912 0.9
731.858 0.946
732.771 0.913
733.686 0.915
734.556 0.87
735.418 0.862
736.309 0.891
737.175 0.866
738.051 0.876
738.962 0.911
739.96 0.998
740.922 0.962
741.836 0.914
742.798 0.962
743.8 1.002
744.735 0.935
745.621 0.886
746.562 0.941
747.53 0.968
748.49 0.96
749.411 0.921
750.398 0.987
751.421 1.023
752.422 1.001
753.312 0.89
754.24 0.928
755.159 0.919
756.135 0.976
757.083 0.948
758.075 0.992
759.138 1.063
760.157 1.019
761.108 0.951
762.113 1.005
763.122 1.009
764.063 0.941
765.014 0.951
765.986 0.972
766.985 0.999
767.929 0.944
768.884 0.955
769.834 0.95
770.858 1.024
771.851 0.993
772.847 0.996
773.867 1.02
774.835 0.968
775.764 0.929
776.707 0.943
777.675 0.968
778.62 0.945
779.492 0.872
780.439 0.947
781.456 1.017
782.395 0.939
783.263 0.868
784.182 0.919
785.169 0.987
786.143 0.974
787.02 0.877
787.934 0.914
788.902 0.968
789.886 0.984
790.78 0.894
791.698 0.918
792.623 0.925
793.573 0.95
794.444 0.871
795.36 0.916
796.267 0.907
797.166 0.899
797.989 0.823
798.874 0.885
799.81 0.936
800.777 0.967
801.662 0.885
802.596 0.934
803.569 0.973
804.556 0.987
805.503 0.947
806.426 0.923
807.322 0.896
808.245 0.923
809.111 0.866
809.958 0.847
810.828 0.87
811.826 0.998
812.769 0.943
813.621 0.852
814.526 0.905
815.479 0.953
816.447 0.968
817.317 0.87
818.162 0.845
819.053 0.891
819.945 0.892
820.871 0.926
821.729 0.858
822.626 0.897
823.564 0.938
824.536 0.972
825.514 0.978
826.477 0.963
827.443 0.966
828.406 0.963
829.363 0.957
830.301 0.938
831.282 0.981
832.267 0.985
833.224 0.957
834.12 0.896
835.065 0.945
836.088 1.023
837.12 1.032
838.102 0.982
839.123 1.021
840.194 1.071
841.258 1.064
842.269 1.011
843.223 0.954
844.155 0.932
845.083 0.928
845.988 0.905
846.89 0.902
847.835 0.945
848.761 0.926
849.709 0.948
850.639 0.93
851.572 0.933
852.513 0.941
853.44 0.927
854.401 0.961
855.358 0.957
856.306 0.948
857.184 0.878
858.14 0.956
859.163 1.023
860.146 0.983
861.04 0.894
862.005 0.965
863.079 1.074
864.129 1.05
865.051 0.922
866.02 0.969
866.984 0.964
867.955 0.971
868.883 0.928
869.839 0.956
870.801 0.962
871.808 1.007
872.771 0.963
873.695 0.924
874.653 0.958
875.652 0.999
876.618 0.966
877.587 0.969
878.57 0.983
879.543 0.973
880.488 0.945
881.378 0.89
882.327 0.949
883.383 1.056
884.437 1.054
885.366 0.929
886.318 0.952
887.266 0.948
888.242 0.976
889.158 0.916
890.1 0.942
891.053 0.953
892.023 0.97
892.933 0.91
893.883 0.95
894.837 0.954
895.789 0.952
896.682 0.893
897.619 0.937
898.551 0.932
899.504 0.953
900.451 0.947
901.352 0.901
902.266 0.914
903.187 0.921
904.091 0.904
905.003 0.912
905.939 0.936
906.856 0.917
907.767 0.911
908.668 0.901
909.568 0.9
910.464 0.896
911.395 0.931
912.301 0.906
913.229 0.928
914.175 0.946
915.148 0.973
916.048 0.9
917.005 0.957
917.908 0.903
918.765 0.857
919.61 0.845
920.455 0.845
921.258 0.803
922.001 0.743
922.743 0.742
923.491 0.748
924.25 0.759
924.987 0.737
925.741 0.754
926.501 0.76
927.263 0.762
928.004 0.741
928.773 0.769
929.573 0.8
930.436 0.863
931.213 0.777
932.007 0.794
932.811 0.804
933.611 0.8
934.394 0.783
935.139 0.745
935.89 0.751
936.62 0.73
937.344 0.724
938.078 0.734
938.815 0.737
939.602 0.787
940.401 0.799
941.293 0.892
942.229 0.936
943.196 0.967
944.149 0.953
945.104 0.955
946.102 0.998
947.082 0.98
948.018 0.936
948.866 0.848
949.685 0.819
950.475 0.79
951.286 0.811
952.176 0.89
953.109 0.933
953.979 0.87
954.889 0.91
955.936 1.047
956.992 1.056
958.044 1.052
959.004 0.96
959.965 0.961
960.917 0.952
961.871 0.954
962.807 0.936
963.689 0.882
964.613 0.924
965.624 1.011
966.714 1.09
967.771 1.057
968.736 0.965
969.736 1.0
970.743 1.007
971.742 0.999
972.719 0.977
973.662 0.943
974.611 0.949
975.596 0.985
976.598 1.002
977.561 0.963
978.534 0.973
979.573 1.039
980.614 1.041
981.67 1.056
982.672 1.002
983.681 1.009
984.713 1.032
985.764 1.051
986.788 1.024
987.766 0.978
988.737 0.971
989.744 1.007
990.824 1.08
991.873 1.049
992.878 1.005
993.925 1.047
994.987 1.062
996.041 1.054
997.015 0.974
998.015 1.0
999.037 1.022
1000.093 1.056
1001.099 1.006
1002.177 1.078
1003.26 1.083
1004.353 1.093
1005.404 1.051
1006.41 1.006
1007.418 1.008
1008.447 1.029
1009.503 1.056
1010.509 1.006
1011.537 1.028
1012.599 1.062
1013.647 1.048
1014.641 0.994
1015.617 0.976
1016.608 0.991
1017.61 1.002
1018.57 0.96
1019.477 0.907
1020.456 0.979
1021.483 1.027
1022.501 1.018
1023.465 0.964
1024.463 0.998
1025.484 1.021
1026.489 1.005
1027.393 0.904
1028.281 0.888
1029.191 0.91
1030.131 0.94
1031.029 0.898
1031.931 0.902
1032.904 0.973
1033.85 0.946
1034.685 0.835
1035.542 0.857
1036.42 0.878
1037.327 0.907
1038.212 0.885
1039.139 0.927
1040.097 0.958
1041.081 0.984
1042.026 0.945
1042.978 0.952
1043.938 0.96
1044.9 0.962
1045.849 0.949
1046.78 0.931
1047.739 0.959
1048.713 0.974
1049.685 0.972
1050.604 0.919
1051.557 0.953
1052.524 0.967
1053.475 0.951
1054.379 0.904
1055.29 0.911
1056.229 0.939
1057.182 0.953
1058.081 0.899
1058.957 0.876
1059.833 0.876
1060.726 0.893
1061.629 0.903
1062.494 0.865
1063.384 0.89
1064.281 0.897
1065.198 0.917
1066.088 0.89
1066.956 0.868
1067.874 0.918
1068.787 0.913
1069.702 0.915
1070.568 0.866
1071.457 0.889
1072.358 0.901
1073.254 0.896
1074.11 0.856
1074.987 0.877
1075.897 0.91
1076.797 0.9
1077.67 0.873
1078.5 0.83
1079.355 0.855
1080.228 0.873
1081.103 0.875
1081.895 0.792
1082.694 0.799
1083.483 0.789
1084.26 0.777
1085.013 0.753
1085.761 0.748
1086.521 0.76
1087.264 0.743
1087.998 0.734
1088.71 0.712
1089.403 0.693
1090.085 0.682
1090.776 0.691
1091.478 0.702
1092.158 0.68
1092.842 0.684
1093.533 0.691
1094.228 0.695
1094.957 0.729
1095.729 0.772
1096.573 0.844
1097.449 0.876
1098.347 0.898
1099.267 0.92
1100.195 0.928
1101.12 0.925
1101.975 0.855
1102.766 0.791
1103.544 0.778
1104.368 0.824
1105.302 0.934
1106.263 0.961
1107.21 0.947
1108.098 0.888
1108.992 0.894
1109.955 0.963
1110.936 0.981
1111.936 1.0
1112.881 0.945
1113.795 0.914
1114.678 0.883
1115.605 0.927
1116.59 0.985
1117.6 1.01
1118.592 0.992
1119.634 1.042
1120.661 1.027
1121.642 0.981
1122.631 0.989
1123.614 0.983
1124.625 1.011
1125.632 1.007
1126.653 1.021
1127.74 1.087
1128.806 1.066
1129.836 1.03
1130.883 1.047
1131.877 0.994
1132.773 0.896
1133.702 0.929
1134.658 0.956
1135.608 0.95
1136.491 0.883
1137.375 0.884
1138.313 0.938
1139.168 0.855
1140.036 0.868
1140.983 0.947
1142.055 1.072
1143.067 1.012
1143.973 0.906
1144.919 0.946
1145.919 1.0
1146.907 0.988
1147.883 0.976
1148.819 0.936
1149.774 0.955
1150.739 0.965
1151.737 0.998
1152.7 0.963
1153.638 0.938
1154.659 1.021
1155.675 1.016
1156.721 1.046
1157.755 1.034
1158.68 0.925
1159.637 0.957
1160.64 1.003
1161.597 0.957
1162.508 0.911
1163.486 0.978
1164.494 1.008
1165.527 1.033
1166.551 1.024
1167.547 0.996
1168.58 1.033
1169.605 1.025
1170.617 1.012
1171.6 0.983
1172.607 1.007
1173.66 1.053
1174.688 1.028
1175.699 1.011
1176.667 0.968
1177.675 1.008
1178.659 0.984
1179.642 0.983
1180.615 0.973
1181.571 0.956
1182.527 0.956
1183.419 0.892
1184.274 0.855
1185.078 0.804
1185.867 0.789
1186.702 0.835
1187.659 0.957
1188.668 1.009
1189.685 1.017
1190.708 1.023
1191.653 0.945
1192.604 0.951
1193.536 0.932
1194.465 0.929
1195.37 0.905
1196.219 0.849
1197.068 0.849
1197.964 0.896
1198.905 0.941
1199.891 0.986
1200.857 0.966
1201.749 0.892
1202.649 0.9
1203.577 0.928
1204.527 0.95
1205.545 1.018
1206.53 0.985
1207.479 0.949
1208.504 1.025
1209.565 1.061
1210.602 1.037
1211.566 0.964
1212.525 0.959
1213.48 0.955
1214.417 0.937
1215.277 0.86
1216.138 0.861
1217.052 0.914
1218.006 0.954
1219.005 0.999
1219.979 0.974
1221.038 1.059
1222.065 1.027
1223.021 0.956
1223.913 0.892
1224.877 0.964
1225.893 1.016
1226.91 1.017
1227.899 0.989
1228.845 0.946
1229.69 0.845
1230.525 0.835
1231.432 0.907
1232.51 1.078
1233.593 1.083
1234.64 1.047
1235.625 0.985
1236.563 0.938
1237.525 0.962
1238.614 1.089
1239.722 1.108
1240.821 1.099
1241.915 1.094
1242.994 1.079
1244.002 1.008
1244.934 0.932
1245.824 0.89
1246.723 0.899
1247.759 1.036
1248.859 1.1
1249.95 1.091
1251.021 1.071
1252.061 1.04
1253.031 0.97
1253.944 0.913
1254.815 0.871
1255.744 0.929
1256.747 1.003
1257.782 1.035
1258.833 1.051
1259.863 1.03
1260.881 1.018
1261.866 0.985
1262.779 0.913
1263.638 0.859
1264.485 0.847
1265.429 0.944
1266.434 1.005
1267.484 1.05
1268.522 1.038
1269.552 1.03
1270.568 1.016
1271.549 0.981
1272.491 0.942
1273.395 0.904
1274.301 0.906
1275.231 0.93
1276.263 1.032
1277.312 1.049
1278.364 1.052
1279.409 1.045
1280.451 1.042
1281.489 1.038
1282.516 1.027
1283.538 1.022
1284.581 1.043
1285.593 1.012
1286.516 0.923
1287.428 0.912
1288.321 0.893
1289.248 0.927
1290.232 0.984
1291.271 1.039
1292.294 1.023
1293.319 1.025
1294.344 1.025
1295.283 0.939
1296.241 0.958
1297.219 0.978
1298.162 0.943
1299.07 0.908
1299.903 0.833
1300.726 0.823
1301.566 0.84
1302.429 0.863
1303.41 0.981
1304.447 1.037
1305.48 1.033
1306.454 0.974
1307.486 1.032
1308.544 1.058
1309.586 1.042
1310.584 0.998
1311.517 0.933
1312.413 0.896
1313.329 0.916
1314.282 0.953
1315.267 0.985
1316.262 0.995
1317.256 0.994
1318.226 0.97
1319.22 0.994
1320.205 0.985
1321.161 0.956
1322.096 0.935
1323.026 0.93
1323.927 0.901
1324.782 0.855
1325.681 0.899
1326.584 0.903
1327.493 0.909
1328.345 0.852
1329.247 0.902
1330.159 0.912
1331.064 0.905
1331.908 0.844
1332.796 0.888
1333.698 0.902
1334.605 0.907
1335.453 0.848
1336.309 0.856
1337.158 0.849
1338.019 0.861
1338.837 0.818
1339.604 0.767
1340.383 0.779
1341.178 0.795
1342.017 0.839
1342.827 0.81
1343.68 0.853
1344.59 0.91
1345.48 0.89
1346.371 0.891
1347.265 0.894
1348.154 0.889
1349.026 0.872
1349.887 0.861
1350.735 0.848
1351.616 0.881
1352.498 0.882
1353.37 0.872
1354.308 0.938
1355.234 0.926
1356.144 0.91
1357.081 0.937
1357.959 0.878
1358.888 0.929
1359.867 0.979
1360.849 0.982
1361.843 0.994
1362.817 0.974
1363.808 0.991
1364.748 0.94
1365.672 0.924
1366.644 0.972
1367.56 0.916
1368.413 0.853
1369.207 0.794
1369.984 0.777
1370.774 0.79
1371.706 0.932
1372.711 1.005
1373.662 0.951
1374.537 0.875
1375.506 0.969
1376.553 1.047
1377.621 1.068
1378.67 1.049
1379.691 1.021
1380.644 0.953
1381.527 0.883
1382.404 0.877
1383.295 0.891
1384.196 0.901
1385.13 0.934
1386.082 0.952
1387.017 0.935
1388.01 0.993
1389.037 1.027
1390.063 1.026
1391.043 0.98
1392.023 0.98
1393.012 0.989
1394.002 0.99
1394.982 0.98
1395.904 0.922
1396.858 0.954
1397.802 0.944
1398.667 0.865
1399.504 0.837
1400.305 0.801
1401.093 0.788
1401.918 0.825
1402.791 0.873
1403.667 0.876
1404.568 0.901
1405.436 0.868
1406.231 0.795
1407.001 0.77
1407.745 0.744
1408.478 0.733
1409.203 0.725
1409.927 0.724
1410.631 0.704
1411.358 0.727
1412.11 0.752
1412.867 0.757
1413.66 0.793
1414.437 0.777
1415.194 0.757
1415.939 0.745
1416.674 0.735
1417.417 0.743
1418.171 0.754
1418.939 0.768
1419.698 0.759
1420.404 0.706
1421.128 0.724
1421.847 0.719
1422.564 0.717
1423.271 0.707
1424.015 0.744
1424.775 0.76
1425.596 0.821
1426.47 0.874
1427.353 0.883
1428.314 0.961
1429.339 1.025
1430.392 1.053
1431.45 1.058
1432.481 1.031
1433.5 1.019
1434.48 0.98
1435.364 0.884
1436.254 0.89
1437.131 0.877
1438.015 0.884
1438.87 0.855
1439.712 0.842
1440.56 0.848
1441.411 0.851
1442.31 0.899
1443.285 0.975
1444.28 0.995
1445.279 0.999
1446.272 0.993
1447.193 0.921
1448.091 0.898
1448.904 0.813
1449.72 0.816
1450.536 0.816