0.000 0.611
0.611 0.611
6.219 5.608
6.999 0.78
7.775 0.776
8.521 0.746
9.241 0.72
9.915 0.674
10.555 0.64
11.165 0.61
11.748 0.583
12.321 0.573
12.896 0.575
13.491 0.595
14.106 0.615
14.812 0.706
15.606 0.794
16.428 0.822
17.23 0.802
18.023 0.793
18.758 0.735
19.468 0.71
20.139 0.671
20.772 0.633
21.364 0.592
21.97 0.606
22.571 0.601
23.185 0.614
23.821 0.636
24.275 0.454
24.56 0.285
24.83 0.27
25.117 0.287
25.751 0.634
26.376 0.625
26.993 0.617
27.595 0.602
28.185 0.59
28.777 0.592
29.375 0.598
30.062 0.687
30.833 0.771
31.672 0.839
32.492 0.82
33.259 0.767
33.97 0.711
34.645 0.675
35.29 0.645
35.91 0.62
36.492 0.582
37.063 0.571
37.634 0.571
38.266 0.632
38.949 0.683
39.712 0.763
40.513 0.801
41.297 0.784
42.08 0.783
42.809 0.729
43.507 0.698
44.187 0.68
44.874 0.687
45.531 0.657
46.169 0.638
46.804 0.635
47.478 0.674
48.285 0.807
49.157 0.872
50.023 0.866
50.813 0.79
51.597 0.784
52.359 0.762
53.115 0.756
53.851 0.736
54.614 0.763
55.419 0.805
56.262 0.843
57.029 0.767
57.744 0.715
58.443 0.699
59.263 0.82
60.218 0.955
61.149 0.931
62.039 0.89
62.89 0.851
63.719 0.829
64.467 0.748
65.206 0.739
65.936 0.73
66.663 0.727
67.382 0.719
68.115 0.733
68.863 0.748
69.612 0.749
70.344 0.732
71.107 0.763
71.845 0.738
72.51 0.665
73.141 0.631
73.759 0.618
74.392 0.633
75.197 0.805
76.043 0.846
76.894 0.851
77.728 0.834
78.495 0.767
79.234 0.739
79.959 0.725
80.668 0.709
81.375 0.707
82.06 0.685
82.764 0.704
83.477 0.713
84.212 0.735
84.962 0.75
85.679 0.717
86.41 0.731
87.162 0.752
87.93 0.768
88.695 0.765
89.425 0.73
90.138 0.713
90.827 0.689
91.508 0.681
92.211 0.703
92.959 0.748
93.762 0.803
94.603 0.841
95.429 0.826
96.251 0.822
97.032 0.781
97.793 0.761
98.55 0.757
99.307 0.757
100.041 0.734
100.748 0.707
101.461 0.713
102.167 0.706
102.901 0.734
103.647 0.746
104.372 0.725
105.128 0.756
105.892 0.764
106.699 0.807
107.514 0.815
108.335 0.821
109.126 0.791
109.885 0.759
110.618 0.733
111.331 0.713
111.992 0.661
112.663 0.671
113.336 0.673
114.051 0.715
114.8 0.749
115.537 0.737
116.303 0.766
117.089 0.786
117.893 0.804
118.677 0.784
119.465 0.788
120.223 0.758
120.954 0.731
121.673 0.719
122.371 0.698
123.057 0.686
123.738 0.681
124.386 0.648
125.008 0.622
125.651 0.643
126.327 0.676
127.056 0.729
127.821 0.765
128.535 0.714
129.274 0.739
130.0 0.726
130.718 0.718
131.381 0.663
132.015 0.634
132.651 0.636
133.314 0.663
134.112 0.798
134.983 0.871
135.833 0.85
136.631 0.798
137.395 0.764
138.128 0.733
138.84 0.712
139.534 0.694
140.208 0.674
140.87 0.662
141.551 0.681
142.26 0.709
143.003 0.743
143.712 0.709
144.389 0.677
145.066 0.677
145.73 0.664
146.393 0.663
147.022 0.629
147.66 0.638
148.293 0.633
148.938 0.645
149.588 0.65
150.226 0.638
150.888 0.662
151.565 0.677
152.25 0.685
152.933 0.683
153.59 0.657
154.238 0.648
154.875 0.637
155.52 0.645
156.154 0.634
156.81 0.656
157.453 0.643
158.083 0.63
158.692 0.609
159.297 0.605
159.925 0.628
160.551 0.626
161.18 0.629
161.778 0.598
162.389 0.611
163.005 0.616
163.687 0.682
164.452 0.765
165.239 0.787
165.974 0.735
166.728 0.754
167.45 0.722
168.18 0.73
168.909 0.729
169.634 0.725
170.303 0.669
171.002 0.699
171.708 0.706
172.442 0.734
173.198 0.756
173.954 0.756
174.705 0.751
175.424 0.719
176.142 0.718
176.832 0.69
177.487 0.655
178.147 0.66
178.806 0.659
179.494 0.688
180.194 0.7
180.863 0.669
181.555 0.692
182.25 0.695
182.964 0.714
183.663 0.699
184.321 0.658
184.984 0.663
185.643 0.659
186.316 0.673
186.971 0.655
187.628 0.657
188.306 0.678
189.026 0.72
189.795 0.769
190.546 0.751
191.268 0.722
191.977 0.709
192.658 0.681
193.33 0.672
193.985 0.655
194.646 0.661
195.316 0.67
196.016 0.7
196.717 0.701
197.441 0.724
198.187 0.746
198.913 0.726
199.636 0.723
200.347 0.711
201.05 0.703
201.738 0.688
202.41 0.672
203.065 0.655
203.724 0.659
204.401 0.677
205.13 0.729
205.873 0.743
206.659 0.786
207.48 0.821
208.3 0.82
209.055 0.755
209.798 0.743
210.535 0.737
211.278 0.743
212.031 0.753
212.729 0.698
213.448 0.719
214.159 0.711
214.89 0.731
215.603 0.713
216.313 0.71
217.025 0.712
217.744 0.719
218.476 0.732
219.197 0.721
219.862 0.665
220.518 0.656
221.167 0.649
221.838 0.671
222.55 0.712
223.268 0.718
224.015 0.747
224.784 0.769
225.59 0.806
226.381 0.791
227.148 0.767
227.882 0.734
228.58 0.698
229.251 0.671
229.901 0.65
230.524 0.623
231.165 0.641
231.82 0.655
232.532 0.712
233.252 0.72
233.978 0.726
234.697 0.719
235.424 0.727
236.15 0.726
236.839 0.689
237.534 0.695
238.218 0.684
238.892 0.674
239.546 0.654
240.189 0.643
240.837 0.648
241.495 0.658
242.167 0.672
242.81 0.643
243.441 0.631
244.092 0.651
244.77 0.678
245.481 0.711
246.166 0.685
246.857 0.691
247.551 0.694
248.258 0.707
248.951 0.693
249.604 0.653
250.237 0.633
250.862 0.625
251.482 0.62
252.121 0.639
252.738 0.617
253.364 0.626
254.002 0.638
254.733 0.731
255.667 0.934
256.606 0.939
257.551 0.945
258.433 0.882
259.295 0.862
260.097 0.802
260.809 0.712
261.51 0.701
262.194 0.684
262.84 0.646
263.479 0.639
264.116 0.637
264.765 0.649
265.413 0.648
266.072 0.659
266.727 0.655
267.376 0.649
268.028 0.652
268.658 0.63
269.326 0.668
269.99 0.664
270.665 0.675
271.356 0.691
272.009 0.653
272.647 0.638
273.271 0.624
273.9 0.629
274.546 0.646
275.195 0.649
275.832 0.637
276.497 0.665
277.202 0.705
277.951 0.749
278.674 0.723
279.385 0.711
280.062 0.677
280.723 0.661
281.35 0.627
281.952 0.602
282.547 0.595
283.137 0.59
283.779 0.642
284.401 0.622
285.087 0.686
285.828 0.741
286.575 0.747
287.297 0.722
288.003 0.706
288.691 0.688
289.368 0.677
290.006 0.638
290.643 0.637
291.297 0.654
292.01 0.713
292.75 0.74
293.469 0.719
294.212 0.743
294.947 0.735
295.688 0.741
296.411 0.723
297.102 0.691
297.792 0.69
298.484 0.692
299.208 0.724
299.91 0.702
300.613 0.703
301.343 0.73
302.116 0.773
302.907 0.791
303.686 0.779
304.432 0.746
305.168 0.736
305.892 0.724
306.604 0.712
307.3 0.696
308.035 0.735
308.79 0.755
309.566 0.776
310.305 0.739
311.049 0.744
311.799 0.75
312.553 0.754
313.249 0.696
313.896 0.647
314.54 0.644
315.202 0.662
315.995 0.793
316.879 0.884
317.77 0.891
318.608 0.838
319.401 0.793
320.195 0.794
320.966 0.771
321.699 0.733
322.396 0.697
323.084 0.688
323.782 0.698
324.481 0.699
325.187 0.706
325.919 0.732
326.686 0.767
327.465 0.779
328.232 0.767
328.994 0.762
329.76 0.766
330.457 0.697
331.162 0.705
331.87 0.708
332.594 0.724
333.316 0.722
334.034 0.718
334.771 0.737
335.524 0.753
336.283 0.759
337.008 0.725
337.729 0.721
338.446 0.717
339.153 0.707
339.877 0.724
340.61 0.733
341.341 0.731
342.036 0.695
342.738 0.702
343.454 0.716
344.181 0.727
344.891 0.71
345.597 0.706
346.284 0.687
346.944 0.66
347.569 0.625
348.18 0.611
348.794 0.614
349.434 0.64
350.464 1.03
351.433 0.969
352.377 0.944
353.285 0.908
354.12 0.835
354.889 0.769
355.598 0.709
356.262 0.664
356.899 0.637
357.506 0.607
358.112 0.606
358.715 0.603
359.317 0.602
359.925 0.608
360.54 0.615
361.171 0.631
361.798 0.627
362.423 0.625
363.034 0.611
363.638 0.604
364.233 0.595
364.823 0.59
365.42 0.597
366.023 0.603
366.651 0.628
367.286 0.635
367.927 0.641
368.564 0.637
369.172 0.608
369.788 0.616
370.399 0.611
371.015 0.616
371.618 0.603
372.202 0.584
372.777 0.575
373.375 0.598
374.032 0.657
374.743 0.711
375.451 0.708
376.177 0.726
376.901 0.724
377.632 0.731
378.363 0.731
379.063 0.7
379.76 0.697
380.431 0.671
381.099 0.668
381.785 0.686
382.477 0.692
383.171 0.694
383.883 0.712
384.578 0.695
385.3 0.722
386.031 0.731
386.789 0.758
387.538 0.749
388.251 0.713
388.915 0.664
389.558 0.643
390.167 0.609
390.751 0.584
391.32 0.569
391.885 0.565
392.477 0.592
393.227 0.75
394.036 0.809
394.905 0.869
395.751 0.846
396.574 0.823
397.367 0.793
398.118 0.751
398.815 0.697
399.482 0.667
400.109 0.627
400.713 0.604
401.322 0.609
401.946 0.624
402.604 0.658
403.287 0.683
404.006 0.719
404.755 0.749
405.518 0.763
406.257 0.739
406.989 0.732
407.698 0.709
408.365 0.667
409.004 0.639
409.629 0.625
410.274 0.645
410.957 0.683
411.675 0.718
412.403 0.728
413.125 0.722
413.845 0.72
414.544 0.699
415.221 0.677
415.904 0.683
416.589 0.685
417.296 0.707
417.998 0.702
418.697 0.699
419.418 0.721
420.147 0.729
420.83 0.683
421.566 0.736
422.31 0.744
423.072 0.762
423.814 0.742
424.505 0.691
425.175 0.67
425.83 0.655
426.489 0.659
427.15 0.661
427.799 0.649
428.498 0.699
429.21 0.712
429.913 0.703
430.606 0.693
431.325 0.719
432.047 0.722
432.77 0.723
433.457 0.687
434.143 0.686
434.811 0.668
435.479 0.668
436.113 0.634
436.785 0.672
437.484 0.699
438.221 0.737
438.925 0.704
439.676 0.751
440.457 0.781
441.259 0.802
442.024 0.765
442.807 0.783
443.589 0.782
444.382 0.793
445.187 0.805
445.965 0.778
446.741 0.776
447.509 0.768
448.299 0.79
449.146 0.847
450.008 0.862
450.881 0.873
451.746 0.865
452.555 0.809
453.341 0.786
454.178 0.837
454.969 0.791
455.666 0.697
456.362 0.696
457.152 0.79
458.061 0.909
459.012 0.951
459.903 0.891
460.777 0.874
461.631 0.854
462.449 0.818
463.181 0.732
463.848 0.667
464.524 0.676
465.241 0.717
466.064 0.823
466.85 0.786
467.671 0.821
468.482 0.811
469.279 0.797
470.019 0.74
470.76 0.741
471.518 0.758
472.324 0.806
473.134 0.81
473.877 0.743
474.647 0.77
475.417 0.77
476.165 0.748
476.87 0.705
477.614 0.744
478.413 0.799
479.237 0.824
479.993 0.756
480.766 0.773
481.536 0.77
482.325 0.789
483.103 0.778
483.845 0.742
484.598 0.753
485.371 0.773
486.115 0.744
486.897 0.782
487.673 0.776
488.486 0.813
489.221 0.735
489.97 0.749
490.791 0.821
491.652 0.861
492.447 0.795
493.238 0.791
494.035 0.797
494.842 0.807
495.595 0.753
496.357 0.762
497.157 0.8
497.932 0.775
498.626 0.694
499.251 0.625
499.861 0.61
500.491 0.63
501.195 0.704
502.018 0.823
502.857 0.839
503.688 0.831
504.454 0.766
505.21 0.756
505.939 0.729
506.657 0.718
507.337 0.68
507.999 0.662
508.69 0.691
509.438 0.748
510.215 0.777
510.959 0.744
511.73 0.771
512.489 0.759
513.264 0.775
514.003 0.739
514.725 0.722
515.473 0.748
516.216 0.743
516.956 0.74
517.724 0.768
518.526 0.802
519.275 0.749
519.959 0.684
520.667 0.708
521.428 0.761
522.25 0.822
523.091 0.841
523.853 0.762
524.642 0.789
525.414 0.772
526.157 0.743
526.857 0.7
527.595 0.738
528.356 0.761
529.201 0.845
530.061 0.86
530.954 0.893
531.82 0.866
532.648 0.828
533.467 0.819
534.254 0.787
534.971 0.717
535.676 0.705
536.419 0.743
537.202 0.783
537.966 0.764
538.809 0.843
539.632 0.823
540.463 0.831
541.255 0.792
542.066 0.811
542.867 0.801
543.571 0.704
544.221 0.65
544.857 0.636
545.57 0.713
546.386 0.816
547.238 0.852
548.1 0.862
548.937 0.837
549.73 0.793
550.493 0.763
551.195 0.702
551.903 0.708
552.576 0.673
553.209 0.633
553.834 0.625
554.496 0.662
555.2 0.704
555.889 0.689
556.635 0.746
557.409 0.774
558.176 0.767
558.907 0.731
559.648 0.741
560.382 0.734
561.059 0.677
561.708 0.649
562.426 0.718
563.266 0.84
564.163 0.897
565.07 0.907
565.955 0.885
566.78 0.825
567.617 0.837
568.434 0.817
569.268 0.834
570.093 0.825
570.883 0.79
571.713 0.83
572.565 0.852
573.352 0.787
574.147 0.795
574.937 0.79
575.755 0.818
576.551 0.796
577.378 0.827
578.204 0.826
579.025 0.821
579.831 0.806
580.617 0.786
581.421 0.804
582.163 0.742
582.968 0.805
583.796 0.828
584.606 0.81
585.397 0.791
586.185 0.788
586.971 0.786
587.738 0.767
588.518 0.78
589.305 0.787
589.997 0.692
590.684 0.687
591.408 0.724
592.225 0.817
593.05 0.825
593.833 0.783
594.616 0.783
595.403 0.787
596.174 0.771
596.912 0.738
597.648 0.736
598.419 0.771
599.188 0.769
600.008 0.82
600.834 0.826
601.594 0.76
602.391 0.797
603.179 0.788
603.97 0.791
604.749 0.779
605.484 0.735
606.228 0.744
606.995 0.767
607.789 0.794
608.535 0.746
609.344 0.809
610.182 0.838
611.028 0.846
611.806 0.778
612.598 0.792
613.378 0.78
614.159 0.781
614.916 0.757
615.672 0.756
616.438 0.766
617.142 0.704
617.873 0.731
618.605 0.732
619.376 0.771
620.103 0.727
620.868 0.765
621.644 0.776
622.444 0.8
623.18 0.736
623.909 0.729
624.643 0.734
625.423 0.78
626.133 0.71
626.868 0.735
627.628 0.76
628.423 0.795
629.183 0.76
629.864 0.681
630.498 0.634
631.126 0.628
631.827 0.701
632.627 0.8
633.478 0.851
634.341 0.863
635.182 0.841
635.986 0.804
636.753 0.767
637.438 0.685
638.121 0.683
638.794 0.673
639.504 0.71
640.191 0.687
640.903 0.712
641.635 0.732
642.399 0.764
643.178 0.779
643.936 0.758
644.686 0.75
645.408 0.722
646.142 0.734
646.854 0.712
647.542 0.688
648.253 0.711
649.008 0.755
649.834 0.826
650.653 0.819
651.433 0.78
652.241 0.808
653.035 0.794
653.776 0.741
654.524 0.748
655.26 0.736
656.013 0.753
656.736 0.723
657.517 0.781
658.29 0.773
659.092 0.802
659.869 0.777
660.646 0.777
661.429 0.783
662.161 0.732
662.909 0.748
663.636 0.727
664.354 0.718
665.075 0.721
665.816 0.741
666.599 0.783
667.381 0.782
668.133 0.752
668.869 0.736
669.62 0.751
670.348 0.728
671.041 0.693
671.787 0.746
672.526 0.739
673.24 0.714
673.965 0.725
674.674 0.709
675.426 0.752
676.151 0.725
676.88 0.729
677.596 0.716
678.315 0.719
679.052 0.737
679.786 0.734
680.514 0.728
681.23 0.716
681.912 0.682
682.613 0.701
683.364 0.751
684.145 0.781
684.904 0.759
685.695 0.791
686.449 0.754
687.186 0.737
687.878 0.692
688.575 0.697
689.272 0.697
690.012 0.74
690.734 0.722
691.486 0.752
692.277 0.791
693.059 0.782
693.85 0.791
694.589 0.739
695.302 0.713
696.014 0.712
696.733 0.719
697.437 0.704
698.19 0.753
698.965 0.775
699.734 0.769
700.515 0.781
701.304 0.789
702.029 0.725
702.758 0.729
703.492 0.734
704.175 0.683
704.819 0.644
705.45 0.631
706.126 0.676
707.027 0.901
707.957 0.93
708.866 0.909
709.717 0.851
710.547 0.83
711.285 0.738
711.99 0.705
712.66 0.67
713.3 0.64
713.914 0.614
714.521 0.607
715.142 0.621
715.778 0.636
716.446 0.668
717.141 0.695
717.843 0.702
718.529 0.686
719.278 0.749
720.041 0.763
720.761 0.72
721.513 0.752
722.248 0.735
722.974 0.726
723.717 0.743
724.475 0.758
725.253 0.778
726.036 0.783
726.847 0.811
727.668 0.821
728.437 0.769
729.214 0.777
730.009 0.795
730.757 0.748
731.492 0.735
732.198 0.706
732.868 0.67
733.511 0.643
734.145 0.634
734.78 0.635
735.419 0.639
736.059 0.64
736.72 0.661
737.403 0.683
738.076 0.673
738.754 0.678
739.427 0.673
740.122 0.695
740.856 0.734
741.594 0.738
742.263 0.669
742.904 0.641
743.559 0.655
744.263 0.704
745.032 0.769
745.84 0.808
746.64 0.8
747.453 0.813
748.24 0.787
749.015 0.775
749.762 0.747
750.507 0.745
751.216 0.709
751.937 0.721
752.669 0.732
753.383 0.714
754.114 0.731
754.841 0.727
755.584 0.743
756.32 0.736
757.021 0.701
757.724 0.703
758.385 0.661
759.001 0.616
759.595 0.594
760.201 0.606
760.839 0.638
761.545 0.706
762.313 0.768
763.084 0.771
763.841 0.757
764.576 0.735
765.27 0.694
765.937 0.667
766.578 0.641
767.224 0.646
767.865 0.641
768.489 0.624
769.134 0.645
769.8 0.666
770.506 0.706
771.219 0.713
771.957 0.738
772.707 0.75
773.507 0.8
774.319 0.812
775.104 0.785
775.886 0.782
776.681 0.795
777.445 0.764
778.215 0.77
779.001 0.786
779.802 0.801
780.535 0.733
781.315 0.78
782.094 0.779
782.869 0.775
783.607 0.738
784.377 0.77
785.138 0.761
785.873 0.735
786.598 0.725
787.349 0.751
788.127 0.778
788.854 0.727
789.614 0.76
790.354 0.74
791.12 0.766
791.851 0.731
792.636 0.785
793.446 0.81
794.258 0.812
795.061 0.803
795.888 0.827
796.723 0.835
797.536 0.813
798.339 0.803
799.125 0.786
799.859 0.734
800.534 0.675
801.248 0.714
801.984 0.736
802.766 0.782
803.541 0.775
804.383 0.842
805.207 0.824
805.969 0.762
806.74 0.771
807.492 0.752
808.22 0.728
808.948 0.728
809.633 0.685
810.326 0.693
811.021 0.695
811.734 0.713
812.493 0.759
813.23 0.737
814.001 0.771
814.782 0.781
815.541 0.759
816.315 0.774
817.114 0.799
817.9 0.786
818.653 0.753
819.392 0.739
820.102 0.71
820.84 0.738
821.582 0.742
822.309 0.727
823.094 0.785
823.899 0.805
824.732 0.833
825.572 0.84
826.374 0.802
827.151 0.777
827.883 0.732
828.618 0.735
829.387 0.769
830.18 0.793
831.01 0.83
831.857 0.847
832.708 0.851
833.486 0.778
834.275 0.789
835.024 0.749
835.77 0.746
836.518 0.748
837.227 0.709
838.034 0.807
838.902 0.868
839.74 0.838
840.588 0.848
841.424 0.836
842.23 0.806
843.025 0.795
843.811 0.786
844.58 0.769
845.302 0.722
846.048 0.746
846.784 0.736
847.547 0.763
848.332 0.785
849.154 0.822
849.922 0.768
850.71 0.788
851.485 0.775
852.275 0.79
853.068 0.793
853.816 0.748
854.605 0.789
855.406 0.801
856.219 0.813
857.031 0.812
857.804 0.773
858.596 0.792
859.411 0.815
860.24 0.829
861.043 0.803
861.846 0.803
862.651 0.805
863.455 0.804
864.221 0.766
865.018 0.797
865.85 0.832
866.699 0.849
867.472 0.773
868.247 0.775
869.025 0.778
869.764 0.739
870.472 0.708
871.244 0.772
872.044 0.8
872.879 0.835
873.693 0.814
874.518 0.825
875.357 0.839
876.163 0.806
876.906 0.743
877.663 0.757
878.421 0.758
879.189 0.768
879.952 0.763
880.736 0.784
881.535 0.799
882.374 0.839
883.189 0.815
883.989 0.8
884.822 0.833
885.641 0.819
886.363 0.722
887.092 0.729
887.831 0.739
888.605 0.774
889.39 0.785
890.157 0.767
890.962 0.805
891.769 0.807
892.494 0.725
893.254 0.76
894.025 0.771
894.785 0.76
895.529 0.744
896.242 0.713
896.967 0.725
897.722 0.755
898.428 0.706
899.17 0.742
899.903 0.733
900.698 0.795
901.489 0.791
902.197 0.708
902.926 0.729
903.624 0.698
904.288 0.664
904.938 0.65
905.589 0.651
906.366 0.777
907.174 0.808
907.974 0.8
908.728 0.754
909.519 0.791
910.348 0.829
911.145 0.797
911.935 0.79
912.724 0.789
913.547 0.823
914.346 0.799
915.083 0.737
915.871 0.788
916.74 0.869
917.651 0.911
918.486 0.835
919.326 0.84
920.142 0.816
920.964 0.822
921.759 0.795
922.519 0.76
923.315 0.796
924.159 0.844
924.99 0.831
925.827 0.837
926.67 0.843
927.486 0.816
928.244 0.758
929.012 0.768
929.797 0.785
930.552 0.755
931.338 0.786
932.119 0.781
932.876 0.757
933.629 0.753
934.402 0.773
935.185 0.783
935.949 0.764
936.756 0.807
937.574 0.818
938.402 0.828
939.177 0.775
939.966 0.789
940.756 0.79
941.506 0.75
942.292 0.786
943.104 0.812
943.887 0.783
944.667 0.78
945.495 0.828
946.314 0.819
947.112 0.798
947.905 0.793
948.697 0.792
949.519 0.822
950.35 0.831
951.116 0.766
951.916 0.8
952.742 0.826
953.536 0.794
954.352 0.816
955.186 0.834
956.007 0.821
956.781 0.774
957.558 0.777
958.359 0.801
959.117 0.758
959.795 0.678
960.433 0.638
961.084 0.651
961.783 0.699
962.523 0.74
963.297 0.774
964.077 0.78
964.866 0.789
965.647 0.781
966.409 0.762
967.16 0.751
967.896 0.736
968.638 0.742
969.38 0.742
970.084 0.704
970.815 0.731
971.563 0.748
972.369 0.806
973.179 0.81
973.967 0.788
974.771 0.804
975.592 0.821
976.39 0.798
977.158 0.768
977.936 0.778
978.712 0.776
979.51 0.798
980.304 0.794
981.082 0.778
981.866 0.784
982.652 0.786
983.428 0.776
984.192 0.764
984.974 0.782
985.765 0.791
986.556 0.791
987.289 0.733
988.043 0.754
988.825 0.782
989.661 0.836
990.489 0.828
991.28 0.791
992.116 0.836
992.929 0.813
993.758 0.829
994.548 0.79
995.334 0.786
996.147 0.813
996.938 0.791
997.716 0.778
998.513 0.797
999.304 0.791
1000.101 0.797
1000.883 0.782
1001.631 0.748
1002.387 0.756
1003.087 0.7
1003.779 0.692
1004.493 0.714
1005.306 0.813
1006.107 0.801
1006.906 0.799
1007.698 0.792
1008.453 0.755
1009.171 0.718
1009.835 0.664
1010.457 0.622
1011.063 0.606
1011.652 0.589
1012.229 0.577
1012.807 0.578
1013.401 0.594
1014.039 0.638
1014.655 0.616
1015.29 0.635
1015.954 0.664
1016.643 0.689
1017.351 0.708
1018.054 0.703
1018.736 0.682
1019.448 0.712
1020.18 0.732
1020.872 0.692
1021.525 0.653
1022.15 0.625
1022.739 0.589
1023.343 0.604
1023.951 0.608
1024.565 0.614
1025.199 0.634
1025.902 0.703
1026.934 1.032
1027.966 1.032
1028.949 0.983
1029.895 0.946
1030.809 0.914
1031.711 0.902
1032.572 0.861
1033.354 0.782
1034.074 0.72
1034.735 0.661
1035.357 0.622
1035.971 0.614
1036.57 0.599
1037.145 0.575
1037.729 0.584
1038.318 0.589
1038.94 0.622
1039.59 0.65
1040.307 0.717
1041.075 0.768
1041.864 0.789
1042.691 0.827
1043.536 0.845
1044.367 0.831
1045.153 0.786
1045.95 0.797
1046.748 0.798
1047.533 0.785
1048.296 0.763
1049.053 0.757
1049.876 0.823
1050.694 0.818
1051.505 0.811
1052.362 0.857
1053.233 0.871
1054.107 0.874
1054.997 0.89
1055.84 0.843
1056.635 0.795
1057.468 0.833
1058.35 0.882
1059.235 0.885
1060.103 0.868
1061.011 0.908
1061.923 0.912
1062.831 0.908
1063.718 0.887
1064.579 0.861
1065.442 0.863
1066.323 0.881
1067.156 0.833
1068.008 0.852
1068.905 0.897
1069.825 0.92
1070.719 0.894
1071.627 0.908
1072.54 0.913
1073.388 0.848
1074.207 0.819
1075.038 0.831
1075.929 0.891
1076.745 0.816
1077.481 0.736
1078.171 0.69
1078.854 0.683
1079.928 1.074
1080.942 1.014
1081.943 1.001
1082.928 0.985
1083.891 0.963
1084.807 0.916
1085.651 0.844
1086.492 0.841
1087.33 0.838
1088.142 0.812
1088.87 0.728
1089.609 0.739
1090.342 0.733
1091.111 0.769
1091.903 0.792
1092.791 0.888
1093.687 0.896
1094.565 0.878
1095.419 0.854
1096.267 0.848
1097.135 0.868
1097.95 0.815
1098.791 0.841
1099.641 0.85
1100.446 0.805
1101.266 0.82
1102.108 0.842
1102.976 0.868
1103.863 0.887
1104.756 0.893
1105.628 0.872
1106.473 0.845
1107.296 0.823
1108.127 0.831
1108.989 0.862
1109.892 0.903
1110.813 0.921
1111.701 0.888
1112.582 0.881
1113.461 0.879
1114.36 0.899
1115.261 0.901
1116.125 0.864
1116.984 0.859
1117.832 0.848
1118.59 0.758
1119.338 0.748
1120.132 0.794
1121.007 0.875
1121.889 0.882
1122.792 0.903
1123.709 0.917
1124.634 0.925
1125.483 0.849
1126.304 0.821
1127.078 0.774
1127.841 0.763
1128.664 0.823
1129.435 0.771
1130.17 0.735
1130.873 0.703
1131.53 0.657
1132.186 0.656
1132.923 0.737
1133.777 0.854
1134.67 0.893
1135.483 0.813
1136.295 0.812
1137.079 0.784
1137.764 0.685
1138.396 0.632
1139.022 0.626
1139.734 0.712
1140.658 0.924
1141.662 1.004
1142.653 0.991
1143.599 0.946
1144.475 0.876
1145.358 0.883
1146.216 0.858
1147.034 0.818
1147.774 0.74
1148.513 0.739
1149.257 0.744
1150.032 0.775
1150.794 0.762
1151.559 0.765
1152.351 0.792
1153.17 0.819
1153.962 0.792
1154.792 0.83
1155.639 0.847
1156.472 0.833
1157.281 0.809
1158.087 0.806
1158.868 0.781
1159.623 0.755
1160.337 0.714
1161.069 0.732
1161.844 0.775
1162.752 0.908
1163.704 0.952
1164.599 0.895
1165.502 0.903
1166.399 0.897
1167.3 0.901
1168.187 0.887
1169.056 0.869
1169.908 0.852
1170.751 0.843
1171.592 0.841
1172.427 0.835
1173.214 0.787
1173.976 0.762
1174.781 0.805
1175.642 0.861
1176.539 0.897
1177.42 0.881
1178.276 0.856
1179.124 0.848
1179.972 0.848
1180.809 0.837
1181.597 0.788
1182.403 0.806
1183.166 0.763
1183.923 0.757
1184.645 0.722
1185.379 0.734
1186.142 0.763
1186.93 0.788
1187.675 0.745
1188.409 0.734
1189.118 0.709
1189.857 0.739
1190.588 0.731
1191.278 0.69
1191.997 0.719
1192.722 0.725
1193.465 0.743
1194.216 0.751
1194.971 0.755
1195.729 0.758
1196.493 0.764
1197.255 0.762
1197.995 0.74
1198.695 0.7
1199.378 0.683
1200.097 0.719
1200.841 0.744
1201.537 0.696
1202.205 0.668
1202.916 0.711
1203.636 0.72
1204.363 0.727
1205.119 0.756
1205.879 0.76
1206.591 0.712
1207.289 0.698
1207.996 0.707
1208.715 0.719
1209.414 0.699
1210.119 0.705
1210.871 0.752
1211.647 0.776
1212.448 0.801
1213.228 0.78
1214.03 0.802
1214.8 0.77
1215.581 0.781
1216.354 0.773
1217.114 0.76
1217.854 0.74
1218.582 0.728
1219.294 0.712
1220.045 0.751
1220.816 0.771
1221.564 0.748
1222.345 0.781
1223.111 0.766
1223.881 0.77
1224.636 0.755
1225.375 0.739
1226.062 0.687
1226.729 0.667
1227.371 0.642
1228.008 0.637
1228.653 0.645
1229.324 0.671
1230.038 0.714
1230.76 0.722
1231.535 0.775
1232.317 0.782
1233.063 0.746
1233.819 0.756
1234.51 0.691
1235.166 0.656
1235.797 0.631
1236.444 0.647
1237.25 0.806
1238.15 0.9
1239.036 0.886
1239.831 0.795
1240.625 0.794
1241.405 0.78
1242.114 0.709
1242.756 0.642
1243.359 0.603
1243.954 0.595
1244.569 0.615
1245.247 0.678
1246.04 0.793
1246.88 0.84
1247.716 0.836
1248.543 0.827
1249.298 0.755
1250.013 0.715
1250.681 0.668
1251.326 0.645
1251.966 0.64
1252.609 0.643
1253.255 0.646
1253.884 0.629
1254.501 0.617
1255.146 0.645
1255.863 0.717
1256.671 0.808
1257.519 0.848
1258.359 0.84
1259.172 0.813
1259.984 0.812
1260.776 0.792
1261.518 0.742
1262.227 0.709
1262.947 0.72
1263.725 0.778
1264.412 0.687
1265.072 0.66
1265.759 0.687
1266.486 0.727
1267.305 0.819
1268.299 0.994
1269.258 0.959
1270.218 0.96
1271.17 0.952
1272.074 0.904
1272.869 0.795
1273.61 0.741
1274.308 0.698
1274.989 0.681
1275.682 0.693
1276.369 0.687
1277.068 0.699
1277.784 0.716
1278.497 0.713
1279.182 0.685
1279.846 0.664
1280.502 0.656
1281.17 0.668
1281.953 0.783
1282.878 0.925
1283.864 0.986
1284.851 0.987
1285.831 0.98
1286.777 0.946
1287.674 0.897
1288.505 0.831
1289.279 0.774
1289.976 0.697
1290.626 0.65
1291.242 0.616
1291.882 0.64
1292.508 0.626
1293.169 0.661
1293.893 0.724
1294.694 0.801
1295.756 1.062
1296.776 1.02
1297.768 0.992
1298.706 0.938
1299.59 0.884
1300.418 0.828
1301.17 0.752
1301.878 0.708
1302.555 0.677
1303.192 0.637
1303.794 0.602
1304.405 0.611
1305.001 0.596
1305.587 0.586
1306.188 0.601
1306.945 0.757
1307.697 0.752
1308.438 0.741
1309.179 0.741
1309.926 0.747
1310.658 0.732
1311.376 0.718
1312.07 0.694
1312.718 0.648
1313.337 0.619
1313.945 0.608
1314.589 0.644
1315.461 0.872
1316.373 0.912
1317.248 0.875
1318.117 0.869
1318.948 0.831
1319.742 0.794
1320.464 0.722
1321.131 0.667
1321.771 0.64
1322.41 0.639
1323.139 0.729
1324.011 0.872
1324.927 0.916
1325.796 0.869
1326.632 0.836
1327.431 0.799
1328.164 0.733
1328.835 0.671
1329.455 0.62
1330.058 0.603
1330.659 0.601
1331.305 0.646
1332.06 0.755
1332.856 0.796
1333.668 0.812
1334.474 0.806
1335.248 0.774
1335.949 0.701
1336.626 0.677
1337.283 0.657
1337.958 0.675
1338.627 0.669
1339.278 0.651
1339.907 0.629
1340.516 0.609
1341.113 0.597
1341.72 0.607
1342.357 0.637
1343.022 0.665
1343.662 0.64
1344.289 0.627
1344.944 0.655
1345.654 0.71
1346.467 0.813
1347.343 0.876
1348.186 0.843
1348.991 0.805
1349.76 0.769
1350.456 0.696
1351.105 0.649
1351.755 0.65
1352.446 0.691
1353.325 0.879
1354.226 0.901
1355.085 0.859
1355.914 0.829
1356.687 0.773
1357.392 0.705
1358.094 0.702
1358.783 0.689
1359.461 0.678
1360.149 0.688
1360.842 0.693
1361.539 0.697
1362.209 0.67
1362.868 0.659
1363.537 0.669
1364.243 0.706
1364.988 0.745
1365.746 0.758
1366.504 0.758
1367.214 0.71
1367.892 0.678
1368.562 0.67
1369.229 0.667
1369.935 0.706
1370.697 0.762
1371.46 0.763
1372.218 0.758
1372.985 0.767
1373.746 0.761
1374.463 0.717
1375.125 0.662
1375.752 0.627
1376.368 0.616
1376.977 0.609
1377.608 0.631
1378.316 0.708
1379.149 0.833
1380.025 0.876
1380.892 0.867
1381.715 0.823
1382.493 0.778
1383.226 0.733
1383.907 0.681
1384.542 0.635
1385.15 0.608
1385.754 0.604
1386.369 0.615
1387.07 0.701
1387.9 0.83
1388.739 0.839
1389.537 0.798
1390.265 0.728
1390.967 0.702
1391.65 0.683
1392.313 0.663
1392.955 0.642
1393.589 0.634
1394.204 0.615
1394.807 0.603
1395.419 0.612
1396.031 0.612
1396.659 0.628
1397.302 0.643
1397.958 0.656
1398.614 0.656
1399.289 0.675
1399.94 0.651
1400.591 0.651
1401.224 0.633
1401.828 0.604
1402.424 0.596
1403.016 0.592
1403.619 0.603
1404.256 0.637
1405.025 0.769
1405.837 0.812
1406.623 0.786
1407.363 0.74
1408.058 0.695
1408.71 0.652
1409.326 0.616
1409.93 0.604
1410.55 0.62
1411.248 0.698
1411.984 0.736
1412.748 0.764
1413.502 0.754
1414.216 0.714
1414.913 0.697
1415.574 0.661
1416.223 0.649
1416.862 0.639
1417.493 0.631
1418.122 0.629
1418.741 0.619
1419.349 0.608
1419.962 0.613
1420.576 0.614
1421.212 0.636
1421.908 0.696
1422.634 0.726
1423.352 0.718
1424.024 0.672
1424.663 0.639
1425.291 0.628
1425.939 0.648
1426.63 0.691
1427.392 0.762
1428.185 0.793
1428.987 0.802
1429.767 0.78
1430.465 0.698
1431.126 0.661
1431.76 0.634
1432.374 0.614
1432.97 0.596
1433.561 0.591
1434.16 0.599
1434.76 0.6
1435.368 0.608
1436.009 0.641
1436.668 0.659
1437.402 0.734
1438.166 0.764
1438.898 0.732
1439.638 0.74
1440.412 0.774
1441.198 0.786
1441.984 0.786
1442.726 0.742
1443.405 0.679
1444.047 0.642
1444.695 0.648
1445.416 0.721
1446.394 0.978
1447.329 0.935
1448.252 0.923
1449.138 0.886
1449.954 0.816
1450.754 0.8
1451.51 0.756
1452.224 0.714
1452.903 0.679
1453.54 0.637
1454.178 0.638
1454.828 0.65
1455.535 0.707
1456.307 0.772
1457.073 0.766
1457.825 0.752
1458.551 0.726
1459.22 0.669
1459.849 0.629
1460.468 0.619
1461.095 0.627
1461.835 0.74
1462.654 0.819
1463.518 0.864
1464.345 0.827
1465.129 0.784
1465.877 0.748
1466.59 0.713
1467.277 0.687
1467.933 0.656
1468.552 0.619
1469.156 0.604
1469.757 0.601
1470.359 0.602
1470.979 0.62
1471.635 0.656
1472.319 0.684
1472.999 0.68
1473.67 0.671
1474.321 0.651
1474.94 0.619
1475.561 0.621
1476.19 0.629
1476.851 0.661
1477.545 0.694
1478.258 0.713
1478.975 0.717
1479.694 0.719
1480.405 0.711
1481.139 0.734
1481.881 0.742
1482.613 0.732
1483.328 0.715
1484.012 0.684
1484.654 0.642
1485.273 0.619
1485.881 0.608
1486.492 0.611
1487.111 0.619
1487.752 0.641
1488.374 0.622
1489.004 0.63
1489.694 0.69
1490.481 0.787
1491.349 0.868
1492.22 0.871
1493.053 0.833
1493.822 0.769
1494.573 0.751
1495.296 0.723
1496.009 0.713
1496.719 0.71
1497.426 0.707
1498.108 0.682
1498.749 0.641
1499.383 0.634
1500.007 0.624
1500.632 0.625
1501.286 0.654
1501.969 0.683
1502.624 0.655
1503.268 0.644
1503.93 0.662
1504.63 0.7
1505.398 0.768
1506.18 0.782
1506.931 0.751
1507.669 0.738
1508.386 0.717
1509.079 0.693
1509.76 0.681
1510.409 0.649
1511.06 0.651
1511.716 0.656
1512.382 0.666
1513.058 0.676
1513.76 0.702
1514.484 0.724
1515.2 0.716
1515.899 0.699
1516.602 0.703
1517.289 0.687
1517.95 0.661
1518.577 0.627
1519.193 0.616
1519.832 0.639
1520.636 0.804
1521.551 0.915
1522.466 0.915
1523.377 0.911
1524.242 0.865
1525.065 0.823
1532.73 0.755
1533.405 0.675
1534.088 0.683
1534.765 0.677
1535.42 0.655
1536.09 0.67
1536.773 0.683
1537.492 0.719
1538.234 0.742
1538.99 0.756
1539.709 0.719
1540.386 0.677
1541.044 0.658
1541.714 0.67
1542.362 0.648
1542.989 0.627
1543.602 0.613
1544.216 0.614
1544.83 0.614
1545.443 0.613
1546.061 0.618
1546.677 0.616
1547.285 0.608
1547.897 0.612
1548.504 0.607
1549.111 0.607
1549.724 0.613
1550.349 0.625
1551.014 0.665
1551.686 0.672
1552.387 0.701
1553.126 0.739
1553.932 0.806
1554.758 0.826
1555.582 0.824
1556.379 0.797
1557.171 0.792
1557.988 0.817
1558.816 0.828
1559.631 0.815