0.000 0.711
0.711 0.711
1.391 0.68
2.084 0.693
2.786 0.702
3.435 0.649
4.11 0.675
4.758 0.648
5.398 0.64
6.023 0.625
6.658 0.635
7.308 0.65
7.971 0.663
8.625 0.654
9.291 0.666
9.972 0.681
10.647 0.675
11.325 0.678
17.999 6.674
18.65 0.651
19.287 0.637
19.935 0.648
20.581 0.646
21.211 0.63
21.858 0.647
22.493 0.635
23.119 0.626
23.732 0.613
24.364 0.632
25.022 0.658
25.712 0.69
26.441 0.729
27.129 0.688
27.767 0.638
28.454 0.687
29.122 0.668
29.787 0.665
30.459 0.672
31.171 0.712
31.921 0.75
32.669 0.748
33.447 0.778
34.19 0.743
34.904 0.714
35.609 0.705
36.333 0.724
37.058 0.725
37.788 0.73
38.521 0.733
39.276 0.755
40.053 0.777
40.86 0.807
41.653 0.793
42.47 0.817
43.31 0.84
44.166 0.856
44.974 0.808
45.814 0.84
46.691 0.877
47.575 0.884
48.391 0.816
49.233 0.842
50.11 0.877
50.993 0.883
51.875 0.882
52.703 0.828
53.567 0.864
54.427 0.86
55.285 0.858
56.087 0.802
56.922 0.835
57.759 0.837
58.546 0.787
59.351 0.805
60.141 0.79
60.888 0.747
61.599 0.711
62.267 0.668
62.921 0.654
63.59 0.669
64.287 0.697
65.051 0.764
65.804 0.753
66.6 0.796
67.44 0.84
68.28 0.84
69.082 0.802
69.922 0.84
70.803 0.881
71.628 0.825
72.461 0.833
73.32 0.859
74.176 0.856
74.992 0.816
75.887 0.895
76.792 0.905
77.625 0.833
78.493 0.868
79.4 0.907
80.249 0.849
81.136 0.887
82.08 0.944
82.959 0.879
83.839 0.88
84.743 0.904
85.592 0.849
86.433 0.841
87.311 0.878
88.216 0.905
89.053 0.837
89.918 0.865
90.808 0.89
91.676 0.868
92.542 0.866
93.467 0.925
94.413 0.946
95.27 0.857
96.165 0.895
97.095 0.93
97.984 0.889
98.855 0.871
99.754 0.899
100.632 0.878
101.465 0.833
102.354 0.889
103.282 0.928
104.169 0.887
105.035 0.866
105.948 0.913
106.876 0.928
107.72 0.844
108.58 0.86
109.455 0.875
110.325 0.87
111.144 0.819
111.994 0.85
112.816 0.822
113.585 0.769
114.311 0.726
115.012 0.701
115.741 0.729
116.514 0.773
117.329 0.815
118.115 0.786
118.949 0.834
119.822 0.873
120.708 0.886
121.534 0.826
122.367 0.833
123.21 0.843
124.032 0.822
124.821 0.789
125.683 0.862
126.609 0.926
127.513 0.904
128.418 0.905
129.368 0.95
130.335 0.967
131.204 0.869
132.088 0.884
132.994 0.906
133.9 0.906
134.74 0.84
135.613 0.873
136.52 0.907
137.441 0.921
138.3 0.859
139.213 0.913
140.17 0.957
141.103 0.933
141.991 0.888
142.896 0.905
143.81 0.914
144.677 0.867
145.528 0.851
146.39 0.862
147.27 0.88
148.137 0.867
148.941 0.804
149.759 0.818
150.6 0.841
151.464 0.864
152.293 0.829
153.132 0.839
154.02 0.888
154.935 0.915
155.787 0.852
156.662 0.875
157.556 0.894
158.424 0.868
159.226 0.802
160.051 0.825
160.885 0.834
161.687 0.802
162.482 0.795
163.308 0.826
164.149 0.841
165.011 0.862
165.817 0.806
166.625 0.808
167.477 0.852
168.327 0.85
169.141 0.814
169.952 0.811
170.773 0.821
171.612 0.839
172.399 0.787
173.22 0.821
174.082 0.862
174.934 0.852
175.777 0.843
176.647 0.87
177.527 0.88
178.344 0.817
179.172 0.828
180.015 0.843
180.834 0.819
181.628 0.794
182.452 0.824
183.285 0.833
184.062 0.777
184.857 0.795
185.669 0.812
186.476 0.807
187.264 0.788
188.074 0.81
188.895 0.821
189.703 0.808
190.484 0.781
191.271 0.787
192.062 0.791
192.864 0.802
193.63 0.766
194.409 0.779
195.183 0.774
195.926 0.743
196.642 0.716
197.338 0.696
198.052 0.714
198.776 0.724
199.523 0.747
200.251 0.728
200.999 0.748
201.766 0.767
202.556 0.79
203.312 0.756
204.076 0.764
204.852 0.776
205.64 0.788
206.406 0.766
207.16 0.754
207.923 0.763
208.689 0.766
209.438 0.749
210.192 0.754
210.971 0.779
211.767 0.796
212.542 0.775
213.322 0.78
214.113 0.791
214.914 0.801
215.681 0.767
216.455 0.774
217.246 0.791
218.056 0.81
218.836 0.78
219.619 0.783
220.412 0.793
221.205 0.793
221.961 0.756
222.718 0.757
223.488 0.77
224.269 0.781
225.027 0.758
225.801 0.774
226.604 0.803
227.413 0.809
228.187 0.774
228.976 0.789
229.774 0.798
230.564 0.79
231.331 0.767
232.125 0.794
232.932 0.807
233.72 0.788
234.501 0.781
235.303 0.802
236.12 0.817
236.892 0.772
237.654 0.762
238.424 0.77
239.188 0.764
239.933 0.745
240.683 0.75
241.444 0.761
242.214 0.77
242.959 0.745
243.725 0.766
244.513 0.788
245.317 0.804
246.094 0.777
246.882 0.788
247.672 0.79
248.453 0.781
249.222 0.769
250.0 0.778
250.783 0.783
251.551 0.768
252.306 0.755
253.067 0.761
253.824 0.757
254.582 0.758
255.32 0.738
256.059 0.739
256.799 0.74
257.54 0.741
258.267 0.727
258.991 0.724
259.725 0.734
260.471 0.746
261.222 0.751
261.988 0.766
262.773 0.785
263.573 0.8
264.333 0.76
265.114 0.781
265.905 0.791
266.699 0.794
267.456 0.757
268.226 0.77
269.004 0.778
269.806 0.802
270.583 0.777
271.349 0.766
272.136 0.787
272.94 0.804
273.723 0.783
274.496 0.773
275.278 0.782
276.065 0.787
276.819 0.754
277.575 0.756
278.334 0.759
279.1 0.766
279.841 0.741
280.603 0.762
281.366 0.763
282.119 0.753
282.861 0.742
283.616 0.755
284.39 0.774
285.167 0.777
285.91 0.743
286.667 0.757
287.434 0.767
288.213 0.779
288.963 0.75
289.734 0.771
290.517 0.783
291.301 0.784
292.059 0.758
292.837 0.778
293.622 0.785
294.396 0.774
295.164 0.768
295.943 0.779
296.738 0.795
297.512 0.774
298.289 0.777
299.076 0.787
299.877 0.801
300.653 0.776
301.425 0.772
302.206 0.781
302.98 0.774
303.726 0.746
304.49 0.764
305.25 0.76
306.012 0.762
306.756 0.744
307.506 0.75
308.27 0.764
309.054 0.784
309.83 0.776
310.561 0.731
311.278 0.717
311.971 0.693
312.686 0.715
313.434 0.748
314.14 0.706
314.839 0.699
315.56 0.721
316.304 0.744
317.047 0.743
317.769 0.722
318.474 0.705
319.158 0.684
319.848 0.69
320.542 0.694
321.247 0.705
321.942 0.695
322.639 0.697
323.354 0.715
324.093 0.739
324.86 0.767
325.604 0.744
326.372 0.768
327.166 0.794
327.997 0.831
328.781 0.784
329.587 0.806
330.394 0.807
331.204 0.81
331.963 0.759
332.735 0.772
333.501 0.766
334.263 0.762
335.008 0.745
335.769 0.761
336.551 0.782
337.312 0.761
338.036 0.724
338.376 0.34
338.768 0.392
339.494 0.726
340.197 0.703
340.905 0.708
341.61 0.705
342.297 0.687
342.969 0.672
343.634 0.665
344.291 0.657
344.948 0.657
345.607 0.659
346.278 0.671
346.949 0.671
347.604 0.655
348.268 0.664
348.939 0.671
349.62 0.681
350.294 0.674
350.964 0.67
351.647 0.683
352.351 0.704
353.074 0.723
353.802 0.728
354.537 0.735
355.298 0.761
356.065 0.767
356.825 0.76
357.589 0.764
358.344 0.755
359.095 0.751
359.846 0.751
360.563 0.717
361.278 0.715
361.994 0.716
362.728 0.734
363.483 0.755
364.227 0.744
364.983 0.756
365.705 0.722
366.426 0.721
367.136 0.71
367.845 0.709
368.563 0.718
369.303 0.74
370.043 0.74
370.808 0.765
371.587 0.779
372.349 0.762
373.124 0.775
373.898 0.774
374.663 0.765
375.407 0.744
376.114 0.707
376.801 0.687
377.464 0.663
378.114 0.65
378.756 0.642
379.387 0.631
380.011 0.624
380.622 0.611
381.237 0.615
381.852 0.615
382.457 0.605
383.081 0.624
383.718 0.637
384.351 0.633
385.016 0.665
385.718 0.702
386.447 0.729
387.215 0.768
387.998 0.783
388.735 0.737
389.479 0.744
390.217 0.738
390.947 0.73
391.656 0.709
392.332 0.676
392.996 0.664
393.658 0.662
394.344 0.686
395.049 0.705
395.76 0.711
396.473 0.713
397.147 0.674
397.826 0.679
398.483 0.657
399.147 0.664
399.813 0.666
400.525 0.712
401.256 0.731
401.985 0.729
402.749 0.764
403.527 0.778
404.268 0.741
405.021 0.753
405.78 0.759
406.53 0.75
407.277 0.747
408.047 0.77
408.84 0.793
409.61 0.77
410.369 0.759
411.136 0.767
411.902 0.766
412.663 0.761
413.417 0.754
414.205 0.788
415.008 0.803
415.763 0.755
416.55 0.787
417.346 0.796
418.093 0.747
418.891 0.798
419.713 0.822
420.486 0.773
421.276 0.79
422.082 0.806
422.882 0.8
423.645 0.763
424.466 0.821
425.31 0.844
426.101 0.791
426.967 0.866
427.841 0.874
428.661 0.82
429.509 0.848
430.319 0.81
431.069 0.75
431.774 0.705
432.457 0.683
433.154 0.697
433.852 0.698
434.525 0.673
435.202 0.677
435.916 0.714
436.711 0.795
437.511 0.8
438.284 0.773
439.119 0.835
439.965 0.846
440.78 0.815
441.665 0.885
442.554 0.889
443.368 0.814
444.222 0.854
445.171 0.949
445.995 0.824
446.869 0.874
447.743 0.874
448.547 0.804
449.446 0.899
450.374 0.928
451.17 0.796
452.005 0.835
452.887 0.882
453.753 0.866
454.632 0.879
455.434 0.802
456.29 0.856
457.188 0.898
458.083 0.895
458.895 0.812
459.735 0.84
460.618 0.883
461.4 0.782
462.207 0.807
463.051 0.844
463.887 0.836
464.668 0.781
465.528 0.86
466.376 0.848
467.17 0.794
468.014 0.844
468.866 0.852
469.693 0.827
470.565 0.872
471.453 0.888
472.281 0.828
473.067 0.786
473.898 0.831
474.697 0.799
475.533 0.836
476.386 0.853
477.179 0.793
478.056 0.877
479.005 0.949
479.828 0.823
480.677 0.849
481.618 0.941
482.472 0.854
483.335 0.863
484.259 0.924
485.109 0.85
485.964 0.855
486.814 0.85
487.616 0.802
488.405 0.789
489.253 0.848
490.209 0.956
491.072 0.863
491.969 0.897
492.914 0.945
493.787 0.873
494.654 0.867
495.58 0.926
496.443 0.863
497.274 0.831
498.163 0.889
499.057 0.894
499.863 0.806
500.722 0.859
501.599 0.877
502.42 0.821
503.269 0.849
504.176 0.907
505.031 0.855
505.851 0.82
506.728 0.877
507.606 0.878
508.412 0.806
509.26 0.848
510.161 0.901
511.018 0.857
511.947 0.929
512.904 0.957
513.772 0.868
514.647 0.875
515.559 0.912
516.417 0.858
517.26 0.843
518.115 0.855
519.014 0.899
519.826 0.812
520.609 0.783
521.464 0.855
522.403 0.939
523.358 0.955
524.204 0.846
525.096 0.892
526.06 0.964
526.912 0.852
527.742 0.83
528.643 0.901
529.552 0.909
530.389 0.837
531.289 0.9
532.205 0.916
533.041 0.836
533.947 0.906
534.911 0.964
535.766 0.855
536.676 0.91
537.623 0.947
538.448 0.825
539.33 0.882
540.251 0.921
541.122 0.871
541.986 0.864
542.854 0.868
543.674 0.82
544.528 0.854
545.389 0.861
546.237 0.848
547.135 0.898
548.039 0.904
548.888 0.849
549.771 0.883
550.622 0.851
551.428 0.806
552.252 0.824
553.146 0.894
554.046 0.9
554.861 0.815
555.747 0.886
556.664 0.917
557.502 0.838
558.383 0.881
559.291 0.908
560.123 0.832
560.916 0.793
561.765 0.849
562.621 0.856
563.451 0.83
564.39 0.939
565.354 0.964
566.212 0.858
567.099 0.887
567.995 0.896
568.8 0.805
569.587 0.787
570.408 0.821
571.295 0.887
572.207 0.912
573.058 0.851
573.939 0.881
574.85 0.911
575.719 0.869
576.63 0.911
577.53 0.9
578.365 0.835
579.28 0.915
580.239 0.959
581.122 0.883
581.952 0.83
582.797 0.845
583.627 0.83
584.387 0.76
585.106 0.719
585.832 0.726
586.619 0.787
587.459 0.84
588.277 0.818
589.063 0.786
589.892 0.829
590.714 0.822
591.538 0.824
592.442 0.904
593.291 0.849
594.154 0.863
595.058 0.904
595.894 0.836
596.711 0.817
597.602 0.891
598.487 0.885
599.315 0.828
600.211 0.896
601.167 0.956
602.059 0.892
602.895 0.836
603.787 0.892
604.711 0.924
605.546 0.835
606.386 0.84
607.25 0.864
608.058 0.808
608.881 0.823
609.75 0.869
610.604 0.854
611.433 0.829
612.312 0.879
613.201 0.889
614.003 0.802
614.849 0.846
615.708 0.859
616.504 0.796
617.32 0.816
618.186 0.866
619.061 0.875
619.902 0.841
620.782 0.88
621.635 0.853
622.46 0.825
623.337 0.877
624.165 0.828
624.977 0.812
625.836 0.859
626.718 0.882
627.527 0.809
628.388 0.861
629.271 0.883
630.077 0.806
630.927 0.85
631.85 0.923
632.68 0.83
633.527 0.847
634.468 0.941
635.369 0.901
636.196 0.827
637.068 0.872
637.955 0.887
638.765 0.81
639.601 0.836
640.485 0.884
641.351 0.866
642.217 0.866
643.106 0.889
643.981 0.875
644.806 0.825
645.689 0.883
646.56 0.871
647.367 0.807
648.245 0.878
649.166 0.921
650.012 0.846
650.897 0.885
651.823 0.926
652.658 0.835
653.516 0.858
654.423 0.907
655.302 0.879
656.123 0.821
657.008 0.885
657.94 0.932
658.769 0.829
659.604 0.835
660.467 0.863
661.336 0.869
662.162 0.826
663.017 0.855
663.89 0.873
664.729 0.839
665.595 0.866
666.469 0.874
667.272 0.803
668.115 0.843
668.972 0.857
669.805 0.833
670.675 0.87
671.592 0.917
672.456 0.864
673.313 0.857
674.204 0.891
675.071 0.867
675.868 0.797
676.711 0.843
677.587 0.876
678.484 0.897
679.332 0.848
680.207 0.875
681.116 0.909
681.957 0.841
682.836 0.879
683.766 0.93
684.667 0.901
685.503 0.836
686.356 0.853
687.235 0.879
688.04 0.805
688.855 0.815
689.706 0.851
690.557 0.851
691.352 0.795
692.19 0.838
693.054 0.864
693.924 0.87
694.753 0.829
695.613 0.86
696.478 0.865
697.309 0.831
698.136 0.827
699.02 0.884
699.892 0.872
700.753 0.861
701.614 0.861
702.444 0.83
703.206 0.762
703.989 0.783
704.792 0.803
705.562 0.77
706.318 0.756
707.071 0.753
707.821 0.75
708.545 0.724
709.26 0.715
709.996 0.736
710.739 0.743
711.479 0.74
712.209 0.73
712.947 0.738
713.694 0.747
714.452 0.758
715.175 0.723
715.903 0.728
716.646 0.743
717.41 0.764
718.17 0.76
718.91 0.74
719.676 0.766
720.463 0.787
721.278 0.815
722.042 0.764
722.813 0.771
723.584 0.771
724.356 0.772
725.141 0.785
725.954 0.813
726.761 0.807
727.503 0.742
728.248 0.745
729.01 0.762
729.783 0.773
730.547 0.764
731.265 0.718
731.971 0.706
732.67 0.699
733.347 0.677
734.031 0.684
734.712 0.681
735.399 0.687
736.091 0.692
736.781 0.69
737.475 0.694
738.139 0.664
738.812 0.673
739.483 0.671
740.132 0.649
740.761 0.629
741.389 0.628
742.007 0.618
742.604 0.597
743.197 0.593
743.785 0.588
744.365 0.58
744.937 0.572
745.515 0.578
746.127 0.612
746.784 0.657
747.509 0.725
748.32 0.811
749.177 0.857
750.027 0.85
750.986 0.959
751.958 0.972
752.892 0.934
753.841 0.949
754.782 0.941
755.609 0.827
756.459 0.85
757.328 0.869
758.178 0.85
759.1 0.922
760.027 0.927
760.922 0.895
761.867 0.945
762.817 0.95
763.703 0.886
764.642 0.939
765.589 0.947
766.503 0.914
767.446 0.943
768.336 0.89
769.204 0.868
770.084 0.88
771.003 0.919
771.873 0.87
772.771 0.898
773.676 0.905
774.552 0.876
775.454 0.902
776.369 0.915
777.239 0.87
778.129 0.89
779.005 0.876
779.896 0.891
780.821 0.925
781.699 0.878
782.582 0.883
783.495 0.913
784.379 0.884
785.283 0.904
786.179 0.896
787.051 0.872
787.958 0.907
788.836 0.878
789.678 0.842
790.582 0.904
791.472 0.89
792.343 0.871
793.133 0.79
793.939 0.806
794.752 0.813
795.588 0.836
796.428 0.84
797.255 0.827
798.096 0.841
798.95 0.854
799.772 0.822
800.635 0.863
801.516 0.881
802.368 0.852
803.232 0.864
804.032 0.8
804.779 0.747
805.526 0.747
806.282 0.756
807.066 0.784
807.882 0.816
808.649 0.767
809.442 0.793
810.297 0.855
811.166 0.869
811.966 0.8
812.797 0.831
813.671 0.874
814.519 0.848
815.387 0.868
816.251 0.864
817.078 0.827
817.93 0.852
818.808 0.878
819.639 0.831
820.493 0.854
821.367 0.874
822.21 0.843
823.077 0.867
823.915 0.838
824.767 0.852
825.652 0.885
826.477 0.825
827.307 0.83
828.166 0.859
828.987 0.821
829.827 0.84
830.708 0.881
831.533 0.825
832.357 0.824
833.192 0.835
834.013 0.821
834.867 0.854
835.71 0.843
836.529 0.819
837.382 0.853
838.251 0.869
839.05 0.799
839.885 0.835
840.726 0.841
841.57 0.844
842.399 0.829
843.209 0.81
844.046 0.837
844.883 0.837
845.693 0.81
846.543 0.85
847.373 0.83
848.194 0.821
849.037 0.843
849.853 0.816
850.673 0.82
851.511 0.838
852.303 0.792
853.133 0.83
853.949 0.816
854.731 0.782
855.513 0.782
856.316 0.803
857.124 0.808
857.904 0.78
858.721 0.817
859.522 0.801
860.311 0.789
861.099 0.788
861.898 0.799
862.727 0.829
863.554 0.827
864.416 0.862
865.282 0.866
866.138 0.856
866.975 0.837
867.783 0.808
868.602 0.819
869.416 0.814
870.253 0.837
871.095 0.842
871.869 0.774
872.658 0.789
873.453 0.795
874.264 0.811
875.076 0.812
875.875 0.799
876.683 0.808
877.506 0.823
878.324 0.818
879.145 0.821
879.991 0.846
880.822 0.831
881.662 0.84
882.532 0.87
883.379 0.847
884.179 0.8
885.022 0.843
885.875 0.853
886.672 0.797
887.501 0.829
888.338 0.837
889.128 0.79
889.94 0.812
890.77 0.83
891.581 0.811
892.387 0.806
893.234 0.847
894.072 0.838
894.874 0.802
895.727 0.853
896.58 0.853
897.4 0.82
898.213 0.813
899.047 0.834
899.882 0.835
900.71 0.828
901.518 0.808
902.335 0.817
903.145 0.81
903.94 0.795
904.781 0.841
905.664 0.883
906.492 0.828
907.315 0.823
908.143 0.828
908.921 0.778
909.714 0.793
910.541 0.827
911.323 0.782
912.104 0.781
912.876 0.772
913.625 0.749
914.384 0.759
915.157 0.773
915.921 0.764
916.724 0.803
917.57 0.846
918.397 0.827
919.196 0.799
920.017 0.821
920.815 0.798
921.601 0.786
922.409 0.808
923.176 0.767
923.954 0.778
924.756 0.802
925.51 0.754
926.286 0.776
927.087 0.801
927.844 0.757
928.638 0.794
929.448 0.81
930.22 0.772
931.0 0.78
931.801 0.801
932.557 0.756
933.337 0.78
934.129 0.792
934.911 0.782
935.685 0.774
936.472 0.787
937.249 0.777
938.002 0.753
938.765 0.763
939.542 0.777
940.336 0.794
941.094 0.758
941.867 0.773
942.661 0.794
943.405 0.744
944.18 0.775
944.963 0.783
945.758 0.795
946.508 0.75
947.285 0.777
948.057 0.772
948.822 0.765
949.593 0.771
950.356 0.763
951.096 0.74
951.868 0.772
952.651 0.783
953.403 0.752
954.165 0.762
954.908 0.743
955.62 0.712
956.331 0.711
957.008 0.677
957.69 0.682
958.376 0.686
959.08 0.704
959.798 0.718
960.53 0.732
961.275 0.745
962.044 0.769
962.805 0.761
963.524 0.719
964.2 0.676
964.875 0.675
965.574 0.699
966.317 0.743
967.126 0.809
967.903 0.777
968.709 0.806
969.558 0.849
970.44 0.882
971.259 0.819
972.112 0.853
972.956 0.844
973.775 0.819
974.551 0.776
975.271 0.72
975.974 0.703
976.653 0.679
977.316 0.663
977.982 0.666
978.665 0.683
979.348 0.683
980.02 0.672
980.7 0.68
981.38 0.68
982.056 0.676
982.754 0.698
983.436 0.682
984.09 0.654
984.747 0.657
985.412 0.665
986.088 0.676
986.771 0.683
987.466 0.695
988.163 0.697
988.863 0.7
989.573 0.71
990.261 0.688
990.958 0.697
991.687 0.729
992.452 0.765
993.235 0.783
993.98 0.745
994.711 0.731
995.458 0.747
996.156 0.698
996.845 0.689
997.546 0.701
998.248 0.702
998.96 0.712
999.702 0.742
1000.479 0.777
1001.268 0.789
1002.072 0.804
1002.877 0.805
1003.659 0.782
1004.383 0.724
1005.073 0.69
1005.756 0.683
1006.431 0.675
1007.121 0.69
1007.834 0.713
1008.556 0.722
1009.304 0.748
1010.027 0.723
1010.75 0.723
1011.466 0.716
1012.164 0.698
1012.852 0.688
1013.531 0.679
1014.2 0.669
1014.882 0.682
1015.538 0.656
1016.195 0.657
1016.915 0.72
1017.69 0.775
1018.494 0.804
1019.245 0.751
1019.984 0.739
1027.786 0.801
1028.582 0.796
1029.53 0.948
1030.471 0.941
1031.441 0.97
1032.429 0.988
1033.397 0.968
1034.288 0.891
1035.12 0.832
1035.976 0.856
1036.895 0.919
1037.842 0.947
1038.801 0.959
1039.736 0.935
1040.691 0.955
1041.673 0.982
1042.628 0.955
1043.576 0.948
1044.489 0.913
1045.365 0.876
1046.274 0.909
1047.206 0.932
1048.066 0.86
1048.974 0.908
1049.919 0.945
1050.904 0.985
1051.797 0.893
1052.759 0.962
1053.755 0.996
1054.676 0.921
1055.621 0.945
1056.61 0.989
1057.552 0.942
1058.481 0.929
1059.507 1.026
1060.533 1.026
1061.409 0.876
1062.304 0.895
1063.187 0.883
1064.07 0.883
1064.949 0.879
1065.824 0.875
1066.702 0.878
1067.499 0.797
1068.269 0.77
1069.011 0.742
1069.785 0.774
1070.602 0.817
1071.467 0.865
1072.357 0.89
1073.2 0.843
1073.984 0.784
1074.762 0.778
1075.522 0.76
1076.262 0.74
1076.996 0.734
1077.709 0.713
1078.401 0.692
1079.07 0.669
1079.756 0.686
1080.48 0.724
1081.229 0.749
1081.983 0.754
1082.746 0.763
1083.487 0.741
1084.169 0.682
1084.863 0.694
1085.576 0.713
1086.36 0.784
1087.139 0.779
1087.97 0.831
1088.834 0.864
1089.632 0.798
1090.388 0.756
1091.173 0.785
1091.941 0.768
1092.741 0.8
1093.554 0.813
1094.308 0.754
1095.023 0.715
1095.721 0.698
1096.42 0.699
1097.112 0.692
1097.829 0.717
1098.552 0.723
1099.269 0.717
1099.958 0.689
1100.658 0.7
1101.345 0.687
1102.058 0.713
1102.882 0.824
1103.731 0.849
1104.531 0.8
1105.385 0.854
1106.264 0.879
1107.129 0.865
1107.968 0.839
1108.873 0.905
1109.817 0.944
1110.684 0.867
1111.557 0.873
1112.501 0.944
1113.441 0.94
1114.309 0.868
1115.265 0.956
1116.236 0.971
1117.108 0.872
1118.035 0.927
1118.974 0.939
1119.815 0.841
1120.709 0.894
1121.627 0.918
1122.476 0.849
1123.34 0.864
1124.278 0.938
1125.233 0.955
1126.104 0.871
1127.063 0.959
1128.058 0.995
1128.946 0.888
1129.874 0.928
1130.842 0.968
1131.82 0.978
1132.691 0.871
1133.597 0.906
1134.557 0.96
1135.485 0.928
1136.352 0.867
1137.288 0.936
1138.266 0.978
1139.136 0.87
1140.078 0.942
1141.076 0.998
1142.003 0.927
1142.935 0.932
1143.732 0.797
1144.537 0.805
1145.364 0.827
1146.21 0.846
1146.998 0.788
1147.739 0.741
1148.465 0.726
1149.169 0.704
1149.949 0.78
1150.755 0.806
1151.6 0.845
1152.38 0.78
1153.172 0.792
1153.932 0.76
1154.694 0.762
1155.451 0.757
1156.19 0.739
1156.888 0.698
1157.598 0.71
1158.347 0.749
1159.139 0.792
1160.004 0.865
1160.901 0.897
1161.814 0.913
1162.689 0.875
1163.58 0.891
1164.438 0.858
1165.241 0.803
1166.032 0.791
1166.819 0.787
1167.597 0.778
1168.326 0.729
1169.047 0.721
1169.758 0.711
1170.444 0.686
1171.115 0.671
1171.782 0.667
1172.491 0.709
1173.242 0.751
1174.027 0.785
1174.786 0.759
1175.609 0.823
1176.485 0.876
1177.382 0.897
1178.247 0.865
1179.119 0.872
1180.034 0.915
1180.961 0.927
1181.867 0.906
1182.666 0.799
1183.46 0.794
1184.234 0.774
1184.97 0.736
1185.688 0.718
1186.462 0.774
1187.323 0.861
1188.21 0.887
1189.171 0.961
1190.138 0.967
1191.063 0.925
1191.987 0.924
1192.94 0.953
1193.891 0.951
1194.777 0.886
1195.688 0.911
1196.647 0.959
1197.615 0.968
1198.533 0.918
1199.468 0.935
1200.434 0.966
1201.388 0.954
1202.294 0.906
1203.249 0.955
1204.232 0.983
1205.139 0.907
1206.045 0.906
1206.974 0.929
1207.863 0.889
1208.691 0.828
1209.587 0.896
1210.529 0.942
1211.404 0.875
1212.338 0.934
1213.312 0.974
1214.204 0.892
1215.117 0.913
1216.055 0.938
1216.969 0.914
1217.804 0.835
1218.673 0.869
1219.542 0.869
1220.359 0.817
1221.252 0.893
1222.167 0.915
1223.05 0.883
1223.981 0.931
1224.949 0.968
1225.876 0.927
1226.795 0.919
1227.733 0.938
1228.645 0.912
1229.484 0.839
1230.353 0.869
1231.232 0.879
1232.067 0.835
1232.919 0.852
1233.802 0.883
1234.694 0.892
1235.531 0.837
1236.432 0.901
1237.38 0.948
1238.296 0.916
1239.203 0.907
1240.101 0.898
1240.99 0.889
1241.82 0.83
1242.679 0.859
1243.518 0.839
1244.319 0.801
1245.076 0.757
1245.812 0.736
1246.549 0.737
1247.321 0.772
1248.086 0.765
1248.831 0.745
1249.558 0.727
1250.299 0.741
1251.029 0.73
1251.794 0.765
1252.565 0.771
1253.294 0.729
1253.992 0.698
1254.687 0.695
1255.376 0.689
1256.134 0.758
1257.007 0.873
1257.912 0.905
1258.778 0.866
1259.705 0.927
1260.652 0.947
1261.555 0.903
1262.45 0.895
1263.36 0.91
1264.269 0.909
1265.094 0.825
1265.987 0.893
1266.915 0.928
1267.825 0.91
1268.675 0.85
1269.578 0.903
1270.478 0.9
1271.332 0.854
1272.179 0.847
1273.058 0.879
1273.962 0.904
1274.806 0.844
1275.719 0.913
1276.658 0.939
1277.551 0.893
1278.346 0.795
1279.136 0.79
1279.906 0.77
1280.658 0.752
1281.392 0.734
1282.095 0.703
1282.797 0.702
1283.517 0.72
1284.264 0.747
1285.047 0.783
1285.779 0.732
1286.541 0.762
1287.327 0.786
1288.119 0.792
1288.891 0.772
1289.646 0.755
1290.437 0.791
1291.259 0.822
1292.077 0.818
1292.908 0.831
1293.781 0.873
1294.633 0.852
1295.466 0.833
1296.357 0.891
1297.288 0.931
1298.159 0.871
1299.065 0.906
1299.979 0.914
1300.843 0.864
1301.654 0.811
1302.487 0.833
1303.338 0.851
1304.142 0.804
1304.891 0.749
1305.635 0.744
1306.342 0.707
1307.025 0.683
1307.712 0.687
1308.487 0.775
1309.365 0.878
1310.187 0.822
1311.064 0.877
1311.945 0.881
1312.741 0.796
1313.501 0.76
1314.242 0.741
1315.018 0.776
1315.829 0.811
1316.666 0.837
1317.462 0.796
1318.298 0.836
1319.164 0.866
1320.011 0.847
1320.81 0.799
1321.65 0.84
1322.519 0.869
1323.379 0.86
1324.184 0.805
1325.031 0.847
1325.889 0.858
1326.717 0.828
1327.524 0.807
1328.37 0.846
1329.243 0.873
1330.082 0.839
1330.911 0.829
1331.773 0.862
1332.647 0.874
1333.458 0.811
1334.286 0.828
1335.148 0.862
1335.985 0.837
1336.806 0.821
1337.677 0.871
1338.559 0.882
1339.387 0.828
1340.225 0.838
1341.095 0.87
1341.971 0.876
1342.793 0.822
1343.667 0.874
1344.552 0.885
1345.398 0.846
1346.192 0.794
1347.01 0.818
1347.84 0.83
1348.662 0.822
1349.458 0.796
1350.295 0.837
1351.152 0.857
1352.021 0.869
1352.833 0.812
1353.645 0.812
1354.462 0.817
1355.28 0.818
1356.086 0.806
1356.872 0.786
1357.683 0.811
1358.522 0.839
1359.37 0.848
1360.161 0.791
1360.974 0.813
1361.813 0.839
1362.663 0.85
1363.474 0.811
1364.29 0.816
1365.13 0.84
1365.982 0.852
1366.788 0.806
1367.601 0.813
1368.427 0.826
1369.241 0.814
1370.021 0.78
1370.834 0.813
1371.663 0.829
1372.506 0.843
1373.351 0.845
1374.152 0.801
1374.988 0.836
1375.847 0.859
1376.711 0.864
1377.52 0.809
1378.353 0.833
1379.203 0.85
1380.056 0.853
1380.862 0.806
1381.7 0.838
1382.562 0.862
1383.433 0.871
1384.247 0.814
1385.081 0.834
1385.925 0.844
1386.774 0.849
1387.574 0.8
1388.4 0.826
1389.246 0.846
1390.091 0.845
1390.89 0.799
1391.716 0.826
1392.55 0.834
1393.393 0.843
1394.19 0.797
1395.014 0.824
1395.86 0.846
1396.695 0.835
1397.502 0.807
1398.341 0.839
1399.19 0.849
1400.019 0.829
1400.828 0.809
1401.675 0.847
1402.553 0.878
1403.4 0.847
1404.284 0.884
1405.182 0.898
1406.086 0.904
1406.992 0.906
1407.829 0.837
1408.675 0.846
1409.521 0.846
1410.32 0.799
1411.095 0.775
1411.876 0.781
1412.667 0.791
1413.455 0.788
1414.215 0.76
1414.989 0.774
1415.78 0.791
1416.595 0.815
1417.384 0.789
1418.196 0.812
1419.019 0.823
1419.841 0.822
1420.606 0.765
1421.378 0.772
1422.126 0.748
1422.853 0.727
1423.562 0.709
1424.245 0.683
1424.913 0.668
1425.595 0.682
1426.29 0.695
1426.987 0.697
1427.673 0.686
1428.339 0.666
1429.005 0.666
1429.697 0.692
1430.422 0.725
1431.177 0.755
1431.919 0.742
1432.654 0.735
1433.426 0.772
1434.215 0.789
1434.986 0.771
1435.734 0.748
1436.509 0.775
1437.3 0.791
1438.072 0.772
1438.818 0.746
1439.588 0.77
1440.374 0.786
1441.169 0.795
1441.94 0.771
1442.706 0.766
1443.489 0.783
1444.277 0.788
1445.059 0.782
1445.811 0.752
1446.583 0.772
1447.388 0.805
1448.207 0.819
1448.985 0.778
1449.791 0.806
1450.621 0.83
1451.457 0.836
1452.246 0.789
1453.051 0.805
1453.876 0.825
1454.696 0.82
1455.491 0.795
1456.308 0.817
1457.153 0.845
1457.996 0.843
1458.803 0.807
1459.643 0.84
1460.489 0.846
1461.281 0.792
1462.088 0.807
1462.908 0.82
1463.73 0.822
1464.514 0.784
1465.326 0.812
1466.176 0.85
1467.028 0.852
1467.845 0.817
1468.713 0.868
1469.586 0.873
1470.408 0.822
1471.226 0.818
1472.047 0.821
1472.864 0.817
1473.636 0.772
1474.428 0.792
1475.24 0.812
1476.076 0.836
1476.869 0.793
1477.701 0.832
1478.557 0.856
1479.389 0.832
1480.211 0.822
1481.054 0.843
1481.874 0.82
1482.647 0.773
1483.427 0.78
1484.21 0.783
1484.982 0.772
1485.738 0.756
1486.5 0.762
1487.285 0.785
1488.066 0.781
1488.804 0.738
1489.55 0.746
1490.275 0.725
1490.979 0.704
1491.669 0.69
1492.381 0.712
1493.152 0.771
1493.975 0.823
1494.83 0.855
1495.635 0.805
1496.436 0.801
1497.182 0.746
1497.872 0.69
1498.56 0.688
1499.225 0.665
1499.872 0.647
1500.509 0.637
1501.157 0.648
1501.838 0.681
1502.521 0.683
1503.177 0.656
1503.608 0.431
1503.872 0.264
1504.233 0.361
1504.537 0.304