0.000 0.903
0.903 0.903
6.999 6.096
7.867 0.868
8.723 0.856
9.552 0.829
10.345 0.793
11.118 0.773
11.893 0.775
12.713 0.82
13.592 0.879
14.507 0.915
15.434 0.927
16.344 0.91
17.229 0.885
18.085 0.856
18.929 0.844
19.738 0.809
20.515 0.777
21.28 0.765
22.05 0.77
22.864 0.814
23.735 0.871
24.659 0.924
25.595 0.936
26.508 0.913
27.399 0.891
28.242 0.843
29.065 0.823
29.864 0.799
30.628 0.764
31.382 0.754
32.149 0.767
32.952 0.803
33.81 0.858
34.739 0.929
35.671 0.932
36.581 0.91
37.452 0.871
38.302 0.85
39.123 0.821
39.913 0.79
40.669 0.756
41.412 0.743
42.165 0.753
42.97 0.805
43.893 0.923
44.81 0.917
45.705 0.895
46.577 0.872
47.407 0.83
48.227 0.82
49.023 0.796
49.783 0.76
50.554 0.771
51.365 0.811
52.216 0.851
53.104 0.888
54.033 0.929
54.938 0.905
55.798 0.86
56.629 0.831
57.438 0.809
58.228 0.79
58.991 0.763
59.729 0.738
60.462 0.733
61.206 0.744
61.967 0.761
62.743 0.776
63.551 0.808
64.383 0.832
65.224 0.841
66.051 0.827
66.861 0.81
67.655 0.794
68.427 0.772
69.176 0.749
69.907 0.731
70.639 0.732
71.388 0.749
72.154 0.766
72.942 0.788
73.741 0.799
74.537 0.796
75.311 0.774
76.071 0.76
76.803 0.732
77.518 0.715
78.233 0.715
78.931 0.698
79.62 0.689
80.322 0.702
81.036 0.714
81.792 0.756
82.574 0.782
83.372 0.798
84.182 0.81
84.98 0.798
85.768 0.788
86.54 0.772
87.302 0.762
88.068 0.766
88.815 0.747
89.542 0.727
90.266 0.724
90.795 0.529
91.806 1.011
92.656 0.85
93.118 0.462
94.359 1.241
95.21 0.851
96.035 0.825
96.846 0.811
97.655 0.809
98.476 0.821
99.289 0.813
100.103 0.814
100.957 0.854
101.833 0.876
102.724 0.891
103.63 0.906
104.513 0.883
105.356 0.843
106.171 0.815
106.973 0.802
107.757 0.784
108.511 0.754
109.235 0.724
109.942 0.707
110.651 0.709
111.372 0.721
112.097 0.725
112.853 0.756
113.61 0.757
114.368 0.758
115.112 0.744
115.846 0.734
116.56 0.714
117.264 0.704
117.972 0.708
118.67 0.698
119.362 0.692
120.06 0.698
120.788 0.728
121.551 0.763
122.332 0.781
123.128 0.796
123.939 0.811
124.741 0.802
125.522 0.781
126.301 0.779
127.077 0.776
127.832 0.755
128.569 0.737
129.3 0.731
130.056 0.756
130.831 0.775
131.637 0.806
132.468 0.831
133.32 0.852
134.193 0.873
135.048 0.855
135.889 0.841
136.716 0.827
137.534 0.818
138.32 0.786
139.077 0.757
139.84 0.763
140.659 0.819
141.521 0.862
142.435 0.914
143.375 0.94
144.291 0.916
145.156 0.865
145.985 0.829
146.783 0.798
147.571 0.788
148.361 0.79
149.147 0.786
149.927 0.78
150.709 0.782
151.492 0.783
152.255 0.763
153.006 0.751
153.775 0.769
154.536 0.761
155.301 0.765
156.035 0.734
156.781 0.746
157.528 0.747
158.273 0.745
159.076 0.803
165.997 6.921
166.775 0.778
167.547 0.772
168.319 0.772
169.111 0.792
169.9 0.789
170.671 0.771
171.43 0.759
172.203 0.773
172.979 0.776
173.779 0.8
174.584 0.805
175.408 0.824
176.223 0.815
177.059 0.836
177.901 0.842
178.721 0.82
179.552 0.831
180.391 0.839
181.218 0.827
182.015 0.797
182.785 0.77
183.552 0.767
184.338 0.786
185.126 0.788
185.932 0.806
186.732 0.8
187.514 0.782
188.266 0.752
189.02 0.754
189.745 0.725
190.462 0.717
191.168 0.706
191.874 0.706
192.574 0.7
193.26 0.686
193.939 0.679
194.603 0.664
195.24 0.637
195.671 0.431
196.507 0.836
197.126 0.619
197.743 0.617
198.352 0.609
198.955 0.603
199.558 0.603
200.03 0.472
202.04 2.01