0.000 0.829
0.829 0.829
1.992 1.163
3.102 1.11
4.196 1.094
5.29 1.094
6.287 0.997
7.295 1.008
8.381 1.086
9.507 1.126
10.562 1.055
16.999 6.437
18.112 1.113
19.17 1.058
19.612 0.442
20.308 0.696
21.513 1.205
22.749 1.236
23.904 1.155
24.993 1.089
26.123 1.13
27.302 1.179
28.456 1.154
29.71 1.254
30.971 1.261
32.077 1.106
33.143 1.066
34.378 1.235
35.7 1.322
36.979 1.279
38.175 1.196
39.317 1.142
40.544 1.227
41.788 1.244
42.976 1.188
44.065 1.089
45.13 1.065
46.339 1.209
47.66 1.321
48.968 1.308
50.147 1.179
51.35 1.203
52.558 1.208
53.671 1.113
54.837 1.166
56.041 1.204
57.291 1.25
58.357 1.066
59.319 0.962
60.21 0.891
61.149 0.939
62.39 1.241
63.551 1.161
64.632 1.081
65.761 1.129
66.984 1.223
68.199 1.215
69.376 1.177
70.484 1.108
71.569 1.085
72.741 1.172
74.051 1.31
75.349 1.298
76.539 1.19
77.747 1.208
78.996 1.249
80.266 1.27
81.432 1.166
82.599 1.167
83.863 1.264
85.155 1.292
86.407 1.252
87.578 1.171
88.799 1.221
89.995 1.196
91.168 1.173
92.403 1.235
93.647 1.244
94.793 1.146
95.923 1.13
97.111 1.188
98.288 1.177
99.48 1.192
100.602 1.122
101.745 1.143
102.934 1.189
104.159 1.225
105.335 1.176
106.453 1.118
107.588 1.135
108.833 1.245
110.102 1.269
111.37 1.268
112.579 1.209
113.704 1.125
114.797 1.093
115.985 1.188
117.245 1.26
118.481 1.236
119.685 1.204
120.817 1.132
121.915 1.098
123.061 1.146
124.276 1.215
125.456 1.18
126.588 1.132
127.697 1.109
128.877 1.18
130.125 1.248
131.352 1.227
132.469 1.117
133.538 1.069
134.634 1.096
135.785 1.151
136.938 1.153
138.032 1.094
139.178 1.146
140.402 1.224
141.647 1.245
142.836 1.189
143.95 1.114
145.085 1.135
146.281 1.196
147.491 1.21
148.645 1.154
149.739 1.094
150.817 1.078
151.955 1.138
153.11 1.155
154.275 1.165
155.428 1.153
156.49 1.062
157.568 1.078
158.692 1.124
159.858 1.166
161.008 1.15
162.094 1.086
163.162 1.068
164.253 1.091
165.394 1.141
166.574 1.18
167.745 1.171
168.852 1.107
169.951 1.099
171.129 1.178
172.373 1.244
173.631 1.258
174.772 1.141
175.897 1.125
177.077 1.18
178.251 1.174
179.342 1.091
180.379 1.037
181.429 1.05
182.56 1.131
183.774 1.214
184.888 1.114
185.973 1.085
187.095 1.122
188.217 1.122
189.287 1.07
190.295 1.008
191.306 1.011
192.334 1.028
193.314 0.98
194.304 0.99
195.338 1.034
196.326 0.988
197.317 0.991
198.304 0.987
199.29 0.986
200.335 1.045
201.396 1.061
202.432 1.036
203.507 1.075
204.603 1.096
205.648 1.045
206.676 1.028
207.699 1.023
208.71 1.011
209.743 1.033
210.769 1.026
211.806 1.037
212.884 1.078
213.95 1.066
215.023 1.073
216.025 1.002
217.032 1.007
218.045 1.013
219.063 1.018
220.123 1.06
221.211 1.088
222.228 1.017
223.269 1.041
224.303 1.034
225.311 1.008
226.358 1.047
227.381 1.023
228.374 0.993
229.377 1.003
230.392 1.015
231.432 1.04
232.401 0.969
233.306 0.905
234.187 0.881
235.051 0.864
235.922 0.871
236.856 0.934
237.858 1.002
238.891 1.033
239.886 0.995
240.903 1.017
241.921 1.018
242.886 0.965
243.839 0.953
244.817 0.978
245.773 0.956
246.733 0.96
247.73 0.997
248.739 1.009
249.765 1.026
250.742 0.977
251.744 1.002
252.766 1.022
253.787 1.021
254.754 0.967
255.687 0.933
256.604 0.917
257.562 0.958
258.544 0.982
259.588 1.044
260.598 1.01
261.621 1.023
262.653 1.032
263.683 1.03
264.686 1.003
265.684 0.998
266.708 1.024
267.767 1.059
268.847 1.08
269.921 1.074
270.934 1.013
271.927 0.993
272.891 0.964
273.858 0.967
274.828 0.97
275.785 0.957
276.761 0.976
277.731 0.97
278.712 0.981
279.694 0.982
280.639 0.945
281.587 0.948
282.539 0.952
283.509 0.97
284.478 0.969
285.468 0.99
286.534 1.066
287.592 1.058
288.589 0.997
289.62 1.031
290.646 1.026
291.613 0.967
292.566 0.953
293.506 0.94
294.487 0.981
295.491 1.004
296.432 0.941
297.398 0.966
298.444 1.046
299.483 1.039
300.459 0.976
301.434 0.975
302.397 0.963
303.373 0.976
304.326 0.953
305.279 0.953
306.225 0.946
307.167 0.942
308.14 0.973
309.111 0.971
310.053 0.942
310.965 0.912
311.88 0.915
312.774 0.894
313.694 0.92
314.607 0.913
315.538 0.931
316.452 0.914
317.357 0.905
318.277 0.92
319.208 0.931
320.104 0.896
320.948 0.844
321.873 0.925
322.815 0.942
323.756 0.941
324.655 0.899
325.572 0.917
326.485 0.913
327.397 0.912
328.291 0.894
329.151 0.86
330.018 0.867
330.906 0.888
331.813 0.907
332.701 0.888
333.617 0.916
334.553 0.936
335.517 0.964
336.439 0.922
337.38 0.941
338.356 0.976
339.346 0.99
340.346 1.0
341.293 0.947
342.224 0.931
343.103 0.879
343.97 0.867
344.83 0.86
345.711 0.881
346.62 0.909
347.551 0.931
348.507 0.956
349.448 0.941
350.374 0.926
351.267 0.893
352.164 0.897
353.112 0.948
354.065 0.953
354.998 0.933
355.895 0.897
356.773 0.878
357.706 0.933
358.651 0.945
359.726 1.075
360.757 1.031
361.795 1.038
362.891 1.096
363.956 1.065
365.015 1.059
366.068 1.053
367.014 0.946
367.978 0.964
369.037 1.059
370.107 1.07
371.096 0.989
372.105 1.009
373.165 1.06
374.229 1.064
375.212 0.983
376.204 0.992
377.212 1.008
378.254 1.042
379.266 1.012
380.252 0.986
381.295 1.043
382.402 1.107
383.526 1.124
384.507 0.981
385.447 0.94
386.479 1.032
387.488 1.009
388.536 1.048
389.675 1.139
390.762 1.087
391.83 1.068
392.787 0.957
393.635 0.848
394.398 0.763
395.276 0.878
396.073 0.797
397.567 1.494
398.42 0.853
399.362 0.942
400.325 0.963
401.271 0.946
402.193 0.922
403.092 0.899
403.939 0.847
404.752 0.813
405.561 0.809
406.378 0.817
407.217 0.839
408.082 0.865
408.939 0.857
409.79 0.851
410.709 0.919
411.748 1.039
412.826 1.078
413.852 1.026
414.834 0.982
415.819 0.985
416.819 1.0
417.729 0.91
418.639 0.91
419.672 1.033
420.765 1.093
421.821 1.056
422.935 1.114
424.069 1.134
425.153 1.084
426.17 1.017
427.231 1.061
428.359 1.128
429.388 1.029
430.367 0.979
431.426 1.059
432.537 1.111
433.633 1.096
434.726 1.093
435.867 1.141
437.049 1.182
438.083 1.034
439.138 1.055
440.316 1.178
441.502 1.186
442.609 1.107
443.742 1.133
444.895 1.153
445.908 1.013
446.911 1.003
447.972 1.061
449.075 1.103
450.108 1.033
451.217 1.109
452.365 1.148
453.434 1.069
454.437 1.003
455.476 1.039
456.554 1.078
457.58 1.026
458.663 1.083
459.797 1.134
460.864 1.067
461.966 1.102
463.089 1.123
464.122 1.033
465.146 1.024
466.279 1.133
467.435 1.156
468.487 1.052
469.562 1.075
470.719 1.157
471.815 1.096
472.852 1.037
473.95 1.098
475.129 1.179
476.158 1.029
477.245 1.087
478.4 1.155
479.505 1.105
480.56 1.055
481.718 1.158
482.859 1.141
483.902 1.043
485.002 1.1
486.186 1.184
487.322 1.136
488.388 1.066
489.527 1.139
490.715 1.188
491.844 1.129
492.889 1.045
493.955 1.066
495.076 1.121
496.112 1.036
497.215 1.103
498.463 1.248
499.64 1.177
500.713 1.073
501.921 1.208
503.15 1.229
504.229 1.079
505.355 1.126
506.53 1.175
507.704 1.174
508.785 1.081
509.954 1.169
511.15 1.196
512.256 1.106
513.506 1.25
514.75 1.244
515.852 1.102
517.006 1.154
518.211 1.205
519.341 1.13
520.441 1.1
521.643 1.202
522.828 1.185
523.914 1.086
525.105 1.191
526.321 1.216
527.393 1.072
528.531 1.138
529.809 1.278
531.026 1.217
532.137 1.111
533.377 1.24
534.626 1.249
535.729 1.103
536.908 1.179
538.121 1.213
539.24 1.119
540.293 1.053
541.443 1.15
542.721 1.278
543.854 1.133
544.986 1.132
546.204 1.218
547.443 1.239
548.581 1.138
549.768 1.187
550.975 1.207
552.072 1.097
553.214 1.142
554.378 1.164
555.485 1.107
556.541 1.056
557.72 1.179
558.973 1.253
560.064 1.091
561.211 1.147
562.397 1.186
563.534 1.137
564.646 1.112
565.824 1.178
567.026 1.202
568.154 1.128
569.362 1.208
570.617 1.255
571.737 1.12
572.872 1.135
574.058 1.186
575.183 1.125
576.238 1.055
577.352 1.114
578.535 1.183
579.624 1.089
580.782 1.158
581.993 1.211
583.184 1.191
584.235 1.051
585.428 1.193
586.653 1.225
587.758 1.105
588.93 1.172
590.147 1.217
591.244 1.097
592.453 1.209
593.695 1.242
594.841 1.146
596.063 1.222
597.293 1.23
598.428 1.135
599.549 1.121
600.772 1.223
602.016 1.244
603.1 1.084
604.186 1.086
605.348 1.162
606.568 1.22
607.664 1.096
608.812 1.148
610.054 1.242
611.305 1.251
612.464 1.159
613.698 1.234
614.924 1.226
616.054 1.13
617.201 1.147
618.404 1.203
619.501 1.097
620.592 1.091
621.792 1.2
623.018 1.226
624.128 1.11
625.313 1.185
626.514 1.201
627.641 1.127
628.697 1.056
629.805 1.108
630.988 1.183
632.093 1.105
633.275 1.182
634.534 1.259
635.698 1.164
636.879 1.181
638.105 1.226
639.282 1.177
640.324 1.042
641.411 1.087
642.6 1.189
643.747 1.147
644.836 1.089
646.015 1.179
647.183 1.168
648.232 1.049
649.311 1.079
650.479 1.168
651.526 1.047
652.561 1.035
653.749 1.188
654.974 1.225
656.06 1.086
657.224 1.164
658.416 1.192
659.536 1.12
660.605 1.069
661.762 1.157
662.941 1.179
664.016 1.075
665.091 1.075
666.217 1.126
667.384 1.167
668.399 1.015
669.425 1.026
670.581 1.156
671.796 1.215
672.871 1.075
673.929 1.058
675.1 1.171
676.225 1.125
677.211 0.986
678.238 1.027
679.329 1.091
680.376 1.047
681.361 0.985
682.382 1.021
683.49 1.108
684.591 1.101
685.594 1.003
686.663 1.069
687.762 1.099
688.822 1.06
689.826 1.004
690.858 1.032
691.917 1.059
692.975 1.058
693.958 0.983
694.952 0.994
696.037 1.085
697.098 1.061
698.172 1.074
699.328 1.156
700.517 1.189
701.586 1.069
702.691 1.105
703.768 1.077
704.731 0.963
705.625 0.894
706.478 0.853
707.46 0.982
708.555 1.095
709.584 1.029
710.676 1.092
711.785 1.109
712.869 1.084
713.934 1.065
714.871 0.937
715.821 0.95
716.942 1.121
718.057 1.115
719.121 1.064
720.221 1.1
721.363 1.142
722.404 1.041
723.485 1.081
724.597 1.112
725.635 1.038
726.597 0.962
727.532 0.935
728.444 0.912
729.394 0.95
730.431 1.037
731.569 1.138
732.669 1.1
733.783 1.114
734.853 1.07
735.82 0.967
736.78 0.96
737.837 1.057
739.095 1.258
740.178 1.083
741.105 0.927
741.931 0.826
742.732 0.801
743.587 0.855
744.569 0.982
745.673 1.104
746.77 1.097
747.831 1.061
748.848 1.017
749.761 0.913
750.683 0.922
751.606 0.923
752.503 0.897
753.325 0.822
754.184 0.859
755.076 0.892
756.123 1.047
757.256 1.133
758.352 1.096
759.33 0.978
760.302 0.972
761.334 1.032
762.359 1.025
763.405 1.046
764.52 1.115
765.643 1.123
766.769 1.126
767.845 1.076
768.973 1.128
770.18 1.207
771.348 1.168
772.42 1.072
773.581 1.161
774.81 1.229
775.951 1.141
777.123 1.172
778.38 1.257
779.544 1.164
780.705 1.161
781.982 1.277
783.176 1.194
784.223 1.047
785.396 1.173
786.667 1.271
787.902 1.235
789.036 1.134
790.287 1.251
791.531 1.244
792.655 1.124
793.794 1.139
794.957 1.163
796.029 1.072
797.156 1.127
798.313 1.157
799.384 1.071
800.513 1.129
801.664 1.151
802.814 1.15
803.899 1.085
805.002 1.103
806.062 1.06
807.092 1.03
808.209 1.117
809.386 1.177
810.495 1.109
811.658 1.163
812.811 1.153
813.869 1.058
814.974 1.105
816.191 1.217
817.283 1.092
818.416 1.133
819.626 1.21
820.737 1.111
821.909 1.172
823.114 1.205
824.22 1.106
825.326 1.106
826.521 1.195
827.659 1.138
828.728 1.069
829.864 1.136
831.053 1.189
832.182 1.129
833.358 1.176
834.53 1.172
835.607 1.077
836.768 1.161
838.0 1.232
839.119 1.119
840.313 1.194
841.51 1.197
842.633 1.123
843.746 1.113
844.95 1.204
846.103 1.153
847.243 1.14
848.402 1.159
849.531 1.129
850.597 1.066
851.727 1.13
852.943 1.216
854.061 1.118
855.238 1.177
856.453 1.215
857.572 1.119
858.748 1.176
859.907 1.159
860.983 1.076
862.133 1.15
863.318 1.185
864.408 1.09
865.535 1.127
866.713 1.178
867.836 1.123
868.948 1.112
870.158 1.21
871.362 1.204
872.452 1.09
873.61 1.158
874.843 1.233
875.969 1.126
877.167 1.198
878.381 1.214
879.457 1.076
880.592 1.135
881.762 1.17
882.852 1.09
883.974 1.122
885.11 1.136
886.142 1.032
887.28 1.138
888.465 1.185
889.585 1.12
890.629 1.044
891.739 1.11
892.901 1.162
893.954 1.053
895.044 1.09
896.17 1.126
897.269 1.099
898.266 0.997
899.284 1.018
900.431 1.147
901.482 1.051
902.616 1.134
903.787 1.171
904.893 1.106
906.012 1.119
907.222 1.21
908.436 1.214
909.525 1.089
910.681 1.156
911.834 1.153
912.889 1.055
913.989 1.1
915.146 1.157
916.217 1.071
917.253 1.036
918.364 1.111
919.601 1.237
920.698 1.097
921.851 1.153
923.063 1.212
924.205 1.142
925.326 1.121
926.491 1.165
927.593 1.102
928.674 1.081
929.896 1.222
931.11 1.214
932.219 1.109
933.412 1.193
934.636 1.224
935.756 1.12
936.926 1.17
938.164 1.238
939.326 1.162
940.344 1.018
941.384 1.04
942.405 1.021
943.429 1.024
944.375 0.946
945.43 1.055
946.738 1.308
947.927 1.189
949.101 1.174
950.307 1.206
951.489 1.182
952.569 1.08
953.707 1.138
954.915 1.208
956.108 1.193
957.241 1.133
958.451 1.21
959.638 1.187
960.733 1.095
961.864 1.131
963.062 1.198
964.182 1.12
965.353 1.171
966.569 1.216
967.691 1.122
968.867 1.176
970.061 1.194
971.167 1.106
972.327 1.16
973.51 1.183
974.597 1.087
975.664 1.067
976.798 1.134
977.987 1.189
979.169 1.182
980.453 1.284
981.652 1.199
982.811 1.159
984.003 1.192
985.187 1.184
986.223 1.036
987.293 1.07
988.381 1.088
989.482 1.101
990.542 1.06
991.5 0.958
992.467 0.967
993.513 1.046
994.548 1.035
995.6 1.052
996.776 1.176
997.856 1.08
998.828 0.972
999.873 1.045
1001.076 1.203
1002.188 1.112
1003.244 1.056
1004.23 0.986
1005.161 0.931
1006.122 0.961
1007.13 1.008
1008.08 0.95
1009.058 0.978
1010.097 1.039
1011.136 1.039
1012.137 1.001
1013.178 1.041
1014.281 1.103
1015.316 1.035
1016.381 1.065
1017.454 1.073
1018.536 1.082
1019.551 1.015
1020.577 1.026
1021.662 1.085
1022.824 1.162
1023.951 1.127
1025.024 1.073
1026.12 1.096
1027.282 1.162
1028.471 1.189
1029.63 1.159
1030.671 1.041
1031.64 0.969
1032.649 1.009
1033.791 1.142
1035.031 1.24
1036.301 1.27
1037.535 1.234
1038.615 1.08
1039.677 1.062
1040.779 1.102
1041.911 1.132
1043.065 1.154
1044.099 1.034
1045.08 0.981
1046.114 1.034
1047.319 1.205
1048.608 1.289
1049.844 1.236
1050.972 1.128
1052.06 1.088
1053.208 1.148
1054.43 1.222
1055.642 1.212
1056.754 1.112
1057.877 1.123
1059.04 1.163
1060.351 1.311
1061.54 1.189
1062.751 1.211
1063.986 1.235
1065.201 1.215
1066.313 1.112
1067.437 1.124
1068.649 1.212
1069.872 1.223
1071.04 1.168
1072.077 1.037
1073.086 1.009
1074.24 1.154
1075.496 1.256
1076.761 1.265
1077.956 1.195
1079.034 1.078
1080.132 1.098
1081.263 1.131
1082.511 1.248
1083.781 1.27
1084.974 1.193
1086.026 1.052
1087.041 1.015
1088.186 1.145
1089.457 1.271
1090.705 1.248
1091.842 1.137
1092.914 1.072
1094.03 1.116
1095.213 1.183
1096.375 1.162
1097.439 1.064
1098.468 1.029
1099.573 1.105
1100.683 1.11
1101.706 1.023
1102.775 1.069
1103.893 1.118
1105.003 1.11
1106.005 1.002
1107.052 1.047
1108.181 1.129
1109.343 1.162
1110.471 1.128
1111.568 1.097
1112.559 0.991
1113.481 0.922
1114.515 1.034
1115.662 1.147
1116.865 1.203
1118.077 1.212
1119.211 1.134
1120.259 1.048
1121.359 1.1
1122.5 1.141
1123.615 1.115
1124.623 1.008
1125.702 1.079
1126.874 1.172
1128.029 1.155
1129.13 1.101
1130.179 1.049
1131.305 1.126
1132.444 1.139
1133.594 1.15
1134.648 1.054
1135.731 1.083
1136.9 1.169
1138.096 1.196
1139.198 1.102
1140.333 1.135
1141.51 1.177
1142.708 1.198
1143.831 1.123
1144.871 1.04
1146.022 1.151
1147.327 1.305
1148.539 1.212
1149.657 1.118
1150.635 0.978
1151.639 1.004
1152.703 1.064
1153.817 1.114
1154.852 1.035
1155.899 1.047
1156.999 1.1
1157.955 0.956
1158.976 1.021
1160.0 1.024
1160.932 0.932
1161.875 0.943
1162.845 0.97
1163.761 0.916
1164.688 0.927
1165.647 0.959
1166.652 1.005
1167.671 1.019
1168.705 1.034
1169.656 0.951
1170.627 0.971
1171.681 1.054
1172.845 1.164
1174.009 1.164
1175.048 1.039
1176.14 1.092
1177.312 1.172
1178.5 1.188
1179.673 1.173
1180.744 1.071
1181.74 0.996
1182.799 1.059
1184.07 1.271
1185.344 1.274
1186.579 1.235
1187.698 1.119
1188.805 1.107
1190.002 1.197
1191.22 1.218
1192.426 1.206
1193.598 1.172
1194.673 1.075
1195.886 1.213
1197.205 1.319
1198.506 1.301
1199.78 1.274
1200.892 1.112
1202.13 1.238
1203.505 1.375
1204.885 1.38
1206.203 1.318
1207.353 1.15
1208.448 1.095
1209.765 1.317
1211.038 1.273
1211.942 0.904
1212.809 0.867
1214.017 1.208
1215.271 1.254
1216.575 1.304
1217.849 1.274
1219.098 1.249
1220.331 1.233
1221.529 1.198
1222.562 1.033
1223.516 0.954
1224.443 0.927
1225.46 1.017
1226.732 1.272
1228.115 1.383
1229.489 1.374
1230.767 1.278
1232.036 1.269
1233.279 1.243
1234.518 1.239
1235.749 1.231
1236.958 1.209
1238.118 1.16
1239.215 1.097
1240.187 0.972
1241.094 0.907
1242.301 1.207
1243.619 1.318
1244.929 1.31
1246.204 1.275
1247.482 1.278
1248.674 1.192
1249.829 1.155
1251.052 1.223
1252.275 1.223
1253.501 1.226
1254.73 1.229
1255.98 1.25
1257.214 1.234
1258.458 1.244
1259.664 1.206
1260.849 1.185
1262.058 1.209
1263.19 1.132
1264.224 1.034
1265.226 1.002
1266.383 1.157
1267.711 1.328
1269.001 1.29
1270.26 1.259
1271.48 1.22
1272.541 1.061
1273.505 0.964
1274.443 0.938
1275.522 1.079
1276.714 1.192
1277.919 1.205
1279.113 1.194
1280.288 1.175
1281.461 1.173
1282.602 1.141
1283.629 1.027
1284.596 0.967
1285.554 0.958
1291.986 6.432
1293.236 1.25
1294.47 1.234
1295.664 1.194
1296.733 1.069
1297.723 0.99
1298.708 0.985
1299.755 1.047
1300.985 1.23
1302.213 1.228
1303.415 1.202
1304.594 1.179
1305.759 1.165
1306.834 1.075
1307.829 0.995
1308.806 0.977
1309.857 1.051
1311.018 1.161
1312.232 1.214
1313.426 1.194
1314.606 1.18
1315.774 1.168
1316.845 1.071
1317.841 0.996
1318.825 0.984
1319.885 1.06
1321.067 1.182
1322.314 1.247
1323.55 1.236
1324.76 1.21
1325.947 1.187
1327.113 1.166
1328.245 1.132
1329.25 1.005
1330.191 0.941
1331.147 0.956
1332.251 1.104
1333.566 1.315
1334.87 1.304
1336.188 1.318
1337.444 1.256
1338.663 1.219
1339.849 1.186
1341.006 1.157
1342.06 1.054
1343.007 0.947
1343.915 0.908
1344.844 0.929
1346.012 1.168
1347.326 1.314
1348.631 1.305
1349.831 1.2
1350.979 1.148
1352.03 1.051
1352.955 0.925
1353.834 0.879
1354.734 0.9
1355.725 0.991
1356.828 1.103
1357.974 1.146
1359.129 1.155
1360.29 1.161
1361.441 1.151
1362.491 1.05
1363.466 0.975
1364.423 0.957
1365.421 0.998
1366.58 1.159
1367.848 1.268
1369.142 1.294
1370.383 1.241
1371.622 1.239
1372.811 1.189
1373.871 1.06
1374.853 0.982
1375.816 0.963
1376.86 1.044
1378.114 1.254
1379.436 1.322
1380.69 1.254
1381.934 1.244
1383.133 1.199
1384.283 1.15
1385.384 1.101
1386.442 1.058
1387.4 0.958
1388.318 0.918
1389.231 0.913
1390.211 0.98
1391.439 1.228
1392.781 1.342
1394.061 1.28
1395.3 1.239
1396.52 1.22
1397.681 1.161
1398.805 1.124
1399.876 1.071
1400.95 1.074
1402.047 1.097
1403.049 1.002
1404.004 0.955
1404.968 0.964
1406.052 1.084
1407.364 1.312
1408.655 1.291
1409.893 1.238
1411.095 1.202
1412.278 1.183
1413.394 1.116
1414.38 0.986
1415.319 0.939
1416.258 0.939
1417.347 1.089
1418.553 1.206
1419.715 1.162
1420.87 1.155
1422.069 1.199
1423.262 1.193
1424.433 1.171
1425.571 1.138
1426.708 1.137
1427.86 1.152
1429.015 1.155
1430.152 1.137
1431.285 1.133
1432.351 1.066
1433.34 0.989
1434.297 0.957
1435.335 1.038
1436.624 1.289
1437.927 1.303
1439.189 1.262
1440.439 1.25
1441.676 1.237
1442.86 1.184
1444.027 1.167
1445.181 1.154
1446.308 1.127
1447.42 1.112
1448.541 1.121
1449.666 1.125
1450.785 1.119
1451.902 1.117
1453.035 1.133
1454.181 1.146
1455.303 1.122
1456.302 0.999
1457.252 0.95
1458.199 0.947
1459.23 1.031
1460.393 1.163
1461.571 1.178
1462.707 1.136
1463.819 1.112
1464.924 1.105
1466.0 1.076
1467.051 1.051
1467.988 0.937
1468.874 0.886
1469.752 0.878
1470.71 0.958
1471.848 1.138
1473.057 1.209
1474.276 1.219
1475.465 1.189
1476.621 1.156
1477.74 1.119
1478.838 1.098
1479.838 1.0
1480.806 0.968
1481.734 0.928
1482.618 0.884
1483.51 0.892
1484.459 0.949
1485.44 0.981
1486.385 0.945
1487.441 1.056
1488.456 1.015
1489.525 1.069
1490.591 1.066
1491.572 0.981
1492.496 0.924
1493.363 0.867
1494.195 0.832
1495.01 0.815
1495.81 0.8
1496.59 0.78
1496.942 0.352
1497.352 0.41
1498.093 0.741
1498.829 0.736
1499.544 0.715
1500.238 0.694
1500.549 0.311