0.000 0.752
0.752 0.752
6.999 6.247
7.814 0.815
8.7 0.886
9.617 0.917
10.503 0.886
11.411 0.908
12.294 0.883
13.132 0.838
13.978 0.846
14.799 0.821
15.617 0.818
16.435 0.818
17.274 0.839
18.111 0.837
18.908 0.797
19.733 0.825
20.556 0.823
21.354 0.798
22.113 0.759
22.869 0.756
23.641 0.772
24.415 0.774
25.173 0.758
25.959 0.786
26.76 0.801
27.588 0.828
28.377 0.789
29.193 0.816
30.028 0.835
30.86 0.832
31.654 0.794
32.466 0.812
33.272 0.806
34.078 0.806
34.865 0.787
35.672 0.807
36.507 0.835
37.372 0.865
38.213 0.841
39.074 0.861
39.931 0.857
40.759 0.828
41.558 0.799
42.364 0.806
43.174 0.81
43.977 0.803
44.761 0.784
45.546 0.785
46.313 0.767
47.087 0.774
47.899 0.812
48.749 0.85
49.602 0.853
50.407 0.805
51.241 0.834
52.102 0.861
52.919 0.817
53.766 0.847
54.63 0.864
55.495 0.865
56.322 0.827
57.18 0.858
58.06 0.88
59.008 0.948
59.939 0.931
60.841 0.902
61.698 0.857
62.516 0.818
63.287 0.771
64.072 0.785
64.806 0.734
65.522 0.716
66.242 0.72
67.001 0.759
67.86 0.859
68.775 0.915
74.999 6.224
75.963 0.964
76.864 0.901
77.76 0.896
78.612 0.852
79.384 0.772
80.157 0.773
80.924 0.767
81.703 0.779
82.498 0.795
83.272 0.774
84.084 0.812
84.924 0.84
85.77 0.846
86.611 0.841
87.445 0.834
88.274 0.829
89.04 0.766
89.801 0.761
90.569 0.768
91.368 0.799
92.186 0.818
93.048 0.862
93.908 0.86
94.787 0.879
95.664 0.877
96.515 0.851
97.382 0.867
98.265 0.883
99.139 0.874
99.971 0.832
100.813 0.842
101.671 0.858
102.135 0.464
103.309 1.174
104.102 0.793
104.858 0.756
105.634 0.776
106.443 0.809
107.284 0.841
107.76 0.476
108.981 1.221
109.762 0.781
110.546 0.784
111.364 0.818
112.267 0.903
113.139 0.872
114.086 0.947
115.106 1.02
116.103 0.997
117.135 1.032