0.000 0.88
0.88 0.88
1.689 0.809
2.534 0.845
3.378 0.844
4.256 0.878
5.069 0.813
5.891 0.822
6.725 0.834
7.538 0.813
8.353 0.815
9.202 0.849
9.87 0.668
10.773 0.903
11.503 0.73
12.221 0.718
13.066 0.845
13.952 0.886
14.881 0.929
15.813 0.932
16.733 0.92
17.618 0.885
17.893 0.275
18.452 0.559
19.29 0.838
20.125 0.835
21.029 0.904
21.923 0.894
22.777 0.854
23.57 0.793
24.399 0.829
25.269 0.87
26.104 0.835
26.963 0.859
27.819 0.856
28.634 0.815
29.479 0.845
30.332 0.853
31.172 0.84
31.965 0.793
32.733 0.768
33.528 0.795
34.348 0.82
35.269 0.921
36.309 1.04
37.393 1.084
38.469 1.076
39.558 1.089
40.622 1.064
41.604 0.982
42.555 0.951
43.496 0.941
44.46 0.964
45.408 0.948
46.285 0.877
47.13 0.845
53.099 5.969
53.999 0.9
54.785 0.786
55.562 0.777
56.437 0.875
57.294 0.857
58.191 0.897
59.13 0.939
63.999 4.869
64.938 0.939
65.907 0.969
66.803 0.896
67.694 0.891
68.644 0.95
69.545 0.901
70.4 0.855
71.239 0.839
72.045 0.806
72.849 0.804
73.647 0.798
74.435 0.788
75.241 0.806
76.072 0.831
76.871 0.799
77.699 0.828
78.574 0.875
79.46 0.886
80.351 0.891
81.321 0.97
82.329 1.008
83.393 1.064
84.406 1.013
85.39 0.984
86.397 1.007
87.411 1.014
88.414 1.003
89.344 0.93
90.258 0.914
91.18 0.922
92.162 0.982
93.16 0.998
94.184 1.024
95.198 1.014
96.169 0.971
97.171 1.002
98.195 1.024
99.198 1.003
100.145 0.947
101.062 0.917
101.998 0.936
102.968 0.97
103.936 0.968
104.846 0.91
105.706 0.86
106.633 0.927
107.866 1.233
109.005 1.139
110.102 1.097
111.159 1.057
112.158 0.999
113.087 0.929
114.001 0.914
114.94 0.939
115.913 0.973
116.941 1.028
118.012 1.071
119.042 1.03
120.054 1.012
121.085 1.031
122.142 1.057
123.162 1.02
124.107 0.945
125.027 0.92
125.964 0.937
126.909 0.945
127.84 0.931
128.728 0.888
129.637 0.909
130.559 0.922
131.495 0.936
132.389 0.894
133.285 0.896
134.199 0.914
135.13 0.931
136.082 0.952
137.004 0.922
137.906 0.902
138.803 0.897
139.709 0.906
140.613 0.904
141.477 0.864
142.346 0.869
143.236 0.89
144.135 0.899
145.053 0.918
145.944 0.891
146.846 0.902
147.763 0.917
148.689 0.926
149.602 0.913
150.472 0.87
151.357 0.885
152.243 0.886
153.139 0.896
154.015 0.876
154.867 0.852
155.748 0.881
156.604 0.856
157.456 0.852
158.295 0.839
159.103 0.808
159.93 0.827
160.86 0.93
161.818 0.958
162.777 0.959
163.732 0.955
164.669 0.937
165.622 0.953
166.506 0.884
167.35 0.844
168.167 0.817
168.977 0.81
169.793 0.816
170.66 0.867
171.549 0.889
172.451 0.902
173.385 0.934
174.347 0.962
175.334 0.987
176.282 0.948
177.182 0.9
178.05 0.868
178.898 0.848
179.726 0.828
180.523 0.797
181.33 0.807
182.114 0.784
182.895 0.781
183.656 0.761
184.421 0.765
185.211 0.79
185.991 0.78
186.787 0.796
187.62 0.833
188.5 0.88
189.406 0.906
190.332 0.926
191.266 0.934
192.186 0.92
193.137 0.951
194.099 0.962
195.046 0.947
196.018 0.972
196.982 0.964
197.906 0.924
198.808 0.902
199.722 0.914
200.637 0.915
201.567 0.93
202.484 0.917
203.422 0.938
204.38 0.958
205.346 0.966
206.285 0.939
207.211 0.926
208.156 0.945
209.114 0.958
210.021 0.907
210.877 0.856
211.714 0.837
212.577 0.863
213.457 0.88
214.317 0.86
215.224 0.907
216.164 0.94
217.08 0.916
218.008 0.928
218.984 0.976
219.971 0.987
220.892 0.921
221.814 0.922
222.758 0.944
223.708 0.95
224.638 0.93
225.591 0.953
226.594 1.003
227.586 0.992
228.57 0.984
229.586 1.016
230.617 1.031
231.641 1.024
232.608 0.967
233.581 0.973
234.609 1.028
235.668 1.059
236.683 1.015
237.719 1.036
238.794 1.075
239.896 1.102
240.984 1.088
242.046 1.062
243.099 1.053
244.075 0.976
245.016 0.941
245.958 0.942
246.93 0.972
247.881 0.951
248.786 0.905
249.756 0.97
250.71 0.954
251.669 0.959
252.576 0.907
253.561 0.985
254.555 0.994
255.557 1.002
256.505 0.948
257.467 0.962
258.441 0.974
259.444 1.003
260.436 0.992
261.402 0.966
262.34 0.938
263.309 0.969
264.272 0.963
265.247 0.975
266.151 0.904
267.023 0.872
267.93 0.907
268.86 0.93
269.751 0.891
270.632 0.881
271.529 0.897
272.42 0.891
273.288 0.868
274.124 0.836
274.971 0.847
275.819 0.848
276.639 0.82
277.436 0.797
278.229 0.793
278.843 0.614
279.777 0.934
280.54 0.763
281.289 0.749
282.054 0.765
282.843 0.789
283.674 0.831
284.545 0.871
285.443 0.898
286.351 0.908
287.238 0.887
288.115 0.877
288.961 0.846
289.821 0.86
290.658 0.837
291.499 0.841
292.347 0.848
293.185 0.838
294.033 0.848
294.899 0.866
295.794 0.895
296.69 0.896
297.538 0.848
298.389 0.851
299.255 0.866
300.12 0.865
300.991 0.871
301.876 0.885
302.791 0.915
303.724 0.933
304.638 0.914
305.534 0.896
306.458 0.924
307.399 0.941
308.381 0.982
309.401 1.02
310.435 1.034
311.391 0.956
312.367 0.976
313.326 0.959
314.284 0.958
315.197 0.913
316.16 0.963
317.101 0.941
318.072 0.971
318.972 0.9
319.839 0.867
320.729 0.89
321.638 0.909
322.579 0.941
323.522 0.943
324.458 0.936
325.446 0.988
326.43 0.984
327.404 0.974
328.321 0.917
329.249 0.928
330.174 0.925
331.129 0.955
332.045 0.916
332.954 0.909
333.857 0.903
334.777 0.92
335.682 0.905
336.564 0.882
337.451 0.887
338.344 0.893
339.236 0.892
340.089 0.853
340.962 0.873
341.883 0.921
342.827 0.944
343.74 0.913
344.679 0.939
345.636 0.957
346.585 0.949
347.46 0.875
348.33 0.87
349.203 0.873
350.055 0.852
350.908 0.853
351.776 0.868
352.663 0.887
353.519 0.856
354.405 0.886
355.293 0.888
356.177 0.884
364.995 8.818
365.854 0.859
366.723 0.869
367.591 0.868
368.449 0.858
369.272 0.823
370.085 0.813
370.926 0.841
371.807 0.881
372.721 0.914
373.644 0.923
374.516 0.872
375.395 0.879
376.285 0.89
377.169 0.884
378.077 0.908
378.974 0.897
379.834 0.86
380.713 0.879
381.618 0.905
382.527 0.909
383.461 0.934
384.388 0.927
385.284 0.896
386.165 0.881
387.044 0.879
387.928 0.884
388.827 0.899
389.761 0.934
390.67 0.909
391.589 0.919
392.488 0.899
393.354 0.866
399.995 6.641
400.861 0.866
401.758 0.897
402.587 0.829
403.457 0.87
404.356 0.899
405.221 0.865
406.071 0.85
406.987 0.916