0.000 0.717
0.717 0.717
1.373 0.656
1.901 0.528
2.267 0.366
2.924 0.657
3.626 0.702
4.331 0.705
5.048 0.717
5.795 0.747
6.581 0.786
7.366 0.785
7.752 0.386
8.147 0.395
8.908 0.761
9.666 0.758
10.401 0.735
10.954 0.553
11.88 0.926
17.999 6.119
18.72 0.721
19.457 0.737
20.239 0.782
20.985 0.746
21.719 0.734
22.484 0.765
23.288 0.804
24.049 0.761
24.81 0.761
25.596 0.786
26.395 0.799
27.183 0.788
27.985 0.802
28.78 0.795
29.581 0.801
30.4 0.819
31.254 0.854
32.155 0.901
32.987 0.832
33.804 0.817
34.642 0.838
35.515 0.873
36.359 0.844
37.218 0.859
38.114 0.896
39.02 0.906
39.853 0.833
40.694 0.841
41.577 0.883
42.453 0.876
43.264 0.811
44.061 0.797
44.879 0.818
45.734 0.855
46.593 0.859
47.434 0.841
48.311 0.877
49.224 0.913
50.069 0.845
50.87 0.801
51.678 0.808
52.499 0.821
53.289 0.79
54.083 0.794
54.929 0.846
55.828 0.899
56.678 0.85
57.501 0.823
58.353 0.852
59.229 0.876
60.068 0.839
60.847 0.779
61.594 0.747
62.368 0.774
63.188 0.82
64.045 0.857
64.86 0.815
65.661 0.801
66.469 0.808
67.281 0.812
68.12 0.839
68.918 0.798
69.72 0.802
70.522 0.802
71.307 0.785
72.119 0.812
72.939 0.82
73.783 0.844
74.596 0.813
75.404 0.808
76.258 0.854
77.159 0.901
78.057 0.898
78.878 0.821
79.667 0.789
80.469 0.802
81.294 0.825
82.099 0.805
82.881 0.782
83.691 0.81
84.536 0.845
85.377 0.841
86.162 0.785
86.956 0.794
87.767 0.811
88.588 0.821
89.372 0.784
90.139 0.767
90.933 0.794
91.783 0.85
92.626 0.843
93.438 0.812
94.265 0.827
95.122 0.857
95.97 0.848
96.781 0.811
97.582 0.801
98.406 0.824
99.25 0.844
100.056 0.806
100.822 0.766
101.56 0.738
102.31 0.75
103.091 0.781
103.837 0.746
104.578 0.741
105.349 0.771
106.168 0.819
107.016 0.848
107.819 0.803
108.61 0.791
109.404 0.794
110.231 0.827
111.072 0.841
111.877 0.805
112.661 0.784
113.461 0.8
114.295 0.834
115.147 0.852
115.948 0.801
116.735 0.787
117.535 0.8
118.357 0.822
119.178 0.821
119.961 0.783
120.731 0.77
121.506 0.775
122.319 0.813
123.131 0.812
123.951 0.82
124.803 0.852
125.701 0.898
126.537 0.836
127.306 0.769
128.06 0.754
128.822 0.762
129.603 0.781
130.366 0.763
131.124 0.758
131.919 0.795
132.764 0.845
133.581 0.817
134.355 0.774
135.121 0.766
135.893 0.772
136.696 0.803
137.507 0.811
138.289 0.782
139.062 0.773
139.864 0.802
140.716 0.852
141.57 0.854
142.345 0.775
143.086 0.741
143.819 0.733
144.558 0.739
145.293 0.735
146.026 0.733
146.748 0.722
147.475 0.727
148.15 0.675
148.824 0.674
149.522 0.698
150.273 0.751
151.082 0.809
151.874 0.792
152.636 0.762
153.393 0.757
154.164 0.771
154.945 0.781
155.706 0.761
156.456 0.75
157.22 0.764
158.018 0.798
158.847 0.829
159.639 0.792
160.415 0.776
161.22 0.805
162.061 0.841
162.882 0.821
163.65 0.768
164.422 0.772
165.21 0.788
166.058 0.848
166.899 0.841
167.7 0.801
168.517 0.817
169.356 0.839
170.187 0.831
170.969 0.782
171.751 0.782
172.558 0.807
173.39 0.832
174.185 0.795
174.955 0.77
175.735 0.78
176.55 0.815
177.387 0.837
178.184 0.797
178.982 0.798
179.793 0.811
180.608 0.815
181.375 0.767
182.133 0.758
182.9 0.767
183.702 0.802
184.484 0.782
185.244 0.76
186.016 0.772
186.818 0.802
187.63 0.812
188.408 0.778
189.191 0.783
190.004 0.813
190.847 0.843
191.672 0.825
192.462 0.79
193.265 0.803
194.092 0.827
194.947 0.855
195.756 0.809
196.529 0.773
197.315 0.786
198.118 0.803
198.944 0.826
199.732 0.788
200.508 0.776
201.305 0.797
202.127 0.822
202.915 0.788
203.702 0.787
204.508 0.806
205.335 0.827
206.122 0.787
206.902 0.78
207.703 0.801
208.52 0.817
209.307 0.787
210.057 0.75
210.809 0.752
211.599 0.79
212.397 0.798
213.161 0.764
213.945 0.784
214.76 0.815
215.592 0.832
216.385 0.793
217.161 0.776
217.953 0.792
218.77 0.817
219.56 0.79
220.323 0.763
221.079 0.756
221.855 0.776
222.671 0.816
223.466 0.795
224.243 0.777
225.043 0.8
225.862 0.819
226.72 0.858
227.581 0.861
228.374 0.793
229.137 0.763
229.915 0.778
230.723 0.808
231.559 0.836
232.413 0.854
233.219 0.806
233.998 0.779
234.794 0.796
235.623 0.829
236.491 0.868
237.311 0.82
238.111 0.8
238.917 0.806
239.746 0.829
240.589 0.843
241.383 0.794
242.167 0.784
242.962 0.795
243.787 0.825
244.593 0.806
245.384 0.791
246.177 0.793
246.983 0.806
247.759 0.776
248.526 0.767
249.304 0.778
250.107 0.803
250.886 0.779
251.651 0.765
252.428 0.777
253.231 0.803
254.003 0.772
254.756 0.753
255.513 0.757
256.293 0.78
257.067 0.774
257.835 0.768
258.622 0.787
259.442 0.82
260.286 0.844
261.096 0.81
261.877 0.781
262.658 0.781
263.462 0.804
264.279 0.817
265.093 0.814
265.859 0.766
266.625 0.766
267.41 0.785
268.216 0.806
269.062 0.846
269.874 0.812
270.648 0.774
271.41 0.762
272.206 0.796
273.037 0.831
273.9 0.863
274.72 0.82
275.497 0.777
276.271 0.774
277.08 0.809
277.924 0.844
278.794 0.87
279.598 0.804
280.377 0.779
281.13 0.753
281.873 0.743
282.592 0.719
283.306 0.714
284.02 0.714
284.745 0.725
285.476 0.731
286.213 0.737
286.922 0.709
287.612 0.69
288.293 0.681
288.952 0.659
289.602 0.65
290.259 0.657
290.942 0.683
291.63 0.688
292.32 0.69
293.018 0.698
293.738 0.72
294.474 0.736
295.232 0.758
295.975 0.743
296.693 0.718
297.413 0.72
298.154 0.741
298.919 0.765
299.685 0.766
300.43 0.745
301.182 0.752
301.967 0.785
302.748 0.781
303.496 0.748
304.231 0.735
304.971 0.74
305.731 0.76
306.536 0.805
307.302 0.766
308.047 0.745
308.804 0.757
309.587 0.783
310.385 0.798
311.169 0.784
311.959 0.79
312.727 0.768
313.462 0.735
314.205 0.743
314.93 0.725
315.608 0.678
316.285 0.677
316.962 0.677
317.663 0.701
318.375 0.712
319.096 0.721
319.813 0.717
320.509 0.696
321.176 0.667
321.84 0.664
322.504 0.664
323.182 0.678
323.87 0.688
324.539 0.669
325.18 0.641
325.825 0.645
326.477 0.652
327.149 0.672
327.544 0.395
327.838 0.294
328.144 0.306
328.412 0.268
328.675 0.263
329.807 1.132
331.519 1.712
332.136 0.617
332.656 0.52
337.345 4.689
337.68 0.335
338.695 1.015
339.779 1.084
340.081 0.302
340.334 0.253
340.614 0.28
346.995 6.381
347.654 0.659
348.346 0.692
349.108 0.762
349.886 0.778
350.758 0.872
351.505 0.747
352.304 0.799
353.119 0.815
353.931 0.812
354.744 0.813
355.181 0.437
355.502 0.321
355.838 0.336
356.227 0.389
356.928 0.701
357.432 0.504
358.257 0.825
358.893 0.636
359.523 0.63
360.148 0.625
360.785 0.637
361.439 0.654
362.11 0.671
362.807 0.697
363.513 0.706
364.202 0.689
364.914 0.712
365.646 0.732
366.419 0.773
367.211 0.792
368.007 0.796
368.745 0.738
369.524 0.779
370.363 0.839
371.245 0.882
372.149 0.904
372.972 0.823
373.772 0.8
374.555 0.783
375.341 0.786
376.186 0.845
377.18 0.994
378.037 0.857
378.802 0.765
379.58 0.778
380.38 0.8
381.146 0.766
381.911 0.765
382.749 0.838
383.598 0.849
384.389 0.791
385.161 0.772
385.99 0.829
386.875 0.885
387.737 0.862
388.588 0.851
389.461 0.873
390.324 0.863
391.111 0.787
391.907 0.796
392.761 0.854
393.624 0.863
394.397 0.773
395.19 0.793
396.023 0.833
396.911 0.888
397.701 0.79
398.531 0.83
399.436 0.905
400.382 0.946
401.189 0.807
401.987 0.798
402.825 0.838
403.654 0.829
404.424 0.77
405.203 0.779
406.024 0.821
406.944 0.92
407.775 0.831
408.588 0.813
409.478 0.89
410.389 0.911
411.234 0.845
412.072 0.838
412.869 0.797
413.625 0.756
414.375 0.75
415.173 0.798
416.093 0.92
416.959 0.866
417.786 0.827
418.618 0.832
419.405 0.787
420.173 0.768
420.985 0.812
421.803 0.818
422.606 0.803
423.424 0.818
424.291 0.867
425.208 0.917
426.051 0.843
426.897 0.846
427.807 0.91
428.714 0.907
429.574 0.86
430.495 0.921
431.426 0.931
432.322 0.896
433.164 0.842
434.041 0.877
434.95 0.909
435.829 0.879
436.672 0.843
437.551 0.879
438.414 0.863
439.224 0.81
440.079 0.855
440.997 0.918
441.839 0.842
442.631 0.792
443.462 0.831
444.363 0.901
445.197 0.834
446.035 0.838
446.867 0.832
447.682 0.815
448.476 0.794
449.286 0.81
450.137 0.851
450.95 0.813
451.812 0.862
452.729 0.917
453.585 0.856
454.391 0.806
455.24 0.849
456.071 0.831
456.867 0.796
457.662 0.795
458.467 0.805
459.288 0.821
460.082 0.794
460.925 0.843
461.844 0.919
462.749 0.905
463.559 0.81
464.385 0.826
465.21 0.825
465.996 0.786
466.806 0.81
467.716 0.91
468.607 0.891
469.445 0.838
470.32 0.875
471.215 0.895
472.1 0.885
472.914 0.814
473.755 0.841
474.649 0.894
475.496 0.847
476.291 0.795
477.128 0.837
478.027 0.899
478.873 0.846
479.706 0.833
480.587 0.881
481.419 0.832
482.196 0.777
482.982 0.786
483.825 0.843
484.642 0.817
485.432 0.79
486.282 0.85
487.153 0.871
487.963 0.81
488.768 0.805
489.619 0.851
490.499 0.88
491.338 0.839
492.18 0.842
493.036 0.856
493.919 0.883
494.72 0.801
495.543 0.823
496.427 0.884
497.265 0.838
498.073 0.808
498.927 0.854
499.81 0.883
500.646 0.836
501.437 0.791
502.23 0.793
503.028 0.798
503.814 0.786
504.571 0.757
505.376 0.805
506.261 0.885
507.083 0.822
507.872 0.789
508.685 0.813
509.513 0.828
510.32 0.807
511.09 0.77
511.887 0.797
512.719 0.832
513.584 0.865
514.412 0.828
515.2 0.788
516.005 0.805
516.812 0.807
517.601 0.789
518.41 0.809
519.253 0.843
520.105 0.852
520.91 0.805
521.706 0.796
522.521 0.815
523.374 0.853
524.184 0.81
525.006 0.822
525.9 0.894
526.729 0.829
527.506 0.777
528.294 0.788
529.108 0.814
529.941 0.833
530.732 0.791
531.53 0.798
532.369 0.839
533.177 0.808
533.973 0.796
534.79 0.817
535.607 0.817
536.426 0.819
537.217 0.791
538.006 0.789
538.804 0.798
539.581 0.777
540.349 0.768
541.144 0.795
541.972 0.828
542.828 0.856
543.631 0.803
544.424 0.793
545.251 0.827
546.062 0.811
546.859 0.797
547.651 0.792
548.455 0.804
549.298 0.843
550.118 0.82
550.918 0.8
551.73 0.812
552.57 0.84
553.366 0.796
554.168 0.802
555.032 0.864
555.883 0.851
556.697 0.814
557.488 0.791
558.287 0.799
559.104 0.817
559.877 0.773
560.648 0.771
561.45 0.802
562.255 0.805
563.038 0.783
563.835 0.797
564.656 0.821
565.455 0.799
566.215 0.76
566.96 0.745
567.726 0.766
568.539 0.813
569.326 0.787
570.105 0.779
570.91 0.805
571.745 0.835
572.579 0.834
573.389 0.81
574.169 0.78
574.953 0.784
575.726 0.773
576.486 0.76
577.257 0.771
578.061 0.804
578.887 0.826
579.223 0.336
579.691 0.468
580.496 0.805
581.312 0.816
582.105 0.793
582.36 0.255
584.253 1.893
584.912 0.659
585.573 0.661
586.251 0.678
586.935 0.684
587.64 0.705
588.38 0.74
589.165 0.785
589.981 0.816
590.786 0.805
591.552 0.766
592.337 0.785
593.178 0.841
594.02 0.842
594.795 0.775
595.57 0.775
596.375 0.805
597.232 0.857
598.043 0.811
598.84 0.797
599.692 0.852
600.591 0.899
601.417 0.826
602.211 0.794
603.025 0.814
611.991 8.966
612.816 0.825
613.64 0.824
614.426 0.786
615.225 0.799
616.051 0.826
616.898 0.847
617.699 0.801
618.52 0.821
619.374 0.854
620.234 0.86
621.047 0.813
621.862 0.815
622.702 0.84
623.556 0.854
624.369 0.813
625.195 0.826
626.067 0.872
626.978 0.911
627.823 0.845
628.646 0.823
629.479 0.833
630.333 0.854
631.15 0.817
631.977 0.827
632.849 0.872
633.77 0.921
634.616 0.846
635.454 0.838
636.339 0.885
637.207 0.868
638.032 0.825
638.875 0.843
639.714 0.839
640.583 0.869
641.4 0.817
642.226 0.826
643.083 0.857
643.909 0.826
644.685 0.776
645.493 0.808
646.281 0.788
647.073 0.792
647.833 0.76
648.558 0.725
649.287 0.729
650.006 0.719
650.691 0.685
651.344 0.653
651.983 0.639
652.61 0.627
653.228 0.618
653.833 0.605
654.437 0.604
655.037 0.6
655.65 0.613
656.266 0.616
656.901 0.635
657.561 0.66
658.257 0.696
658.987 0.73
659.735 0.748
660.478 0.743
661.195 0.717
661.873 0.678
662.544 0.671
663.234 0.69
663.961 0.727
664.722 0.761
665.51 0.788
666.305 0.795
667.052 0.747
667.805 0.753
668.522 0.717
669.197 0.675
669.875 0.678
670.579 0.704
671.38 0.801
672.231 0.851
673.115 0.884
673.987 0.872
674.85 0.863
675.712 0.862
676.541 0.829
677.352 0.811
678.136 0.784
678.853 0.717
679.578 0.725
680.316 0.738
681.088 0.772
681.813 0.725
682.554 0.741
683.339 0.785
684.212 0.873
685.08 0.868
685.885 0.805
686.661 0.776
687.436 0.775
688.279 0.843
689.153 0.874
689.998 0.845
690.847 0.849
691.69 0.843
692.505 0.815
693.307 0.802
694.144 0.837
695.009 0.865
695.921 0.912
696.723 0.802
697.545 0.822
698.409 0.864
699.273 0.864
700.11 0.837
700.961 0.851
701.855 0.894
702.77 0.915
703.611 0.841
704.472 0.861
705.35 0.878
706.257 0.907
707.093 0.836
707.956 0.863
708.889 0.933
709.769 0.88
710.574 0.805
711.418 0.844
712.314 0.896
713.144 0.83
713.993 0.849
714.862 0.869
715.714 0.852
716.511 0.797
717.341 0.83
718.237 0.896
719.089 0.852
719.894 0.805
720.74 0.846
721.642 0.902
722.581 0.939
723.401 0.82
724.23 0.829
725.128 0.898
726.003 0.875
726.823 0.82
727.677 0.854
728.553 0.876
729.404 0.851
730.247 0.843
731.125 0.878
731.96 0.835
732.767 0.807
733.594 0.827
734.472 0.878
735.324 0.852
736.137 0.813
737.013 0.876
737.93 0.917
743.989 6.059
744.79 0.801
745.609 0.819
746.404 0.795
747.229 0.825
748.119 0.89
748.997 0.878
749.829 0.832
750.64 0.811
751.497 0.857
752.375 0.878
753.216 0.841
754.025 0.809
754.857 0.832
755.713 0.856
756.53 0.817
757.326 0.796
758.158 0.832
759.015 0.857
759.82 0.805
760.614 0.794
761.414 0.8
762.292 0.878
763.142 0.85
764.005 0.863
764.885 0.88
765.833 0.948
766.695 0.862
767.521 0.826
768.351 0.83
769.255 0.904
770.127 0.872
770.934 0.807
771.735 0.801
772.621 0.886
773.491 0.87
774.29 0.799
775.096 0.806
775.883 0.787
776.671 0.788
777.515 0.844
778.354 0.839
779.161 0.807
780.008 0.847
780.872 0.864
781.729 0.857