0.000 0.741
0.741 0.741
6.189 5.448
6.999 0.81
7.729 0.73
8.456 0.727
9.464 1.008
10.351 0.887
11.213 0.862
12.021 0.808
12.834 0.813
13.627 0.793
14.366 0.739
15.062 0.696
15.747 0.685
16.41 0.663
17.059 0.649
17.703 0.644
18.404 0.701
19.196 0.792
19.717 0.521
20.714 0.997
21.56 0.846
22.393 0.833
23.208 0.815
24.008 0.8
24.779 0.771
25.566 0.787
26.361 0.795
27.086 0.725
27.987 0.901
28.793 0.806
29.63 0.837
30.459 0.829
31.326 0.867
32.167 0.841
33.02 0.853
33.86 0.84
34.688 0.828
35.519 0.831
36.354 0.835
37.179 0.825
37.99 0.811
38.79 0.8
39.602 0.812
40.445 0.843
41.313 0.868
42.141 0.828
42.446 0.305
42.74 0.294
43.07 0.33
43.325 0.255
43.956 0.631
44.235 0.279
44.546 0.311
44.821 0.275
54.374 9.553
55.182 0.808
55.977 0.795
56.704 0.727
57.645 0.941
58.513 0.868
59.337 0.824
60.127 0.79
60.59 0.463
60.845 0.255
61.285 0.44
61.7 0.415
62.507 0.807
62.833 0.326
63.197 0.364
63.471 0.274
63.753 0.282
68.41 4.657
69.24 0.83
70.074 0.834
70.894 0.82
71.687 0.793
72.384 0.697
73.126 0.742
74.127 1.001
75.01 0.883
75.684 0.674
76.015 0.331
76.3 0.285
76.722 0.422
78.44 1.718
80.705 2.265
81.057 0.352
81.349 0.292
84.408 3.059
85.126 0.718
89.389 4.263
89.66 0.271
93.54 3.88
93.87 0.33
96.511 2.641
97.339 0.828
98.138 0.799
98.917 0.779
99.711 0.794
100.536 0.825
101.376 0.84
102.191 0.815
102.989 0.798
103.82 0.831
104.67 0.85
105.537 0.867
106.381 0.844
107.172 0.791
107.963 0.791
108.766 0.803
109.585 0.819
110.4 0.815
110.998 0.598
111.938 0.94
112.686 0.748
113.454 0.768
114.254 0.8
115.086 0.832
115.867 0.781
116.631 0.764
117.43 0.799
118.257 0.827
119.038 0.781
119.785 0.747
120.507 0.722
121.227 0.72
121.981 0.754
122.792 0.811
123.608 0.816
124.394 0.786
125.2 0.806
126.006 0.806
126.81 0.804
127.581 0.771
128.353 0.772
129.15 0.797
129.967 0.817
130.763 0.796
131.539 0.776
132.311 0.772
133.119 0.808
133.933 0.814
134.743 0.81
135.506 0.763
136.266 0.76
137.005 0.739
137.701 0.696
138.403 0.702
139.113 0.71
140.04 0.927
140.885 0.845
141.719 0.834
142.537 0.818
143.336 0.799
144.116 0.78
144.905 0.789
145.701 0.796
146.497 0.796
147.281 0.784
148.062 0.781
148.866 0.804
149.677 0.811
150.47 0.793
151.248 0.778
152.006 0.758
152.794 0.788
153.568 0.774
154.293 0.725
155.083 0.79
156.015 0.932
156.853 0.838
157.715 0.862
158.603 0.888
159.463 0.86
160.258 0.795
161.014 0.756
161.754 0.74
162.517 0.763
163.313 0.796
164.096 0.783
164.882 0.786
165.692 0.81
166.513 0.821
167.318 0.805
168.112 0.794
168.898 0.786
169.682 0.784
170.477 0.795
171.251 0.774
172.036 0.785
172.813 0.777
173.602 0.789
174.408 0.806
175.199 0.791
175.961 0.762
176.711 0.75
177.445 0.734
178.234 0.789
179.049 0.815
179.883 0.834
180.677 0.794
181.45 0.773
182.254 0.804
183.063 0.809
183.886 0.823
184.683 0.797
185.462 0.779
186.25 0.788
187.053 0.803
187.878 0.825
188.693 0.815
189.495 0.802
190.279 0.784
191.084 0.805
191.88 0.796
192.653 0.773
193.423 0.77
194.182 0.759
194.966 0.784
195.785 0.819
196.607 0.822
197.386 0.779
198.166 0.78
198.953 0.787
199.773 0.82
200.566 0.793
201.334 0.768
202.117 0.783
202.916 0.799
203.754 0.838
204.534 0.78
205.241 0.707
205.96 0.719
206.922 0.962
207.755 0.833
208.565 0.81
209.339 0.774
210.121 0.782
210.913 0.792
211.711 0.798
212.517 0.806
213.304 0.787
214.088 0.784
214.884 0.796
215.681 0.797
216.469 0.788
217.234 0.765
217.981 0.747
218.741 0.76
219.509 0.768
220.265 0.756
220.993 0.728
221.699 0.706
222.454 0.755
223.258 0.804
224.083 0.825
224.854 0.771
225.604 0.75
226.362 0.758
227.11 0.748
227.841 0.731
228.532 0.691
229.207 0.675
229.902 0.695
230.61 0.708
231.356 0.746
232.158 0.802
233.015 0.857
233.831 0.816
234.624 0.793
235.424 0.8
236.237 0.813
237.051 0.814
237.869 0.818
238.654 0.785
239.431 0.777
240.201 0.77
240.976 0.775
241.758 0.782
242.523 0.765
243.298 0.775
244.157 0.859
245.043 0.886
245.925 0.882
246.754 0.829
247.574 0.82
248.405 0.831
249.229 0.824
250.027 0.798
250.805 0.778
251.569 0.764
252.341 0.772
253.114 0.773
253.881 0.767
254.631 0.75
255.423 0.792
256.219 0.796
257.031 0.812
257.824 0.793
258.589 0.765
259.351 0.762
260.144 0.793
260.945 0.801
261.726 0.781
262.496 0.77
263.287 0.791
264.095 0.808
264.879 0.784
265.65 0.771
266.431 0.781
267.252 0.821
268.078 0.826
268.875 0.797
269.663 0.788
270.473 0.81
271.29 0.817
272.113 0.823
272.91 0.797
273.69 0.78
274.461 0.771
275.242 0.781
276.034 0.792
276.828 0.794
277.62 0.792
278.433 0.813
279.34 0.907
280.067 0.727
281.017 0.95
281.834 0.817
282.626 0.792
283.436 0.81
284.223 0.787
284.988 0.765
285.759 0.771
286.539 0.78
287.295 0.756
288.032 0.737
288.762 0.73
289.537 0.775
290.33 0.793
291.083 0.753
291.819 0.736
292.555 0.736
293.321 0.766
294.093 0.772
294.849 0.756
295.614 0.765
296.405 0.791
297.197 0.792
297.98 0.783
298.748 0.768
299.492 0.744
300.226 0.734
300.982 0.756
301.732 0.75
302.483 0.751
303.24 0.757
303.963 0.723
304.709 0.746
305.433 0.724
306.14 0.707
306.808 0.668
307.478 0.67
308.145 0.667
308.821 0.676
309.546 0.725
310.363 0.817
311.183 0.82
311.98 0.797
312.699 0.719
313.415 0.716
314.396 0.981
315.265 0.869
316.094 0.829
316.816 0.722
317.53 0.714
318.472 0.942
319.297 0.825
320.093 0.796
320.852 0.759
321.621 0.769
322.427 0.806
323.21 0.783
323.956 0.746
324.67 0.714
325.403 0.733
326.166 0.763
326.924 0.758
327.657 0.733
328.429 0.772
329.182 0.753
329.907 0.725
330.621 0.714
331.348 0.727
332.083 0.735
332.801 0.718
333.523 0.722
334.269 0.746
335.019 0.75
335.766 0.747
336.521 0.755
337.242 0.721
337.917 0.675
338.575 0.658
339.228 0.653
339.856 0.628
340.473 0.617
341.116 0.643
341.869 0.753
342.625 0.756
343.352 0.727
344.087 0.735
344.794 0.707
345.526 0.732
346.279 0.753
347.045 0.766
347.772 0.727
348.502 0.73
349.255 0.753
349.988 0.733
350.689 0.701
351.356 0.667
352.039 0.683
352.717 0.678
353.412 0.695
354.119 0.707
354.837 0.718
355.602 0.765
356.376 0.774
357.137 0.761
357.905 0.768
358.665 0.76
359.382 0.717
360.068 0.686
360.746 0.678
361.4 0.654
362.068 0.668
362.77 0.702
363.514 0.744
364.27 0.756
365.005 0.735
365.721 0.716
366.444 0.723
367.185 0.741
367.928 0.743
368.661 0.733
369.395 0.734
370.153 0.758
370.904 0.751
371.658 0.754
372.385 0.727
373.168 0.783
373.973 0.805
374.785 0.812
375.567 0.782
376.353 0.786
377.16 0.807
377.972 0.812
378.753 0.781
379.527 0.774
380.349 0.822
381.194 0.845
381.968 0.774
382.69 0.722
383.381 0.691
384.137 0.756
384.936 0.799
385.75 0.814
386.537 0.787
387.324 0.787
388.164 0.84
388.999 0.835
389.783 0.784
390.561 0.778
391.372 0.811
392.191 0.819
392.967 0.776
393.722 0.755
394.513 0.791
395.315 0.802
396.115 0.8
396.921 0.806
397.694 0.773
398.448 0.754
399.147 0.699
399.851 0.704
400.601 0.75
401.354 0.753
402.1 0.746
402.828 0.728
403.574 0.746
404.353 0.779
405.211 0.858
405.983 0.772
406.733 0.75
407.492 0.759
408.312 0.82
409.09 0.778
409.907 0.817
410.691 0.784
411.478 0.787
412.301 0.823
413.134 0.833
413.937 0.803
414.723 0.786
415.56 0.837
416.367 0.807
417.141 0.774
417.902 0.761
418.673 0.771
419.432 0.759
420.159 0.727
420.857 0.698
421.527 0.67
422.183 0.656
422.895 0.712
423.717 0.822
424.558 0.841
425.385 0.827
426.2 0.815
426.984 0.784
427.748 0.764
428.504 0.756
429.27 0.766
430.068 0.798
430.87 0.802
431.724 0.854
432.544 0.82
433.365 0.821
434.219 0.854
435.088 0.869
435.942 0.854
436.77 0.828
437.583 0.813
438.409 0.826
439.251 0.842
440.078 0.827
440.909 0.831
441.691 0.782
442.46 0.769
443.254 0.794
444.057 0.803
444.82 0.763
445.613 0.793
446.416 0.803
447.211 0.795
448.001 0.79
448.764 0.763
449.565 0.801
450.374 0.809
451.151 0.777
451.919 0.768
452.652 0.733
453.423 0.771
454.182 0.759
454.914 0.732
455.644 0.73
456.405 0.761
457.163 0.758
457.972 0.809
458.793 0.821
459.587 0.794
460.364 0.777
461.193 0.829
462.019 0.826
462.835 0.816
463.588 0.753
464.307 0.719
465.017 0.71
465.727 0.71
466.423 0.696
467.181 0.758
467.994 0.813
468.802 0.808
469.578 0.776
470.365 0.787
471.157 0.792
471.938 0.781
472.691 0.753
473.416 0.725
474.151 0.735
474.881 0.73
475.733 0.852
476.505 0.772
477.299 0.794
478.044 0.745
478.811 0.767
479.58 0.769
480.287 0.707
480.984 0.697
481.647 0.663
482.306 0.659
483.006 0.7
483.762 0.756
484.482 0.72
485.226 0.744
485.96 0.734
486.687 0.727
487.397 0.71
488.099 0.702
488.83 0.731
489.615 0.785
490.373 0.758
491.123 0.75
491.885 0.762
492.744 0.859
493.58 0.836
494.398 0.818
495.187 0.789
495.962 0.775
496.749 0.787
497.525 0.776
498.278 0.753
499.01 0.732
499.773 0.763
500.611 0.838
501.467 0.856
502.29 0.823
503.098 0.808
503.886 0.788
504.686 0.8
505.502 0.816
506.292 0.79
507.06 0.768
507.875 0.815
508.711 0.836
509.521 0.81
510.299 0.778
511.066 0.767
511.858 0.792
512.655 0.797
513.453 0.798
514.22 0.767
515.013 0.793
515.837 0.824
516.671 0.834
517.501 0.83
518.297 0.796
519.093 0.796
519.858 0.765
520.594 0.736
521.309 0.715
522.015 0.706
522.756 0.741
523.616 0.86
524.572 0.956
525.423 0.851
526.203 0.78
526.994 0.791
527.815 0.821
528.626 0.811
529.402 0.776
530.169 0.767
530.919 0.75
531.714 0.795
532.525 0.811
533.296 0.771
534.033 0.737
534.828 0.795
535.654 0.826
536.436 0.782
537.206 0.77
537.993 0.787
538.778 0.785
539.594 0.816
540.328 0.734
541.072 0.744
541.838 0.766
542.605 0.767
543.371 0.766
544.108 0.737
544.844 0.736
545.597 0.753
546.413 0.816
547.212 0.799
547.995 0.783
548.798 0.803
549.67 0.872
550.526 0.856
551.334 0.808
552.116 0.782
552.899 0.783
553.685 0.786
554.467 0.782
555.21 0.743
555.926 0.716
556.641 0.715
557.431 0.79
558.196 0.765
558.947 0.751
559.697 0.75
560.51 0.813
561.329 0.819
562.163 0.834
562.943 0.78
563.677 0.734
564.431 0.754
565.222 0.791
565.995 0.773
566.735 0.74
567.5 0.765
568.275 0.775
569.078 0.803
569.891 0.813
570.638 0.747
571.357 0.719
572.055 0.698
572.75 0.695
573.449 0.699
574.161 0.712
574.881 0.72
575.628 0.747
576.464 0.836
577.278 0.814
578.066 0.788
578.821 0.755
579.603 0.782
580.428 0.825
581.193 0.765
581.936 0.743
582.651 0.715
583.377 0.726
584.138 0.761
584.917 0.779
585.663 0.746
586.395 0.732
587.159 0.764
587.917 0.758
588.674 0.757
589.403 0.729
590.15 0.747
590.909 0.759
591.674 0.765
592.427 0.753
593.159 0.732
593.896 0.737
594.691 0.795
595.454 0.763
596.192 0.738
596.926 0.734
597.674 0.748
598.44 0.766
599.139 0.699
599.806 0.667
600.487 0.681
601.186 0.699
601.9 0.714
602.635 0.735
603.353 0.718
604.064 0.711
604.809 0.745
605.537 0.728
606.272 0.735
606.992 0.72
607.701 0.709
608.44 0.739
609.19 0.75
609.956 0.766
610.701 0.745
611.43 0.729
612.194 0.764
612.939 0.745
613.684 0.745
614.411 0.727
615.127 0.716
615.879 0.752
616.62 0.741
617.372 0.752
618.112 0.74
618.827 0.715
619.542 0.715
620.326 0.784
621.058 0.732
621.779 0.721
622.566 0.787
623.321 0.755
624.08 0.759
624.818 0.738
625.517 0.699
626.185 0.668
626.836 0.651
627.519 0.683
628.206 0.687
628.888 0.682
629.583 0.695
630.26 0.677
630.917 0.657
631.604 0.687
632.282 0.678
632.943 0.661
633.597 0.654
634.257 0.66
634.978 0.721
635.718 0.74
636.462 0.744
637.19 0.728
637.941 0.751
638.715 0.774
639.497 0.782
640.294 0.797
641.062 0.768
641.839 0.777
642.628 0.789
643.421 0.793
644.194 0.773
644.932 0.738
645.653 0.721
646.386 0.733
647.119 0.733
647.84 0.721
648.588 0.748
649.381 0.793
650.22 0.839
651.061 0.841
651.853 0.792
652.645 0.792
653.462 0.817
654.265 0.803
655.033 0.768
655.799 0.766
656.569 0.77
657.348 0.779
658.114 0.766
658.849 0.735
659.579 0.73
660.351 0.772
661.151 0.8
661.98 0.829
662.777 0.797
663.565 0.788
664.385 0.82
665.208 0.823
666.001 0.793
666.756 0.755
667.495 0.739
668.244 0.749
669.016 0.772
669.82 0.804
670.608 0.788
671.405 0.797
672.248 0.843
673.099 0.851
673.942 0.843
674.73 0.788
675.503 0.773
676.276 0.773
677.038 0.762
677.771 0.733
678.479 0.708
679.21 0.731
679.965 0.755
680.702 0.737
681.421 0.719
682.194 0.773
682.944 0.75
683.652 0.708
684.356 0.704
685.083 0.727
685.807 0.724
686.522 0.715
687.255 0.733
687.978 0.723
688.672 0.694
689.346 0.674
690.015 0.669
690.691 0.676
691.377 0.686
692.072 0.695
692.783 0.711
693.514 0.731
694.249 0.735
694.984 0.735
695.709 0.725
696.471 0.762
697.235 0.764
698.001 0.766
698.759 0.758
699.47 0.711
700.161 0.691
700.855 0.694
701.548 0.693
702.234 0.686
702.907 0.673
703.564 0.657
704.279 0.715
705.039 0.76
705.796 0.757
706.543 0.747
707.287 0.744
708.047 0.76
708.752 0.705
709.424 0.672
710.085 0.661
710.725 0.64
711.374 0.649
712.011 0.637
712.658 0.647
713.307 0.649
713.954 0.647
714.64 0.686
715.319 0.679
715.988 0.669
716.649 0.661
717.321 0.672
718.028 0.707
718.751 0.723
719.515 0.764
720.298 0.783
721.092 0.794
721.884 0.792
722.666 0.782
723.46 0.794
724.245 0.785
725.02 0.775
725.775 0.755
726.522 0.747
727.296 0.774
728.101 0.805
728.909 0.808
729.664 0.755
730.426 0.762
731.245 0.819
732.045 0.8
732.808 0.763
733.609 0.801
734.498 0.889
735.328 0.83
736.128 0.8
736.917 0.789
737.698 0.781
738.471 0.773
739.222 0.751
739.967 0.745
740.736 0.769
741.512 0.776
742.284 0.772
743.022 0.738
743.789 0.767
744.609 0.82
745.407 0.798
746.169 0.762
746.898 0.729
747.619 0.721
748.308 0.689
748.973 0.665
749.616 0.643
750.277 0.661
750.914 0.637
751.534 0.62
752.194 0.66
752.863 0.669
753.551 0.688
754.225 0.674
754.938 0.713
755.685 0.747
756.403 0.718
757.104 0.701
757.768 0.664
758.441 0.673
759.138 0.697
759.882 0.744
760.59 0.708
761.276 0.686
761.938 0.662
762.577 0.639
763.239 0.662
763.931 0.692
764.644 0.713
765.412 0.768
766.169 0.757
766.902 0.733
767.63 0.728
768.359 0.729
769.077 0.718
769.772 0.695
770.466 0.694
771.166 0.7
771.941 0.775
772.714 0.773
773.498 0.784
774.249 0.751
775.006 0.757
775.766 0.76
776.515 0.749
777.236 0.721
777.971 0.735
778.748 0.777
779.507 0.759
780.25 0.743
780.984 0.734
781.74 0.756
782.506 0.766
783.22 0.714
783.916 0.696
784.607 0.691
785.345 0.738
786.081 0.736
786.821 0.74
787.541 0.72
788.268 0.727
789.012 0.744
789.846 0.834
790.643 0.797
791.402 0.759
792.115 0.713
792.792 0.677
793.456 0.664
794.102 0.646
794.81 0.708
795.534 0.724
796.212 0.678
796.855 0.643
797.49 0.635
798.128 0.638
798.785 0.657
799.472 0.687
800.175 0.703
800.926 0.751
801.698 0.772
802.479 0.781
803.249 0.77
803.988 0.739
804.721 0.733
805.488 0.767
806.251 0.763
807.034 0.783
807.828 0.794
808.605 0.777
809.353 0.748
810.26 0.907
811.043 0.783
811.825 0.782
812.61 0.785
813.348 0.738
814.094 0.746
815.027 0.933
815.831 0.804
816.569 0.738
817.273 0.704
817.966 0.693
818.91 0.944
819.711 0.801
820.453 0.742
821.186 0.733
821.907 0.721
822.641 0.734
823.363 0.722
824.09 0.727
824.849 0.759
825.643 0.794
826.431 0.788
827.207 0.776
827.94 0.733
828.728 0.788
829.507 0.779
830.277 0.77
831.022 0.745
831.729 0.707
832.421 0.692
833.079 0.658
833.735 0.656
834.46 0.725
835.179 0.719
835.91 0.731
836.639 0.729
837.399 0.76
838.184 0.785
838.958 0.774
839.73 0.772
840.521 0.791
841.283 0.762
842.004 0.721
842.695 0.691
843.393 0.698
844.157 0.764
844.923 0.766
845.664 0.741
846.476 0.812
847.307 0.831
848.092 0.785
848.878 0.786
849.688 0.81
850.491 0.803
851.225 0.734
851.951 0.726
852.77 0.819
853.548 0.778
854.298 0.75
855.084 0.786
855.879 0.795
856.703 0.824
857.507 0.804
858.297 0.79
859.081 0.784
859.879 0.798
860.662 0.783
861.412 0.75
862.197 0.785
862.977 0.78
863.763 0.786
864.556 0.793
865.304 0.748
866.129 0.825
867.045 0.916
867.868 0.823
868.645 0.777
869.413 0.768
870.19 0.777
870.965 0.775
871.708 0.743
872.428 0.72
873.196 0.768
873.977 0.781
874.781 0.804
875.571 0.79
876.341 0.77
877.167 0.826
878.006 0.839
878.827 0.821
879.606 0.779
880.381 0.775
881.164 0.783
881.946 0.782
882.727 0.781
883.477 0.75
884.242 0.765
885.005 0.763
885.784 0.779
886.549 0.765
887.335 0.786
888.133 0.798
888.93 0.797
889.69 0.76
890.448 0.758
891.227 0.779
892.007 0.78
892.773 0.766
893.541 0.768
894.288 0.747
895.055 0.767
895.806 0.751
896.538 0.732
897.259 0.721
897.983 0.724
898.759 0.776
899.527 0.768
900.268 0.741
901.025 0.757
901.768 0.743
902.518 0.75
903.275 0.757
904.002 0.727
904.718 0.716
905.445 0.727
906.177 0.732
906.927 0.75
907.657 0.73
908.373 0.716
909.092 0.719
909.85 0.758
910.605 0.755
911.338 0.733
912.074 0.736
912.823 0.749
913.579 0.756
914.335 0.756
915.082 0.747
915.825 0.743
916.569 0.744
917.297 0.728
918.008 0.711
918.689 0.681
919.394 0.705
920.124 0.73
920.846 0.722
921.549 0.703
922.26 0.711
923.0 0.74
923.773 0.773
924.511 0.738
925.238 0.727
925.972 0.734
926.708 0.736
927.456 0.748
928.199 0.743
928.929 0.73
929.666 0.737
930.387 0.721
931.135 0.748
931.861 0.726
932.571 0.71
933.284 0.713
934.011 0.727
934.762 0.751
935.494 0.732
936.22 0.726
936.986 0.766
937.751 0.765
938.499 0.748
939.251 0.752
940.016 0.765
940.793 0.777
941.561 0.768
942.299 0.738
943.026 0.727
943.745 0.719
944.472 0.727
945.221 0.749
945.949 0.728
946.68 0.731
947.385 0.705
948.109 0.724
948.849 0.74
949.601 0.752
950.331 0.73
951.041 0.71
951.744 0.703
952.428 0.684
953.079 0.651
953.706 0.627
954.322 0.616
954.947 0.625
955.569 0.622
956.183 0.614
956.794 0.611
957.423 0.629
958.093 0.67
958.76 0.667
959.429 0.669
960.131 0.702
960.821 0.69
961.495 0.674
962.179 0.684
962.85 0.671
963.505 0.655
964.175 0.67
964.871 0.696
965.537 0.666
966.174 0.637
966.78 0.606
967.366 0.586
967.951 0.585
968.538 0.587
969.161 0.623
969.839 0.678
970.534 0.695
971.226 0.692
971.918 0.692
972.615 0.697
973.319 0.704
974.039 0.72
974.788 0.749
975.545 0.757
976.317 0.772
977.068 0.751
977.833 0.765
978.618 0.785
979.409 0.791
980.178 0.769
980.966 0.788
981.785 0.819
982.63 0.845
983.488 0.858
984.319 0.831
985.125 0.806
985.938 0.813
986.761 0.823
987.601 0.84
988.456 0.855
989.313 0.857
990.158 0.845
991.035 0.877
991.91 0.875
992.784 0.874
993.636 0.852
994.424 0.788
995.326 0.902
996.185 0.859
997.024 0.839
997.852 0.828
998.674 0.822
999.516 0.842
1000.347 0.831
1001.167 0.82
1001.969 0.802
1002.813 0.844
1003.673 0.86
1004.497 0.824
1005.316 0.819
1006.146 0.83
1006.982 0.836
1007.804 0.822
1008.608 0.804
1009.343 0.735
1010.312 0.969
1011.17 0.858
1012.014 0.844
1012.827 0.813
1013.63 0.803
1014.431 0.801
1015.275 0.844
1016.114 0.839
1016.927 0.813
1017.693 0.766
1018.434 0.741
1019.417 0.983
1020.283 0.866
1021.138 0.855
1021.971 0.833
1022.787 0.816
1023.617 0.83
1024.464 0.847
1025.297 0.833
1026.119 0.822
1026.851 0.732
1027.621 0.77
1028.558 0.937
1029.381 0.823
1030.187 0.806
1031.002 0.815
1031.831 0.829
1032.725 0.894
1033.527 0.802
1034.318 0.791
1035.125 0.807
1035.95 0.825
1036.784 0.834
1043.823 0.839
1044.662 0.839
1045.428 0.766
1046.208 0.78
1046.981 0.773
1047.732 0.751
1048.474 0.742
1049.248 0.774
1050.039 0.791
1050.812 0.773
1051.575 0.763
1052.386 0.811
1053.203 0.817
1054.039 0.836
1054.833 0.794
1055.604 0.771
1056.365 0.761
1057.129 0.764
1057.896 0.767
1058.653 0.757
1059.412 0.759
1060.201 0.789
1060.984 0.783
1061.74 0.756
1062.467 0.727
1063.205 0.738
1063.953 0.748
1064.693 0.74
1065.412 0.719
1066.101 0.689
1066.756 0.655
1067.422 0.666
1068.113 0.691
1068.835 0.722
1069.593 0.758
1070.383 0.79
1071.151 0.768
1071.902 0.751
1072.63 0.728
1073.387 0.757
1074.167 0.78
1074.951 0.784
1075.722 0.771
1076.532 0.81
1077.382 0.85
1078.238 0.856
1079.077 0.839
1079.908 0.831
1080.735 0.827
1081.549 0.814
1082.356 0.807
1083.148 0.792
1083.958 0.81
1084.798 0.84
1085.657 0.859
1086.516 0.859
1087.354 0.838
1088.201 0.847
1089.053 0.852
1089.897 0.844
1090.714 0.817
1091.512 0.798
1092.319 0.807
1093.127 0.808
1093.924 0.797
1094.7 0.776
1095.492 0.792
1096.309 0.817
1097.164 0.855
1097.974 0.81
1098.753 0.779
1099.573 0.82
1100.411 0.838
1101.219 0.808
1101.998 0.779
1102.774 0.776
1103.569 0.795
1104.359 0.79
1105.125 0.766
1105.871 0.746
1106.635 0.764
1107.413 0.778
1108.189 0.776
1108.974 0.785
1109.782 0.808
1110.634 0.852
1111.474 0.84
1112.296 0.822
1113.102 0.806
1113.919 0.817
1114.683 0.764
1115.453 0.77
1116.174 0.721
1116.87 0.696
1117.58 0.71
1118.281 0.701
1118.981 0.7
1119.74 0.759
1120.5 0.76
1121.225 0.725
1121.957 0.732
1122.693 0.736
1123.427 0.734
1124.154 0.727
1124.838 0.684
1125.506 0.668
1126.174 0.668
1126.835 0.661
1127.482 0.647
1128.123 0.641
1128.759 0.636
1129.378 0.619
1129.983 0.605
1130.567 0.584
1131.141 0.574
1131.708 0.567
1132.274 0.566
1132.841 0.567
1133.405 0.564
1133.967 0.562
1134.548 0.581
1135.167 0.619
1135.813 0.646
1136.507 0.694
1137.213 0.706
1137.949 0.736
1138.709 0.76
1139.47 0.761
1140.199 0.729
1140.907 0.708
1141.586 0.679
1142.269 0.683
1142.982 0.713
1143.708 0.726
1144.443 0.735
1145.246 0.803
1146.071 0.825
1146.873 0.802
1147.636 0.763
1148.389 0.753
1149.104 0.715
1149.794 0.69
1150.464 0.67
1151.146 0.682
1151.849 0.703
1152.708 0.859
1153.422 0.714
1154.099 0.677
1154.75 0.651
1155.405 0.655
1156.068 0.663
1156.749 0.681
1157.432 0.683
1158.112 0.68
1158.8 0.688
1159.517 0.717
1160.263 0.746
1160.996 0.733
1161.72 0.724
1162.446 0.726
1163.19 0.744
1163.909 0.719
1164.612 0.703
1165.306 0.694
1165.966 0.66
1166.606 0.64
1167.239 0.633
1167.911 0.672
1168.769 0.858
1169.659 0.89
1170.521 0.862
1171.349 0.828
1172.163 0.814
1172.979 0.816
1173.779 0.8
1174.559 0.78
1175.307 0.748
1176.017 0.71
1176.696 0.679
1177.385 0.689
1178.168 0.783
1179.038 0.87
1179.849 0.811
1180.613 0.764
1181.397 0.784
1182.211 0.814
1182.989 0.778
1183.729 0.74
1184.43 0.701
1185.121 0.691
1185.834 0.713
1186.571 0.737
1187.341 0.77
1188.121 0.78
1188.912 0.791
1189.707 0.795
1190.514 0.807
1191.325 0.811
1192.132 0.807
1192.941 0.809
1193.758 0.817
1194.573 0.815
1195.383 0.81
1196.204 0.821
1196.994 0.79
1197.799 0.805
1198.653 0.854
1199.518 0.865
1200.394 0.876
1201.266 0.872
1202.126 0.86
1202.975 0.849
1203.809 0.834
1204.642 0.833
1205.427 0.785
1206.216 0.789
1206.918 0.702
1207.639 0.721
1208.451 0.812
1209.144 0.693
1209.794 0.65
1210.457 0.663
1211.11 0.653
1211.748 0.638
1212.385 0.637
1213.023 0.638
1213.688 0.665
1214.393 0.705
1215.129 0.736
1215.882 0.753
1216.654 0.772
1217.439 0.785
1218.189 0.75
1218.911 0.722
1219.603 0.692
1220.272 0.669
1220.986 0.714
1221.758 0.772
1222.627 0.869
1223.469 0.842
1224.253 0.784
1225.036 0.783
1225.87 0.834
1226.714 0.844
1227.521 0.807
1228.331 0.81
1229.167 0.836
1229.907 0.74
1230.603 0.696
1231.325 0.722
1232.302 0.977
1233.172 0.87
1234.017 0.845
1234.817 0.8
1235.614 0.797
1236.451 0.837
1237.275 0.824
1238.09 0.815
1238.899 0.809
1239.715 0.816
1240.55 0.835
1241.366 0.816
1242.096 0.73
1242.826 0.73
1243.752 0.926
1244.568 0.816
1245.356 0.788
1246.111 0.755
1246.884 0.773
1247.703 0.819
1248.607 0.904
1249.457 0.85
1250.359 0.902
1251.194 0.835
1252.038 0.844
1252.851 0.813
1253.64 0.789
1254.413 0.773
1255.186 0.773
1255.951 0.765
1256.717 0.766
1257.491 0.774
1258.262 0.771
1259.022 0.76
1259.776 0.754
1260.528 0.752
1261.298 0.77
1262.101 0.803
1262.923 0.822
1263.721 0.798
1264.505 0.784
1265.299 0.794
1266.034 0.735
1266.728 0.694
1267.486 0.758
1268.409 0.923
1269.195 0.786
1269.92 0.725
1270.685 0.765
1271.448 0.763
1272.24 0.792
1273.035 0.795
1273.818 0.783
1274.609 0.791
1275.403 0.794
1276.176 0.773
1276.947 0.771
1277.762 0.815
1278.606 0.844
1279.397 0.791
1280.117 0.72
1280.843 0.726
1281.815 0.972
1282.676 0.861
1283.534 0.858
1284.361 0.827
1285.18 0.819
1285.976 0.796
1286.739 0.763
1287.475 0.736
1288.187 0.712
1288.891 0.704
1289.619 0.728
1290.349 0.73
1291.092 0.743
1291.84 0.748
1292.577 0.737
1293.32 0.743
1294.073 0.753
1294.798 0.725
1295.503 0.705
1296.184 0.681
1296.84 0.656
1297.477 0.637
1298.127 0.65
1298.806 0.679
1299.489 0.683
1300.214 0.725
1300.999 0.785
1301.827 0.828
1302.639 0.812
1303.429 0.79
1304.217 0.788
1305.016 0.799
1305.793 0.777
1306.568 0.775
1307.375 0.807
1308.185 0.81
1308.991 0.806
1309.777 0.786
1310.559 0.782
1311.29 0.731
1312.031 0.741
1312.943 0.912
1313.768 0.825
1314.585 0.817
1315.364 0.779
1316.121 0.757
1316.869 0.748
1317.623 0.754
1318.402 0.779
1319.194 0.792
1319.982 0.788
1320.763 0.781
1321.573 0.81
1322.43 0.857
1323.247 0.817
1324.05 0.803
1324.82 0.77
1325.56 0.74
1326.21 0.65
1326.887 0.677
1327.713 0.826
1328.444 0.731
1329.16 0.716
1329.862 0.702
1330.555 0.693
1331.242 0.687
1331.938 0.696
1332.648 0.71
1333.353 0.705
1334.061 0.708
1334.828 0.767
1335.719 0.891
1336.58 0.861
1337.424 0.844
1338.253 0.829
1339.109 0.856
1339.989 0.88
1340.855 0.866
1341.639 0.784
1342.371 0.732
1343.057 0.686
1343.722 0.665
1344.387 0.665
1345.055 0.668
1345.748 0.693
1346.471 0.723
1347.211 0.74
1347.943 0.732
1348.696 0.753
1349.472 0.776
1350.247 0.775
1351.008 0.761
1351.81 0.802
1352.477 0.667
1353.131 0.654
1353.798 0.667
1354.651 0.853
1355.426 0.775
1356.194 0.768
1356.974 0.78
1357.736 0.762
1358.503 0.767
1359.274 0.771
1360.035 0.761
1360.769 0.734
1361.491 0.722
1362.184 0.693
1362.885 0.701
1363.626 0.741
1364.386 0.76
1365.167 0.781
1365.947 0.78
1366.689 0.742
1367.397 0.708
1368.04 0.643
1368.674 0.634
1369.515 0.841
1370.279 0.764
1371.085 0.806
1371.884 0.799
1372.67 0.786
1373.433 0.763
1374.18 0.747
1374.945 0.765
1375.757 0.812
1376.584 0.827
1377.415 0.831
1378.237 0.822
1379.045 0.808
1379.791 0.746
1380.519 0.728
1381.492 0.973
1382.404 0.912
1383.229 0.825
1384.041 0.812
1384.861 0.82
1385.686 0.825
1386.501 0.815
1387.323 0.822
1388.173 0.85
1389.051 0.878
1389.902 0.851
1390.727 0.825
1391.549 0.822
1392.375 0.826
1393.203 0.828
1394.011 0.808
1394.797 0.786
1395.58 0.783
1396.38 0.8
1397.174 0.794
1397.969 0.795
1398.76 0.791
1399.563 0.803
1400.387 0.824
1401.217 0.83
1402.03 0.813
1402.814 0.784
1403.598 0.784
1404.376 0.778
1405.129 0.753
1405.867 0.738
1406.611 0.744
1407.378 0.767
1408.197 0.819
1409.009 0.812
1409.79 0.781
1410.566 0.776
1411.365 0.799
1412.181 0.816
1413.009 0.828
1413.818 0.809
1414.547 0.729
1415.253 0.706
1416.169 0.916
1416.978 0.809
1417.783 0.805
1418.563 0.78
1419.316 0.753
1420.051 0.735
1420.81 0.759
1421.597 0.787
1422.405 0.808
1423.225 0.82
1424.012 0.787
1424.781 0.769
1425.532 0.751
1426.235 0.703
1427.1 0.865
1427.881 0.781
1428.683 0.802
1429.466 0.783
1430.216 0.75
1430.985 0.769
1431.8 0.815
1432.641 0.841
1433.49 0.849
1434.287 0.797
1435.083 0.796
1435.873 0.79
1436.581 0.708
1437.28 0.699
1438.019 0.739
1438.891 0.872
1439.603 0.712
1440.306 0.703
1440.994 0.688
1441.669 0.675
1442.364 0.695
1443.063 0.699
1443.766 0.703
1444.44 0.674
1445.073 0.633
1445.698 0.625
1446.301 0.603
1446.895 0.594
1447.483 0.588
1448.069 0.586
1448.657 0.588