0.000 2.885
2.885 2.885
3.712 0.827
4.446 0.734
5.164 0.718
5.907 0.743
6.795 0.888
7.754 0.959
8.706 0.952
9.563 0.857
10.382 0.819
11.202 0.82
12.12 0.918
13.133 1.013
14.222 1.089
15.274 1.052
16.229 0.955
17.093 0.864
17.946 0.853
18.775 0.829
19.624 0.849
20.546 0.922
21.537 0.991
22.558 1.021
23.528 0.97
24.423 0.895
25.289 0.866
26.155 0.866
27.119 0.964
28.15 1.031
29.235 1.085
30.338 1.103
31.341 1.003
32.26 0.919
33.134 0.874
34.006 0.872
34.998 0.992
36.138 1.14
37.267 1.129
38.356 1.089
39.37 1.014
40.261 0.891
41.122 0.861
41.969 0.847
42.818 0.849
43.8 0.982
44.891 1.091
45.962 1.071
47.014 1.052
48.015 1.001
48.981 0.966
49.884 0.903
50.715 0.831
51.522 0.807
52.292 0.77
53.026 0.734
53.777 0.751
54.742 0.965
55.758 1.016
56.861 1.103
57.95 1.089
58.988 1.038
60.018 1.03
60.99 0.972
61.84 0.85
62.728 0.888
63.646 0.918
64.563 0.917
65.441 0.878
66.311 0.87
67.204 0.893
68.193 0.989
69.254 1.061
70.356 1.102
71.415 1.059
72.449 1.034
73.464 1.015
74.425 0.961
75.308 0.883
76.162 0.854
77.018 0.856
77.947 0.929
79.0 1.053
80.063 1.063
81.111 1.048
82.136 1.025
83.132 0.996
84.037 0.905
84.895 0.858
85.716 0.821
86.505 0.789
87.293 0.788
88.087 0.794
88.875 0.788
89.672 0.797
90.495 0.823
91.351 0.856
92.229 0.878
93.142 0.913
93.991 0.849
94.841 0.85
95.675 0.834
96.469 0.794
97.32 0.851
98.222 0.902
99.17 0.948
100.094 0.924
101.008 0.914
101.882 0.874
102.72 0.838
103.546 0.826
104.466 0.92
105.428 0.962
106.433 1.005
107.355 0.922
108.17 0.815
108.958 0.788
109.719 0.761
110.438 0.719
111.142 0.704
111.843 0.701
112.602 0.759
113.438 0.836
114.308 0.87
115.206 0.898
116.184 0.978
117.123 0.939
117.984 0.861
118.802 0.818
119.647 0.845
120.603 0.956
120.913 0.31
121.269 0.356
121.823 0.554
122.908 1.085
123.921 1.013
124.87 0.949
125.823 0.953
126.757 0.934
127.829 1.072
128.952 1.123
130.071 1.119
131.083 1.012
132.069 0.986
133.014 0.945
133.905 0.891
134.803 0.898
135.767 0.964
136.82 1.053
137.929 1.109
139.055 1.126
140.128 1.073
141.141 1.013
142.095 0.954
143.025 0.93
144.031 1.006
145.129 1.098
146.181 1.052
147.196 1.015
148.169 0.973
149.088 0.919
149.99 0.902
150.884 0.894
151.882 0.998
152.978 1.096
154.066 1.088
155.098 1.032
156.114 1.016
157.089 0.975
158.03 0.941
158.951 0.921
159.936 0.985
160.982 1.046
162.032 1.05
163.026 0.994
164.012 0.986
165.003 0.991
165.959 0.956
166.844 0.885
167.697 0.853
168.517 0.82
169.336 0.819
170.221 0.885
171.193 0.972
172.167 0.974
173.108 0.941
174.032 0.924
175.041 1.009
176.112 1.071
177.17 1.058
178.193 1.023
179.187 0.994
180.141 0.954
181.071 0.93
182.084 1.013
183.179 1.095
184.234 1.055
185.325 1.091
186.394 1.069
187.417 1.023
188.424 1.007
189.412 0.988
190.38 0.968
191.286 0.906
192.22 0.934
193.21 0.99
194.305 1.095
195.36 1.055
196.359 0.999
197.355 0.996
198.315 0.96
199.221 0.906
200.104 0.883
201.042 0.938
202.002 0.96
202.971 0.969
203.944 0.973
204.907 0.963
205.851 0.944
206.774 0.923
207.692 0.918
208.678 0.986
209.721 1.043
210.807 1.086
211.846 1.039
212.9 1.054
213.967 1.067
214.977 1.01
215.971 0.994
216.907 0.936
217.81 0.903
218.787 0.977
219.788 1.001
220.793 1.005
221.792 0.999
222.749 0.957
223.651 0.902
224.54 0.889
225.449 0.909
226.424 0.975
227.441 1.017
228.465 1.024
229.473 1.008
230.454 0.981
231.378 0.924
232.26 0.882
233.109 0.849
233.989 0.88
234.876 0.887
235.708 0.832
236.57 0.862
237.372 0.802
238.161 0.789
238.953 0.792
239.787 0.834
240.668 0.881
241.58 0.912
242.476 0.896
243.369 0.893
244.271 0.902
245.147 0.876
245.977 0.83
246.863 0.886
247.763 0.9
248.721 0.958
249.661 0.94
250.624 0.963
251.611 0.987
252.609 0.998
253.607 0.998
254.523 0.916
255.414 0.891
256.318 0.904
257.235 0.917
258.091 0.856
258.997 0.906
259.906 0.909
260.776 0.87
261.615 0.839
262.444 0.829
263.375 0.931
264.463 1.088
265.464 1.001
266.42 0.956
267.43 1.01
268.445 1.015
269.428 0.983
270.347 0.919
271.223 0.876
272.145 0.922
273.186 1.041
274.231 1.045
275.232 1.001
276.172 0.94
277.095 0.923
278.108 1.013
279.139 1.031
280.149 1.01
281.037 0.888
281.889 0.852
282.733 0.844
283.531 0.798
284.285 0.754
285.021 0.736
285.734 0.713
286.426 0.692
287.14 0.714
287.944 0.804
288.824 0.88
289.714 0.89
290.596 0.882
291.493 0.897
292.348 0.855
293.153 0.805
293.93 0.777
294.751 0.821
295.649 0.898
296.62 0.971
297.624 1.004
298.626 1.002
299.603 0.977
300.529 0.926
301.425 0.896
302.285 0.86
303.157 0.872
304.074 0.917
305.077 1.003
306.11 1.033
307.113 1.003
308.077 0.964
309.002 0.925
309.858 0.856
310.691 0.833
311.5 0.809
312.34 0.84
313.288 0.948
314.283 0.995
315.308 1.025
316.297 0.989
317.276 0.979
318.202 0.926
319.136 0.934
320.036 0.9
320.835 0.799
321.62 0.785
322.288 0.668
323.188 0.9
323.951 0.763
324.753 0.802
325.619 0.866
326.606 0.987
327.594 0.988
328.493 0.899
329.061 0.568
329.581 0.52
330.114 0.533
330.67 0.556
331.092 0.422
333.935 2.843
334.78 0.845
335.614 0.834
336.432 0.818
337.267 0.835
338.075 0.808
338.852 0.777
339.651 0.799
340.449 0.798
341.347 0.898
342.23 0.883
342.574 0.344
343.058 0.484
343.844 0.786
344.651 0.807
345.493 0.842
346.35 0.857
347.132 0.782
347.944 0.812
348.773 0.829
349.546 0.773
350.309 0.763
351.068 0.759
351.779 0.711
352.453 0.674
353.133 0.68
353.81 0.677
354.469 0.659
355.111 0.642
355.82 0.709
357.142 1.322
357.703 0.561
358.426 0.723
359.17 0.744
359.562 0.392
359.962 0.4
360.856 0.894
367.998 1.004
368.969 0.971
369.947 0.978
370.856 0.909
371.758 0.902
372.741 0.983
373.712 0.971
374.731 1.019
375.717 0.986
376.676 0.959
377.665 0.989
378.641 0.976
379.558 0.917
380.456 0.898
381.408 0.952
382.338 0.93
383.225 0.887
384.12 0.895
385.086 0.966
386.218 1.132
387.253 1.035
388.237 0.984
389.236 0.999
390.139 0.903
390.391 0.252
390.651 0.26
390.987 0.336
391.792 0.805
392.572 0.78
393.344 0.772
393.711 0.367
394.37 0.659
394.784 0.414
395.675 0.891
396.668 0.993
397.665 0.997
398.666 1.001
399.575 0.909
400.511 0.936
401.467 0.956
402.402 0.935
403.29 0.888
404.168 0.878
405.138 0.97
406.151 1.013
407.19 1.039
408.213 1.023
409.227 1.014
410.297 1.07
411.36 1.063
412.344 0.984
413.351 1.007
414.381 1.03
415.357 0.976
416.354 0.997
417.426 1.072
418.476 1.05
419.458 0.982
420.461 1.003
421.58 1.119
422.599 1.019
423.478 0.879
424.362 0.884
425.226 0.864
426.163 0.937
427.169 1.006
428.192 1.023
429.194 1.002
430.097 0.903
431.044 0.947
432.12 1.076
433.201 1.081
434.274 1.073
435.258 0.984
436.327 1.069
437.459 1.132
438.575 1.116
439.647 1.072
440.615 0.968
441.635 1.02
442.693 1.058
443.771 1.078
444.803 1.032
445.845 1.042
446.994 1.149
448.077 1.083
449.112 1.035
450.046 0.934
451.01 0.964
452.115 1.105
453.28 1.165
454.376 1.096
455.45 1.074
456.465 1.015
457.469 1.004
458.548 1.079
459.647 1.099
460.689 1.042
461.671 0.982
462.641 0.97
463.734 1.093
464.907 1.173
466.074 1.167
467.153 1.079
468.129 0.976
469.136 1.007
470.184 1.048
471.241 1.057
472.242 1.001
473.248 1.006
474.321 1.073
475.42 1.099
476.483 1.063
477.513 1.03
478.601 1.088
479.68 1.079
480.787 1.107
481.89 1.103
482.948 1.058
483.981 1.033
485.047 1.066
486.082 1.035
487.063 0.981
488.064 1.001
489.161 1.097
490.266 1.105
491.257 0.991
492.18 0.923
493.163 0.983
494.219 1.056
495.291 1.072
496.298 1.007
497.253 0.955
498.176 0.923
499.18 1.004
500.246 1.066
501.277 1.031
502.27 0.993
503.204 0.934
504.095 0.891
505.035 0.94
506.009 0.974
506.995 0.986
507.94 0.945
508.82 0.88
509.729 0.909
510.622 0.893
511.486 0.864
512.375 0.889
513.272 0.897
514.132 0.86
514.962 0.83
515.827 0.865
516.838 1.011
517.89 1.052
518.938 1.048
519.939 1.001
520.951 1.012
521.971 1.02
522.968 0.997
523.937 0.969
524.902 0.965
525.903 1.001
526.962 1.059
528.004 1.042
529.028 1.024
530.02 0.992
531.121 1.101
532.219 1.098
533.274 1.055
534.289 1.015
535.348 1.059
536.457 1.109
537.549 1.092
538.57 1.021
539.646 1.076
540.659 1.013
541.659 1.0
542.621 0.962
543.592 0.971
544.649 1.057
545.716 1.067
546.768 1.052
547.773 1.005
548.742 0.969
549.821 1.079
550.913 1.092
551.939 1.026
552.971 1.032
553.943 0.972
554.948 1.005
555.936 0.988
556.965 1.029
558.022 1.057
559.034 1.012
559.984 0.95
561.017 1.033
562.13 1.113
563.193 1.063
564.194 1.001
565.254 1.06
566.358 1.104
567.39 1.032
568.397 1.007
569.379 0.982
570.376 0.997
571.304 0.928
572.284 0.98
573.284 1.0
574.29 1.006
575.292 1.002
576.214 0.922
577.181 0.967
578.164 0.983
579.126 0.962
579.956 0.83
580.819 0.863
581.656 0.837
582.484 0.828
583.493 1.009
584.56 1.067
585.609 1.049
586.627 1.018
587.593 0.966
588.504 0.911
589.389 0.885
590.225 0.836
591.142 0.917
592.131 0.989
593.151 1.02
594.217 1.066
595.259 1.042
596.286 1.027
597.211 0.925
598.077 0.866
598.89 0.813
599.677 0.787
600.694 1.017
601.696 1.002
602.741 1.045
603.783 1.042
604.764 0.981
605.736 0.972
606.755 1.019
607.735 0.98
608.692 0.957
609.606 0.914
610.486 0.88
611.439 0.953
612.442 1.003
613.489 1.047
614.518 1.029
615.516 0.998
616.488 0.972
617.498 1.01
618.576 1.078
619.644 1.068
620.691 1.047
621.724 1.033
622.714 0.99
623.726 1.012
624.754 1.028
625.754 1.0
626.724 0.97
627.628 0.904
628.514 0.886
629.49 0.976
630.51 1.02
631.59 1.08
632.673 1.083
633.7 1.027
634.704 1.004
635.716 1.012
636.762 1.046
637.799 1.037
638.796 0.997
639.758 0.962
640.781 1.023
641.825 1.044
642.844 1.019
643.857 1.013
644.806 0.949
645.721 0.915
646.7 0.979
647.729 1.029
648.727 0.998
649.71 0.983
650.755 1.045
651.81 1.055
652.808 0.998
653.8 0.992
654.699 0.899
655.537 0.838
656.371 0.834
657.118 0.747
657.871 0.753
658.602 0.731
659.324 0.722
660.01 0.686
660.678 0.668
661.355 0.677
662.053 0.698
662.754 0.701
663.444 0.69
664.137 0.693
664.82 0.683
665.503 0.683
666.203 0.7
666.929 0.726
667.638 0.709
668.345 0.707
669.04 0.695
669.728 0.688
670.404 0.676
671.065 0.661
671.734 0.669
672.417 0.683
673.119 0.702
673.859 0.74
674.658 0.799
675.586 0.928
676.533 0.947
677.342 0.809
678.139 0.797
679.017 0.878
679.889 0.872
680.699 0.81
681.478 0.779
682.235 0.757
683.144 0.909
684.148 1.004
685.154 1.006
686.176 1.022
687.151 0.975
688.134 0.983
689.077 0.943
689.949 0.872
690.808 0.859
691.658 0.85
692.503 0.845
693.319 0.816
694.253 0.934
695.143 0.89
695.949 0.806
696.801 0.852
697.164 0.363
697.415 0.251
698.353 0.938
699.061 0.708
699.802 0.741
700.716 0.914
701.682 0.966
702.609 0.927
703.486 0.877
704.303 0.817
705.179 0.876
706.097 0.918
707.091 0.994
708.041 0.95
709.013 0.972
709.98 0.967
710.903 0.923
711.859 0.956
712.806 0.947
713.766 0.96
714.718 0.952
715.647 0.929
716.65 1.003
717.713 1.063
718.825 1.112
719.942 1.117
720.974 1.032
722.022 1.048
723.086 1.064
724.133 1.047
725.184 1.051
726.161 0.977
727.122 0.961
728.208 1.086
729.269 1.061
730.313 1.044
731.355 1.042
732.515 1.16
733.659 1.144
734.565 0.906
735.6 1.035
736.584 0.984
736.867 0.283
737.141 0.274
737.474 0.333
738.24 0.766
740.336 2.096
740.631 0.295
742.909 2.278
743.835 0.926
744.749 0.914
745.739 0.99
746.672 0.933
747.615 0.943
748.578 0.963
749.501 0.923
750.44 0.939
751.427 0.987
752.375 0.948
753.422 1.047
754.485 1.063
755.534 1.049
756.583 1.049
757.579 0.996
758.625 1.046
759.641 1.016
760.653 1.012
761.742 1.089
762.79 1.048
763.905 1.115
764.952 1.047
766.088 1.136
767.236 1.148
768.33 1.094
769.324 0.994
770.306 0.982
771.407 1.101
772.509 1.102
773.585 1.076
774.597 1.012
775.658 1.061
776.711 1.053
777.802 1.091
778.938 1.136
780.057 1.119
781.092 1.035
782.185 1.093
783.284 1.099
784.344 1.06
785.352 1.008
786.48 1.128
787.628 1.148
788.665 1.037
789.627 0.962
790.518 0.891
791.408 0.89
792.509 1.101
793.663 1.154
794.781 1.118
795.836 1.055
796.808 0.972
797.723 0.915
798.642 0.919
799.768 1.126
800.914 1.146
802.039 1.125
803.143 1.104
804.195 1.052
805.175 0.98
806.098 0.923
807.017 0.919
808.136 1.119
809.295 1.159
810.408 1.113
811.473 1.065
812.518 1.045
813.499 0.981
814.423 0.924
815.283 0.86
816.145 0.862
816.989 0.844
818.101 1.112
819.207 1.106
820.313 1.106
821.446 1.133
822.531 1.085
823.559 1.028
824.626 1.067
825.726 1.1
826.803 1.077
827.811 1.008
828.789 0.978
829.731 0.942
830.78 1.049
831.899 1.119
833.018 1.119
834.078 1.06
835.06 0.982
836.017 0.957
837.095 1.078
838.203 1.108
839.292 1.089
840.323 1.031
841.32 0.997
842.256 0.936
843.242 0.986
844.245 1.003
845.145 0.9
846.017 0.872
846.82 0.803
847.617 0.797
848.417 0.8
849.332 0.915
850.252 0.92
851.162 0.91
852.027 0.865
852.868 0.841
853.731 0.863
854.663 0.932
855.612 0.949
856.553 0.941
857.496 0.943
858.433 0.937
859.351 0.918
860.331 0.98
861.362 1.031
862.409 1.047
863.41 1.001
864.443 1.033
865.511 1.068
866.543 1.032
867.622 1.079
868.706 1.084
869.768 1.062
870.779 1.011
871.772 0.993
872.754 0.982
873.747 0.993
874.876 1.129
876.004 1.128
877.138 1.134
878.22 1.082
879.231 1.011
880.215 0.984
881.345 1.13
882.493 1.148
883.617 1.124
884.687 1.07
885.794 1.107
886.859 1.065
887.909 1.05
888.917 1.008
889.918 1.001
890.994 1.076
892.077 1.083
893.112 1.035
894.103 0.991
895.083 0.98
896.11 1.027
897.174 1.064
898.197 1.023
899.231 1.034
900.248 1.017
901.283 1.035
902.352 1.069
903.425 1.073
904.475 1.05
905.494 1.019
906.478 0.984
907.445 0.967
908.461 1.016
909.495 1.034
910.52 1.025
911.534 1.014
912.539 1.005
913.525 0.986
914.551 1.026
915.595 1.044
916.59 0.995
917.602 1.012
918.649 1.047
919.663 1.014
920.629 0.966
921.571 0.942
922.59 1.019
923.675 1.085
924.749 1.074
925.783 1.034
926.834 1.051
927.888 1.054
928.902 1.014
929.963 1.061
931.018 1.055
932.047 1.029
933.043 0.996
934.08 1.037
935.136 1.056
936.128 0.992
937.12 0.992
938.109 0.989
939.091 0.982
940.171 1.08
941.248 1.077
942.314 1.066
943.374 1.06
944.445 1.071
945.482 1.037
946.5 1.018
947.363 0.863
948.247 0.884
949.127 0.88
949.975 0.848
950.75 0.775
951.521 0.771
952.267 0.746
952.982 0.715
953.683 0.701
954.421 0.738
955.136 0.715
955.841 0.705
956.534 0.693
957.214 0.68
957.894 0.68
958.565 0.671
959.244 0.679
959.91 0.666
960.55 0.64
961.18 0.63
961.83 0.65
962.498 0.668
963.22 0.722
963.981 0.761
964.814 0.833
965.717 0.903
966.637 0.92
967.566 0.929
968.54 0.974
969.454 0.914
970.311 0.857
971.198 0.887
972.249 1.051
973.349 1.1
974.511 1.162
975.643 1.132
976.743 1.1
977.765 1.022
978.71 0.945
979.715 1.005
980.772 1.057
981.861 1.089
982.907 1.046
983.914 1.007
985.037 1.123
986.2 1.163
987.354 1.154
988.395 1.041
989.482 1.087
990.558 1.076
991.635 1.077
992.693 1.058
993.822 1.129
994.884 1.062
995.877 0.993
997.028 1.151
998.247 1.219
999.404 1.157
1000.554 1.15
1001.639 1.085
1002.686 1.047
1003.758 1.072
1004.875 1.117
1005.989 1.114
1007.096 1.107
1008.195 1.099
1009.273 1.078
1010.32 1.047
1011.286 0.966
1012.274 0.988
1013.31 1.036
1014.378 1.068
1015.443 1.065
1016.446 1.003
1017.379 0.933
1018.289 0.91
1019.348 1.059
1020.571 1.223
1021.778 1.207
1022.939 1.161
1024.038 1.099
1025.17 1.132
1026.294 1.124
1027.364 1.07
1028.39 1.026
1029.381 0.991
1030.471 1.09
1031.695 1.224
1032.899 1.204
1034.047 1.148
1035.182 1.135
1036.321 1.139
1037.418 1.097
1038.453 1.035
1039.545 1.092
1040.694 1.149
1041.836 1.142
1042.812 0.976
1043.833 1.021
1044.975 1.142
1045.893 0.918
1046.766 0.873
1047.601 0.835
1048.422 0.821
1049.244 0.822
1050.073 0.829
1050.907 0.834
1051.729 0.822
1052.553 0.824
1053.396 0.843
1054.245 0.849
1055.065 0.82
1055.83 0.765
1056.6 0.77
1057.399 0.799
1058.228 0.829
1059.095 0.867
1059.96 0.865
1060.834 0.874
1061.655 0.821
1062.443 0.788
1063.285 0.842
1064.114 0.829
1064.939 0.825
1065.818 0.879
1066.822 1.004
1067.829 1.007
1068.818 0.989
1069.758 0.94
1070.7 0.942
1071.66 0.96
1072.617 0.957
1073.578 0.961
1074.486 0.908
1075.353 0.867
1076.243 0.89
1077.179 0.936
1078.15 0.971
1079.081 0.931
1080.005 0.924
1080.93 0.925
1081.846 0.916
1082.756 0.91
1083.665 0.909
1084.607 0.942
1085.55 0.943
1086.495 0.945
1087.466 0.971
1088.438 0.972
1089.403 0.965
1090.371 0.968
1091.321 0.95
1092.237 0.916
1093.182 0.945
1094.132 0.95
1095.112 0.98
1096.108 0.996
1097.123 1.015
1098.091 0.968
1098.984 0.893
1099.848 0.864
1100.688 0.84
1101.501 0.813
1102.306 0.805
1103.073 0.767
1103.809 0.736
1104.531 0.722
1105.249 0.718
1105.969 0.72
1106.688 0.719
1107.399 0.711
1108.133 0.734
1108.85 0.717
1109.544 0.694
1110.27 0.726
1111.077 0.807
1111.972 0.895
1112.786 0.814
1113.538 0.752
1114.318 0.78
1115.094 0.776
1115.859 0.765
1116.597 0.738
1117.317 0.72
1117.997 0.68
1118.652 0.655
1119.327 0.675
1120.11 0.783
1121.006 0.896
1121.9 0.894
1122.747 0.847
1123.521 0.774
1124.244 0.723
1124.942 0.698
1125.631 0.689
1126.345 0.714
1127.053 0.708
1127.784 0.731
1128.543 0.759
1129.29 0.747
1130.032 0.742
1130.77 0.738
1131.469 0.699
1132.135 0.666
1132.783 0.648
1133.419 0.636
1134.056 0.637
1134.726 0.67
1135.453 0.727
1136.222 0.769
1136.992 0.77
1137.801 0.809
1138.604 0.803
1139.402 0.798
1140.215 0.813
1141.009 0.794
1141.751 0.742
1142.465 0.714
1143.16 0.695
1143.846 0.686
1144.541 0.695
1145.309 0.768
1146.199 0.89
1147.111 0.912
1148.024 0.913
1148.906 0.882
1149.725 0.819
1150.484 0.759
1151.233 0.749
1152.058 0.825
1152.994 0.936
1154.03 1.036
1155.048 1.018
1156.005 0.957
1156.887 0.882
1157.737 0.85
1158.603 0.866
1159.524 0.921
1160.479 0.955
1161.42 0.941
1162.299 0.879
1163.149 0.85
1163.994 0.845
1164.888 0.894
1165.836 0.948
1166.854 1.018
1167.838 0.984
1168.76 0.922
1169.638 0.878
1170.498 0.86
1171.419 0.921
1172.377 0.958
1173.378 1.001
1174.376 0.998
1175.364 0.988
1176.286 0.922
1177.168 0.882
1178.029 0.861
1178.887 0.858
1179.77 0.883
1180.617 0.847
1181.45 0.833
1182.257 0.807
1183.051 0.794
1183.832 0.781
1184.633 0.801
1185.47 0.837
1186.31 0.84
1187.169 0.859
1188.005 0.836
1188.799 0.794
1189.564 0.765
1190.299 0.735
1191.028 0.729
1191.763 0.735
1192.504 0.741
1193.285 0.781
1194.114 0.829
1194.982 0.868
1195.854 0.872
1196.68 0.826
1197.468 0.788
1198.273 0.805
1199.137 0.864
1200.011 0.874
1200.896 0.885
1201.73 0.834
1202.546 0.816
1203.346 0.8
1204.095 0.749
1204.826 0.731
1205.555 0.729
1206.317 0.762
1207.104 0.787
1207.922 0.818
1208.752 0.83
1209.593 0.841
1210.45 0.857
1211.325 0.875
1212.176 0.851
1213.005 0.829
1213.848 0.843
1214.707 0.859
1215.623 0.916
1216.544 0.921
1217.464 0.92
1218.348 0.884
1219.212 0.864
1220.131 0.919
1221.091 0.96
1222.102 1.011
1223.165 1.063
1224.2 1.035
1225.196 0.996
1226.186 0.99
1227.163 0.977
1228.127 0.964
1229.076 0.949
1230.049 0.973
1231.035 0.986
1232.006 0.971
1232.947 0.941
1233.831 0.884
1234.686 0.855
1235.573 0.887
1236.53 0.957
1237.5 0.97
1238.455 0.955
1239.424 0.969
1240.403 0.979
1241.384 0.981
1242.355 0.971
1243.255 0.9
1244.112 0.857
1245.012 0.9
1245.904 0.892
1246.808 0.904
1247.725 0.917
1248.637 0.912
1249.527 0.89
1250.426 0.899
1251.35 0.924
1252.277 0.927
1253.184 0.907
1254.093 0.909
1255.004 0.911
1255.898 0.894
1256.798 0.9
1257.707 0.909
1258.606 0.899
1259.511 0.905
1260.407 0.896
1261.253 0.846
1262.056 0.803
1262.827 0.771
1263.613 0.786
1264.466 0.853
1265.416 0.95
1266.357 0.941
1267.201 0.844
1268.029 0.828
1268.822 0.793
1269.559 0.737
1270.266 0.707
1270.951 0.685
1271.628 0.677
1272.363 0.735
1273.17 0.807
1274.023 0.853
1274.917 0.894
1275.808 0.891
1276.639 0.831
1277.415 0.776
1278.149 0.734
1278.86 0.711
1279.548 0.688
1280.222 0.674
1280.911 0.689
1281.658 0.747
1282.526 0.868
1283.451 0.925
1284.375 0.924
1285.315 0.94
1286.192 0.877
1287.044 0.852
1287.966 0.922
1288.926 0.96
1289.917 0.991
1290.909 0.992
1291.869 0.96
1292.806 0.937
1293.708 0.902
1294.647 0.939
1295.584 0.937
1296.506 0.922
1297.404 0.898
1298.322 0.918
1299.236 0.914
1300.167 0.931
1301.081 0.914
1301.972 0.891
1302.866 0.894
1303.787 0.921
1304.711 0.924
1305.62 0.909
1306.504 0.884
1307.381 0.877
1308.272 0.891
1309.139 0.867
1309.955 0.816
1310.745 0.79
1311.485 0.74
1312.186 0.701
1312.861 0.675
1313.54 0.679
1314.222 0.682
1314.905 0.683
1315.584 0.679
1316.259 0.675
1316.957 0.698
1317.64 0.683
1318.315 0.675
1319.003 0.688
1319.705 0.702
1320.393 0.688
1321.058 0.665
1321.706 0.648
1322.343 0.637
1322.973 0.63
1323.594 0.621
1324.204 0.61
1324.817 0.613
1325.433 0.616
1326.099 0.666
1326.852 0.753
1327.634 0.782
1328.433 0.799
1329.296 0.863
1330.237 0.941
1331.19 0.953
1332.119 0.929
1333.041 0.922
1333.87 0.829
1334.711 0.841
1335.525 0.814
1336.33 0.805
1337.128 0.798
1337.951 0.823
1338.801 0.85
1339.675 0.874
1340.569 0.894
1341.425 0.856
1342.199 0.774
1342.98 0.781
1343.766 0.786
1344.524 0.758
1345.278 0.754
1346.074 0.796
1346.944 0.87
1347.781 0.837
1348.629 0.848
1349.484 0.855
1350.336 0.852
1351.178 0.842
1351.979 0.801
1352.806 0.827
1353.651 0.845
1354.515 0.864
1355.343 0.828
1356.178 0.835
1357.033 0.855
1357.872 0.839
1358.698 0.826
1359.547 0.849
1360.392 0.845
1361.245 0.853
1362.084 0.839
1362.888 0.804
1363.733 0.845
1364.62 0.887
1365.525 0.905
1366.419 0.894
1367.309 0.89
1368.167 0.858
1369.008 0.841
1369.863 0.855
1370.748 0.885
1371.652 0.904
1372.531 0.879
1373.447 0.916
1374.364 0.917
1375.232 0.868
1376.085 0.853
1376.955 0.87
1377.851 0.896
1378.742 0.891
1379.617 0.875
1380.447 0.83
1381.252 0.805
1382.057 0.805
1382.876 0.819
1383.718 0.842
1384.593 0.875
1385.471 0.878
1386.356 0.885
1387.245 0.889
1388.112 0.867
1388.964 0.852
1389.814 0.85
1390.679 0.865
1391.53 0.851
1392.378 0.848
1393.228 0.85
1394.055 0.827
1394.865 0.81
1395.685 0.82
1396.526 0.841
1397.381 0.855
1398.236 0.855
1399.081 0.845
1399.92 0.839
1400.753 0.833
1401.588 0.835
1402.403 0.815
1403.191 0.788
1403.972 0.781
1404.725 0.753
1405.515 0.79
1406.318 0.803
1407.067 0.749
1407.873 0.806
1408.708 0.835
1409.534 0.826
1410.379 0.845
1411.243 0.864
1412.106 0.863
1412.946 0.84
1413.793 0.847
1414.63 0.837
1415.478 0.848
1416.318 0.84
1417.165 0.847
1418.011 0.846
1418.868 0.857
1419.689 0.821
1420.497 0.808
1421.305 0.808
1422.105 0.8
1422.967 0.862
1423.838 0.871
1424.678 0.84
1425.48 0.802
1426.309 0.829
1427.141 0.832
1427.964 0.823
1428.767 0.803
1429.593 0.826
1430.426 0.833
1431.269 0.843
1432.064 0.795
1432.84 0.776
1433.587 0.747
1434.274 0.687
1434.961 0.687
1435.643 0.682
1436.348 0.705
1437.062 0.714
1437.784 0.722
1438.517 0.733
1439.277 0.76
1440.011 0.734
1440.713 0.702
1441.411 0.698
1442.106 0.695
1442.79 0.684
1443.465 0.675
1444.128 0.663