0.000 0.875
0.875 0.875
1.547 0.672
1.849 0.302
2.539 0.69
3.349 0.81
4.275 0.926
5.246 0.971
5.62 0.374
6.411 0.791
6.997 0.586
7.316 0.319
8.435 1.119
9.437 1.002
10.348 0.911
16.084 5.736
16.999 0.915
17.905 0.906
18.865 0.96
19.803 0.938
20.713 0.91
21.58 0.867
21.945 0.365
22.382 0.437
23.227 0.845
24.041 0.814
24.88 0.839
25.691 0.811
26.524 0.833
27.352 0.828
28.137 0.785
28.547 0.41
28.931 0.384
29.724 0.793
30.516 0.792
31.05 0.534
31.312 0.262
32.105 0.793
32.889 0.784
33.727 0.838
34.63 0.903
35.581 0.951
36.528 0.947
37.547 1.019
38.623 1.076
39.692 1.069
40.708 1.016
41.719 1.011
42.723 1.004
43.716 0.993
44.652 0.936
45.604 0.952
46.608 1.004
47.648 1.04
48.629 0.981
49.625 0.996
50.651 1.026
51.703 1.052
52.656 0.953
53.593 0.937
54.51 0.917
55.429 0.919
56.297 0.868
57.174 0.877
58.069 0.895
59.006 0.937
59.931 0.925
60.812 0.881
61.746 0.934
62.73 0.984
63.677 0.947
64.575 0.898
65.479 0.904
66.416 0.937
67.352 0.936
68.29 0.938
69.182 0.892
70.11 0.928
71.003 0.893
71.942 0.939
72.866 0.924
73.753 0.887
74.607 0.854
75.47 0.863
76.343 0.873
77.235 0.892
78.06 0.825
78.873 0.813
79.712 0.839
80.573 0.861
81.454 0.881
82.334 0.88
83.182 0.848
84.058 0.876
84.944 0.886
85.817 0.873
86.672 0.855
87.264 0.592
88.264 1.0
89.029 0.765
89.549 0.52
90.548 0.999
91.342 0.794
92.179 0.837
93.063 0.884
93.941 0.878
94.894 0.953
95.821 0.927
96.751 0.93
97.758 1.007
98.766 1.008
99.7 0.934
100.662 0.962
101.637 0.975
102.591 0.954
103.479 0.888
104.367 0.888
105.299 0.932
106.251 0.952
107.184 0.933
108.122 0.938
109.111 0.989
110.135 1.024
111.162 1.027
112.128 0.966
113.126 0.998
114.16 1.034
115.175 1.015
116.143 0.968
117.091 0.948
118.046 0.955
119.027 0.981
120.026 0.999
121.003 0.977
121.942 0.939
122.909 0.967
123.886 0.977
124.796 0.91
125.642 0.846
126.504 0.862
127.343 0.839
128.161 0.818
128.991 0.83
129.843 0.852
130.697 0.854
131.6 0.903
132.538 0.938
133.509 0.971
134.437 0.928
135.384 0.947
136.273 0.889
137.162 0.889
138.071 0.909
138.991 0.92
139.877 0.886
140.797 0.92
141.777 0.98
142.821 1.044
143.851 1.03
144.882 1.031
145.94 1.058
146.994 1.054
148.017 1.023
148.96 0.943
149.903 0.943
150.87 0.967
151.844 0.974
152.805 0.961
153.731 0.926
154.701 0.97
155.706 1.005
156.732 1.026
157.688 0.956
158.657 0.969
159.663 1.006
160.688 1.025
161.69 1.002
162.643 0.953
163.626 0.983
164.618 0.992
165.644 1.026
166.626 0.982
167.576 0.95
168.541 0.965
169.53 0.989
170.552 1.022
171.538 0.986
172.457 0.919
173.378 0.921
174.305 0.927
175.208 0.903
176.102 0.894
177.025 0.923
177.992 0.967
178.954 0.962
179.85 0.896
180.747 0.897
181.623 0.876
182.446 0.823
183.25 0.804
184.04 0.79
184.873 0.833
185.678 0.805
186.518 0.84
187.384 0.866
188.276 0.892
189.145 0.869
190.066 0.921
191.024 0.958
191.997 0.973
192.915 0.918
193.877 0.962
194.864 0.987
195.839 0.975
196.752 0.913
197.683 0.931
198.635 0.952
199.531 0.896
200.415 0.884
201.349 0.934
202.322 0.973
203.306 0.984
204.229 0.923
205.185 0.956
206.15 0.965
207.112 0.962
208.033 0.921
208.957 0.924
209.887 0.93
210.813 0.926
211.709 0.896
212.527 0.818
213.362 0.835
214.332 0.97
215.284 0.952
216.244 0.96
217.198 0.954
218.122 0.924
219.059 0.937
219.995 0.936
220.896 0.901
221.778 0.882
222.635 0.857
223.487 0.852
224.347 0.86
225.224 0.877
226.081 0.857
226.932 0.851
227.779 0.847
228.607 0.828
229.411 0.804
230.239 0.828
231.096 0.857
231.98 0.884
232.852 0.872
233.757 0.905
234.695 0.938
235.655 0.96
236.607 0.952
237.522 0.915
238.427 0.905
239.319 0.892
240.173 0.854
240.993 0.82
241.791 0.798
242.569 0.778
243.338 0.769
244.102 0.764
244.887 0.785
245.693 0.806
246.534 0.841
247.381 0.847
248.212 0.831
249.061 0.849
249.931 0.87
250.806 0.875
251.662 0.856
252.534 0.872
253.435 0.901
254.343 0.908
255.267 0.924
256.166 0.899
257.091 0.925
258.026 0.935
258.968 0.942
259.909 0.941
260.806 0.897
261.704 0.898
262.614 0.91
263.525 0.911
264.403 0.878
265.261 0.858
266.116 0.855
266.986 0.87
267.849 0.863
268.698 0.849
269.582 0.884
270.477 0.895
271.389 0.912
272.244 0.855
273.115 0.871
273.978 0.863
274.841 0.863
275.693 0.852
276.514 0.821
277.352 0.838
278.174 0.822
278.974 0.8
279.76 0.786
280.559 0.799
281.353 0.794
282.147 0.794
282.95 0.803
283.752 0.802
284.551 0.799
285.342 0.791
286.126 0.784
286.908 0.782
287.698 0.79
288.472 0.774
289.269 0.797
290.075 0.806
290.917 0.842
291.775 0.858
292.669 0.894
293.597 0.928
294.546 0.949
295.466 0.92
296.399 0.933
297.336 0.937
298.277 0.941
299.21 0.933
300.14 0.93
301.069 0.929
301.961 0.892
302.869 0.908
303.78 0.911
304.546 0.766
305.572 1.026
306.463 0.891
307.586 1.123
308.465 0.879
309.319 0.854
310.198 0.879
311.08 0.882
311.96 0.88
312.819 0.859
313.689 0.87
314.566 0.877
315.446 0.88
316.335 0.889
317.232 0.897
318.107 0.875
318.989 0.882
319.882 0.893
320.737 0.855
321.574 0.837
322.419 0.845
322.93 0.511
323.252 0.322
324.103 0.851
324.946 0.843
325.805 0.859
326.658 0.853
327.493 0.835
328.297 0.804
329.099 0.802
329.909 0.81
330.69 0.781
331.47 0.78
332.249 0.779
333.034 0.785
333.817 0.783
334.621 0.804
335.449 0.828
336.331 0.882
337.208 0.877
338.109 0.901
339.0 0.891
339.872 0.872
340.723 0.851
341.535 0.812
342.342 0.807
343.138 0.796
343.92 0.782
344.7 0.78
345.478 0.778
346.277 0.799
347.088 0.811
347.888 0.8
348.712 0.824
349.545 0.833
350.384 0.839
351.216 0.832
352.051 0.835
352.892 0.841
353.731 0.839
354.552 0.821
355.384 0.832
356.207 0.823
357.026 0.819
357.839 0.813
358.647 0.808
359.465 0.818
360.279 0.814
361.094 0.815
361.922 0.828
362.733 0.811
363.555 0.822
364.374 0.819
365.209 0.835
366.045 0.836
366.91 0.865
367.738 0.828
368.579 0.841
369.431 0.852
370.308 0.877
371.149 0.841
371.983 0.834
372.777 0.794
373.582 0.805
374.4 0.818
375.247 0.847
376.119 0.872
376.975 0.856
377.841 0.866
378.758 0.917
379.721 0.963
380.684 0.963
381.628 0.944
382.544 0.916
383.45 0.906
384.362 0.912
385.256 0.894
386.114 0.858
386.964 0.85
387.821 0.857
388.684 0.863
389.548 0.864
390.391 0.843
391.221 0.83
392.077 0.856
392.953 0.876
393.834 0.881
394.707 0.873
395.586 0.879
402.994 7.408
403.893 0.899
404.808 0.915
405.655 0.847
406.509 0.854
407.351 0.842
408.17 0.819
409.001 0.831
409.85 0.849
410.71 0.86
411.562 0.852
412.412 0.85
413.276 0.864
414.136 0.86
414.983 0.847
415.831 0.848
416.7 0.869
417.564 0.864
418.403 0.839
419.266 0.863
420.128 0.862
420.991 0.863
421.829 0.838
422.675 0.846
423.552 0.877
424.429 0.877
425.293 0.864
426.136 0.843
426.953 0.817
427.755 0.802
428.57 0.815
429.367 0.797
430.167 0.8
430.999 0.832
431.855 0.856
432.688 0.833
433.538 0.85
434.395 0.857
435.248 0.853
436.083 0.835
436.903 0.82
442.994 6.091
443.834 0.84
444.679 0.845
445.506 0.827
446.37 0.864
447.247 0.877
448.144 0.897
449.015 0.871
449.906 0.891
450.782 0.876
451.625 0.843
452.464 0.839
453.316 0.852
454.18 0.864
455.051 0.871
455.914 0.863
456.758 0.844
457.637 0.879
458.537 0.9
459.411 0.874
460.278 0.867
461.164 0.886
462.061 0.897
462.944 0.883
463.796 0.852
469.993 6.197
470.885 0.892
471.77 0.885
472.633 0.863
473.485 0.852
474.375 0.89
475.283 0.908
476.193 0.91
477.082 0.889
477.968 0.886
478.868 0.9
479.759 0.891
480.64 0.881
481.504 0.864
482.394 0.89
483.298 0.904
484.201 0.903
485.063 0.862
485.921 0.858
486.805 0.884
487.646 0.841
488.538 0.892
489.362 0.824
490.174 0.812
490.975 0.801
491.793 0.818
492.619 0.826
493.453 0.834
494.306 0.853
495.157 0.851
495.998 0.841
496.856 0.858
497.717 0.861
498.594 0.877
499.46 0.866
500.343 0.883
501.268 0.925
502.211 0.943
503.14 0.929
504.061 0.921
504.987 0.926
505.907 0.92
506.812 0.905
507.704 0.892
508.553 0.849
509.363 0.81
510.341 0.978
511.329 0.988
512.291 0.962
513.274 0.983
514.244 0.97
515.194 0.95
516.15 0.956
517.132 0.982
518.117 0.985
519.027 0.91
519.98 0.953
520.894 0.914
521.784 0.89
522.643 0.859
523.468 0.825
524.287 0.819
525.114 0.827
525.963 0.849
526.798 0.835
527.65 0.852
528.532 0.882
529.425 0.893
530.33 0.905
531.22 0.89
532.137 0.917
533.06 0.923
533.993 0.933
534.909 0.916
535.799 0.89
536.7 0.901
537.603 0.903
538.52 0.917
539.434 0.914
540.378 0.944
541.336 0.958
542.305 0.969
543.254 0.949
544.163 0.909
545.079 0.916
545.998 0.919
546.899 0.901
547.775 0.876
548.619 0.844
549.456 0.837
550.27 0.814
551.079 0.809
551.87 0.791
552.701 0.831
553.56 0.859
554.385 0.825
555.225 0.84
556.094 0.869
556.978 0.884
557.843 0.865
558.665 0.822
559.48 0.815
560.304 0.824
561.126 0.822
561.915 0.789
562.724 0.809
563.559 0.835
564.418 0.859
565.287 0.869
566.177 0.89
567.056 0.879
567.909 0.853
568.704 0.795
569.505 0.801
570.307 0.802
571.107 0.8
571.907 0.8
572.714 0.807
573.518 0.804
574.332 0.814
575.139 0.807
575.924 0.785
576.728 0.804
577.53 0.802
578.104 0.574
579.17 1.066
579.992 0.822
580.831 0.839
581.688 0.857
582.586 0.898
583.486 0.9
584.343 0.857
585.214 0.871
586.101 0.887
586.976 0.875
587.832 0.856
588.686 0.854
589.543 0.857
590.423 0.88
591.278 0.855
592.119 0.841
592.978 0.859
593.848 0.87
594.724 0.876
595.607 0.883
596.483 0.876
597.383 0.9
598.296 0.913
599.188 0.892
600.038 0.85
600.88 0.842
601.747 0.867
602.621 0.874
603.497 0.876
604.364 0.867
605.244 0.88
606.133 0.889
607.016 0.883
607.88 0.864
608.716 0.836
609.558 0.842
610.394 0.836
611.212 0.818
611.993 0.781
612.783 0.79
613.59 0.807
614.393 0.803
615.194 0.801
615.998 0.804
616.827 0.829
617.676 0.849
618.549 0.873
619.39 0.841
620.234 0.844
621.09 0.856
621.942 0.852
622.781 0.839
623.6 0.819
624.433 0.833
625.272 0.839
626.118 0.846
626.976 0.858
627.818 0.842
628.67 0.852
629.529 0.859
630.406 0.877
631.263 0.857
632.111 0.848
632.988 0.877
633.882 0.894
634.769 0.887
635.655 0.886
636.522 0.867
637.431 0.909
638.329 0.898
639.216 0.887
640.083 0.867
640.964 0.881
641.851 0.887
642.732 0.881
643.592 0.86
644.463 0.871
645.35 0.887
646.265 0.915
647.151 0.886
648.049 0.898
648.962 0.913
649.882 0.92
650.777 0.895
651.656 0.879
652.548 0.892
653.468 0.92
654.376 0.908
655.259 0.883
656.179 0.92
657.122 0.943
658.049 0.927
658.95 0.901
659.835 0.885
660.736 0.901
661.649 0.913
662.544 0.895
663.435 0.891
664.35 0.915
665.259 0.909
666.163 0.904
667.049 0.886
667.964 0.915
668.885 0.921
669.793 0.908
670.666 0.873
671.541 0.875
672.454 0.913
673.367 0.913
674.254 0.887
675.14 0.886
676.027 0.887
676.936 0.909
677.827 0.891
678.708 0.881
679.596 0.888
680.479 0.883
681.358 0.879
682.218 0.86
683.087 0.869
683.971 0.884
684.859 0.888
685.734 0.875
686.596 0.862
687.484 0.888
688.383 0.899
689.274 0.891
690.136 0.862
691.01 0.874
691.922 0.912
692.829 0.907
693.709 0.88
694.596 0.887
695.496 0.9
696.383 0.887
697.236 0.853
698.084 0.848
698.946 0.862
699.802 0.856
700.66 0.858
701.506 0.846
702.371 0.865
703.241 0.87
704.12 0.879
704.974 0.854
705.847 0.873
706.719 0.872
707.591 0.872
708.438 0.847
709.28 0.842
710.152 0.872
711.044 0.892
711.921 0.877
712.766 0.845
713.636 0.87
714.466 0.83
715.259 0.793
716.023 0.764
716.78 0.757
717.559 0.779
718.351 0.792
719.186 0.835
720.052 0.866
720.918 0.866
721.78 0.862
722.672 0.892
723.567 0.895
724.458 0.891
725.308 0.85
726.169 0.861
727.041 0.872
727.919 0.878
728.79 0.871
729.644 0.854
730.531 0.887
731.442 0.911
732.381 0.939
733.296 0.915
734.242 0.946
735.191 0.949
736.171 0.98
737.121 0.95
738.031 0.91
738.947 0.916
739.869 0.922
740.803 0.934
741.708 0.905
742.569 0.861
743.444 0.875
744.343 0.899
745.216 0.873
746.105 0.889
747.022 0.917
747.943 0.921
748.848 0.905
749.767 0.919
750.718 0.951
751.678 0.96
752.616 0.938
753.539 0.923
754.474 0.935
755.429 0.955
756.357 0.928
757.279 0.922
758.231 0.952
759.218 0.987
760.181 0.963
761.102 0.921
762.04 0.938
763.0 0.96
763.958 0.958
764.895 0.937
765.809 0.914
766.73 0.921
767.646 0.916
768.548 0.902
769.431 0.883
770.336 0.905
771.258 0.922
772.209 0.951
773.133 0.924
774.026 0.893
774.938 0.912
775.893 0.955
776.851 0.958
777.768 0.917
778.687 0.919
779.635 0.948
780.547 0.912
781.405 0.858
782.267 0.862
783.12 0.853
783.997 0.877
784.91 0.913
785.802 0.892
786.711 0.909
787.625 0.914
788.558 0.933
789.497 0.939
790.41 0.913
791.342 0.932
792.262 0.92
793.185 0.923
794.09 0.905
795.018 0.928
795.932 0.914
796.867 0.935
797.794 0.927
798.722 0.928
799.661 0.939
800.586 0.925
801.503 0.917
802.401 0.898
803.316 0.915
804.221 0.905
805.147 0.926
806.047 0.9
806.945 0.898
807.845 0.9
808.746 0.901
809.629 0.883
810.498 0.869
811.379 0.881
812.273 0.894
813.16 0.887
813.991 0.831
814.812 0.821
815.629 0.817
816.444 0.815
817.251 0.807
818.074 0.823
818.869 0.795
819.676 0.807
820.486 0.81
821.303 0.817
822.15 0.847
822.813 0.663
823.752 0.939
824.501 0.749
825.23 0.729
825.963 0.733
826.704 0.741
827.455 0.751
828.212 0.757
828.99 0.778
829.783 0.793
830.594 0.811
831.406 0.812
832.266 0.86
833.147 0.881
834.041 0.894
834.896 0.855
835.738 0.842
836.564 0.826
837.376 0.812
838.188 0.812
839.025 0.837
839.845 0.82
840.702 0.857
841.564 0.862
842.402 0.838
843.253 0.851
844.122 0.869
844.982 0.86
845.871 0.889
846.778 0.907
847.699 0.921
848.625 0.926
849.523 0.898
850.43 0.907
851.342 0.912
852.249 0.907
853.141 0.892
854.022 0.881
854.9 0.878
855.91 1.01
856.963 1.053
858.015 1.052
859.069 1.054
860.116 1.047
861.134 1.018
862.075 0.941
863.029 0.954
864.007 0.978
865.01 1.003
866.018 1.008
867.038 1.02
868.017 0.979
868.976 0.959
869.96 0.984
870.932 0.972
871.894 0.962
872.827 0.933
873.745 0.918
874.66 0.915
875.598 0.938
876.546 0.948
877.474 0.928
878.378 0.904
879.3 0.922
880.233 0.933
881.189 0.956
882.143 0.954
883.052 0.909
883.963 0.911
884.873 0.91
885.789 0.916
886.718 0.929
887.611 0.893
888.523 0.912
889.456 0.933
890.411 0.955
891.37 0.959
892.312 0.942
893.241 0.929
894.181 0.94
895.123 0.942
896.051 0.928
896.97 0.919
897.873 0.903
898.786 0.913
899.693 0.907
900.605 0.912
901.504 0.899
902.393 0.889
903.307 0.914
904.23 0.923
905.17 0.94
906.099 0.929
907.014 0.915
907.906 0.892
908.802 0.896
909.71 0.908
910.62 0.91
911.479 0.859
912.316 0.837
913.163 0.847
914.019 0.856
914.883 0.864
915.751 0.868
916.582 0.831
917.391 0.809
918.242 0.851
919.013 0.771
919.774 0.761
920.521 0.747
921.298 0.777
922.06 0.762
922.84 0.78
923.665 0.825
924.529 0.864
925.395 0.866
926.225 0.83
927.096 0.871
927.969 0.873
928.834 0.865
929.716 0.882
930.616 0.9
931.53 0.914
932.446 0.916
933.294 0.848
934.155 0.861
935.024 0.869
935.89 0.866
936.732 0.842
937.549 0.817
938.38 0.831
939.242 0.862
940.124 0.882
941.012 0.888
941.974 0.962
943.004 1.03
944.045 1.041
945.094 1.049
946.098 1.004
947.103 1.005
948.091 0.988
949.064 0.973
950.005 0.941
950.936 0.931
951.829 0.893
952.705 0.876
953.602 0.897
954.514 0.912
955.442 0.928
956.339 0.897
957.26 0.921
958.224 0.964
959.171 0.947
960.091 0.92
961.018 0.927
961.949 0.931
962.875 0.926
963.767 0.892
964.64 0.873
965.516 0.876
966.414 0.898
967.331 0.917
968.254 0.923
969.15 0.896
970.064 0.914
970.992 0.928
971.933 0.941
972.82 0.887
973.701 0.881
974.606 0.905
975.499 0.893
976.402 0.903
977.306 0.904
978.178 0.872
979.042 0.864
979.929 0.887
980.81 0.881
981.681 0.871
982.559 0.878
983.467 0.908
984.42 0.953
985.382 0.962
992.942 0.956
993.896 0.954
994.763 0.867
995.627 0.864
996.639 1.012
997.595 0.956
998.465 0.87
999.328 0.863
1000.17 0.842
1001.013 0.843
1001.855 0.842
1002.713 0.858
1003.572 0.859
1004.451 0.879
1005.366 0.915
1006.309 0.943
1007.257 0.948
1008.199 0.942
1009.157 0.958
1010.138 0.981
1011.099 0.961
1011.427 0.328
1011.99 0.563
1012.85 0.86
1013.715 0.865
1014.571 0.856
1015.466 0.895
1016.392 0.926
1017.351 0.959
1018.333 0.982
1019.298 0.965
1020.232 0.934
1021.152 0.92
1022.087 0.935
1023.053 0.966
1024.049 0.996
1025.063 1.014
1026.083 1.02
1027.088 1.005
1028.101 1.013
1029.085 0.984
1030.041 0.956
1030.977 0.936
1031.883 0.906
1032.786 0.903
1033.692 0.906
1034.605 0.913
1035.559 0.954
1036.551 0.992
1037.545 0.994
1038.522 0.977
1039.475 0.953
1041.986 2.511
1042.852 0.866
1043.744 0.892
1044.609 0.865
1045.478 0.869
1046.288 0.81
1047.119 0.831
1047.98 0.861
1048.864 0.884
1049.721 0.857
1050.597 0.876
1051.487 0.89
1052.389 0.902
1053.309 0.92