0.000 0.642
0.642 0.642
1.276 0.634
1.901 0.625
2.54 0.639
3.191 0.651
3.85 0.659
4.509 0.659
5.073 0.564
5.449 0.376
5.9 0.451
6.627 0.727
7.384 0.757
7.998 0.614
8.79 0.792
9.53 0.74
10.279 0.749
10.987 0.708
11.693 0.706
12.439 0.746
13.254 0.815
14.115 0.861
14.969 0.854
15.781 0.812
21.125 5.344
21.999 0.874
22.873 0.874
23.698 0.825
24.544 0.846
25.438 0.894
26.366 0.928
27.29 0.924
28.189 0.899
29.016 0.827
29.815 0.799
30.65 0.835
31.541 0.891
32.489 0.948
33.431 0.942
34.315 0.884
35.178 0.863
36.075 0.897
36.98 0.905
37.874 0.894
38.737 0.863
39.525 0.788
40.29 0.765
41.088 0.798
41.942 0.854
42.847 0.905
43.771 0.924
44.64 0.869
45.47 0.83
46.292 0.822
47.151 0.859
48.053 0.902
48.98 0.927
49.91 0.93
50.765 0.855
51.579 0.814
52.384 0.805
53.232 0.848
54.164 0.932
55.188 1.024
56.206 1.018
57.137 0.931
58.124 0.987
59.111 0.987
60.001 0.89
60.839 0.838
61.703 0.864
62.605 0.902
63.536 0.931
64.454 0.918
65.318 0.864
66.146 0.828
67.008 0.862
67.931 0.923
68.91 0.979
69.896 0.986
70.845 0.949
71.714 0.869
72.553 0.839
73.435 0.882
74.388 0.953
75.374 0.986
76.347 0.973
77.301 0.954
78.175 0.874
79.004 0.829
79.845 0.841
80.708 0.863
81.618 0.91
82.535 0.917
83.463 0.928
84.335 0.872
85.154 0.819
85.975 0.821
86.823 0.848
87.708 0.885
88.643 0.935
89.572 0.929
90.487 0.915
91.345 0.858
92.173 0.828
93.025 0.852
93.915 0.89
94.841 0.926
95.753 0.912
96.66 0.907
97.519 0.859
98.346 0.827
99.195 0.849
100.068 0.873
100.95 0.882
101.794 0.844
102.602 0.808
103.383 0.781
104.152 0.769
104.94 0.788
105.774 0.834
106.62 0.846
107.472 0.852
108.28 0.808
109.051 0.771
109.807 0.756
110.564 0.757
111.364 0.8
112.205 0.841
113.066 0.861
113.923 0.857
114.734 0.811
115.527 0.793
116.346 0.819
117.214 0.868
118.125 0.911
119.042 0.917
119.958 0.916
120.821 0.863
121.663 0.842
122.532 0.869
123.418 0.886
124.326 0.908
125.225 0.899
126.118 0.893
126.97 0.852
127.813 0.843
128.697 0.884
129.628 0.931
130.548 0.92
131.482 0.934
132.349 0.867
133.172 0.823
133.992 0.82
134.86 0.868
135.818 0.958
136.806 0.988
137.712 0.906
138.663 0.951
139.626 0.963
140.575 0.949
141.457 0.882
142.283 0.826
143.138 0.855
144.033 0.895
144.958 0.925
145.895 0.937
146.788 0.893
147.614 0.826
148.427 0.813
149.27 0.843
150.153 0.883
151.072 0.919
151.966 0.894
152.805 0.839
153.614 0.809
154.442 0.828
155.277 0.835
156.119 0.842
156.966 0.847
157.783 0.817
158.558 0.775
159.314 0.756
160.082 0.768
160.873 0.791
161.709 0.836
162.554 0.845
163.353 0.799
164.142 0.789
164.932 0.79
165.782 0.85
166.655 0.873
167.534 0.879
168.361 0.827
169.157 0.796
169.936 0.779
170.734 0.798
171.555 0.821
172.398 0.843
173.259 0.861
174.096 0.837
174.901 0.805
175.702 0.801
176.527 0.825
177.391 0.864
178.27 0.879
179.141 0.871
179.968 0.827
180.782 0.814
181.616 0.834
182.475 0.859
183.357 0.882
184.246 0.889
185.126 0.88
185.968 0.842
186.781 0.813
187.6 0.819
188.446 0.846
189.32 0.874
190.2 0.88
191.07 0.87
191.913 0.843
192.724 0.811
193.525 0.801
194.357 0.832
195.223 0.866
196.127 0.904
197.05 0.923
197.924 0.874
198.771 0.847
199.645 0.874
200.538 0.893
201.448 0.91
202.365 0.917
203.244 0.879
204.076 0.832
204.91 0.834
205.782 0.872
206.701 0.919
207.555 0.854
208.352 0.797
209.13 0.778
209.902 0.772
210.671 0.769
211.443 0.772
212.255 0.812
213.117 0.862
213.965 0.848
214.77 0.805
215.548 0.778
216.301 0.753
217.081 0.78
217.899 0.818
218.757 0.858
219.629 0.872
220.527 0.898
221.44 0.913
222.302 0.862
223.139 0.837
224.01 0.871
224.885 0.875
225.771 0.886
226.654 0.883
227.52 0.866
228.338 0.818
229.156 0.818
229.998 0.842
230.871 0.873
231.749 0.878
232.606 0.857
233.43 0.824
234.251 0.821
235.082 0.831
235.944 0.862
236.823 0.879
237.686 0.863
238.517 0.831
239.345 0.828
240.205 0.86
241.085 0.88
242.001 0.916
242.921 0.92
243.803 0.882
244.63 0.827
245.458 0.828
246.295 0.837
247.145 0.85
248.025 0.88
248.898 0.873
249.73 0.832
250.536 0.806
251.338 0.802
252.181 0.843
253.048 0.867
253.929 0.881
254.809 0.88
255.646 0.837
256.439 0.793
257.23 0.791
258.03 0.8
258.861 0.831
259.719 0.858
260.59 0.871
261.465 0.875
262.285 0.82
263.088 0.803
263.906 0.818
264.743 0.837
265.601 0.858
266.464 0.863
267.312 0.848
268.108 0.796
268.897 0.789
269.691 0.794
270.507 0.816
271.33 0.823
272.162 0.832
272.99 0.828
273.811 0.821
274.588 0.777
275.378 0.79
276.185 0.807
277.008 0.823
277.861 0.853
278.726 0.865
279.565 0.839
280.354 0.789
281.136 0.782
281.918 0.782
282.744 0.826
283.606 0.862
284.418 0.812
285.218 0.8
286.034 0.816
286.891 0.857
287.789 0.898
288.661 0.872
289.486 0.825
290.337 0.851
291.192 0.855
292.038 0.846
292.883 0.845
293.685 0.802
294.467 0.782
295.27 0.803
296.1 0.83
296.965 0.865
297.843 0.878
298.697 0.854
299.509 0.812
300.321 0.812
301.142 0.821
301.983 0.841
302.846 0.863
303.7 0.854
304.527 0.827
305.362 0.835
306.206 0.844
307.067 0.861
307.929 0.862
308.759 0.83
309.56 0.801
310.374 0.814
311.189 0.815
311.956 0.767
312.707 0.751
313.435 0.728
314.138 0.703
314.861 0.723
315.606 0.745
316.354 0.748
317.124 0.77
317.922 0.798
318.745 0.823
319.505 0.76
320.235 0.73
320.697 0.462
321.615 0.918
322.28 0.665
322.937 0.657
323.568 0.631
324.201 0.633
324.844 0.643
325.516 0.672
326.25 0.734
327.032 0.782
327.822 0.79
328.66 0.838
329.518 0.858
330.369 0.851
331.21 0.841
332.028 0.818
332.822 0.794
333.58 0.758
334.3 0.72
335.014 0.714
335.739 0.725
336.512 0.773
337.34 0.828
338.176 0.836
338.965 0.789
339.74 0.775
340.504 0.764
341.257 0.753
342.031 0.774
342.844 0.813
343.689 0.845
344.535 0.846
345.342 0.807
346.166 0.824
346.989 0.823
347.811 0.822
348.645 0.834
349.448 0.803
350.231 0.783
351.041 0.81
351.894 0.853
352.789 0.895
353.702 0.913
354.599 0.897
355.509 0.91
356.393 0.884
357.258 0.865
358.123 0.865
358.941 0.818
359.725 0.784
360.556 0.831
361.452 0.896
362.354 0.902
363.212 0.858
364.13 0.918
365.026 0.896
365.883 0.857
366.757 0.874
367.656 0.899
368.507 0.851
369.376 0.869
370.265 0.889
371.104 0.839
371.975 0.871
372.862 0.887
373.732 0.87
374.589 0.857
375.444 0.855
376.261 0.817
377.085 0.824
377.931 0.846
378.76 0.829
379.535 0.775
380.319 0.784
381.114 0.795
381.924 0.81
382.735 0.811
383.563 0.828
384.385 0.822
385.181 0.796
385.989 0.808
386.79 0.801
387.572 0.782
388.389 0.817
389.204 0.815
389.984 0.78
390.804 0.82
391.637 0.833
392.431 0.794
393.236 0.805
394.054 0.818
394.835 0.781
395.609 0.774
396.406 0.797
397.22 0.814
398.001 0.781
398.802 0.801
399.619 0.817
400.437 0.818
401.252 0.815
402.088 0.836
402.916 0.828
403.716 0.8
404.553 0.837
405.4 0.847
406.214 0.814
407.058 0.844
407.898 0.84
408.703 0.805
409.534 0.831
410.38 0.846
411.214 0.834
412.065 0.851
412.91 0.845
413.726 0.816
414.544 0.818
415.347 0.803
416.137 0.79
416.979 0.842
417.799 0.82
418.627 0.828
419.479 0.852
420.345 0.866
421.195 0.85
422.076 0.881
422.935 0.859
423.754 0.819
424.592 0.838
425.462 0.87
426.321 0.859
427.202 0.881
428.145 0.943
429.084 0.939
430.005 0.921
430.923 0.918
431.796 0.873
432.694 0.898
433.596 0.902
434.453 0.857
435.346 0.893
436.227 0.881
437.069 0.842
437.937 0.868
438.801 0.864
439.649 0.848
440.523 0.874
441.411 0.888
442.258 0.847
443.118 0.86
443.992 0.874
444.819 0.827
445.664 0.845
446.518 0.854
447.364 0.846
448.201 0.837
449.079 0.878
449.98 0.901
450.849 0.869
451.746 0.897
452.672 0.926
453.541 0.869
454.434 0.893
455.308 0.874
456.133 0.825
456.977 0.844
457.832 0.855
458.676 0.844
459.565 0.889
460.515 0.95
461.39 0.875
462.249 0.859
463.143 0.894
464.015 0.872
464.823 0.808
465.679 0.856
466.546 0.867
467.362 0.816
468.229 0.867
469.134 0.905
469.994 0.86
470.875 0.881
471.763 0.888
472.604 0.841
473.449 0.845
474.32 0.871
475.172 0.852
476.051 0.879
476.953 0.902
477.834 0.881
478.716 0.882
479.588 0.872
480.442 0.854
481.26 0.818
482.089 0.829
482.935 0.846
483.744 0.809
484.615 0.871
485.495 0.88
486.32 0.825
487.177 0.857
488.078 0.901
488.972 0.894
489.829 0.857
490.705 0.876
491.602 0.897
492.424 0.822
493.258 0.834
494.112 0.854
494.946 0.834
495.774 0.828
496.643 0.869
497.53 0.887
498.38 0.85
499.273 0.893
500.172 0.899
501.039 0.867
501.924 0.885
502.819 0.895
503.663 0.844
504.526 0.863
505.398 0.872
506.23 0.832
507.09 0.86
507.973 0.883
508.83 0.857
509.673 0.843
510.546 0.873
511.392 0.846
512.218 0.826
513.073 0.855
513.94 0.867
514.763 0.823
515.598 0.835
516.42 0.822
517.234 0.814
518.06 0.826
518.864 0.804
519.707 0.843
520.574 0.867
521.408 0.834
522.264 0.856
523.121 0.857
523.936 0.815
524.755 0.819
525.606 0.851
526.458 0.852
527.288 0.83
528.142 0.854
529.023 0.881
529.866 0.843
530.742 0.876
531.667 0.925
532.521 0.854
533.385 0.864
534.257 0.872
535.106 0.849
535.982 0.876
536.866 0.884
537.727 0.861
538.598 0.871
539.565 0.967
540.492 0.927
541.371 0.879
542.289 0.918
543.214 0.925
544.085 0.871
544.945 0.86
545.779 0.834
546.593 0.814
547.44 0.847
548.344 0.904
549.191 0.847
550.079 0.888
551.014 0.935
551.876 0.862
552.778 0.902
553.698 0.92
554.548 0.85
555.401 0.853
556.266 0.865
557.093 0.827
557.924 0.831
558.771 0.847
559.639 0.868
560.49 0.851
561.357 0.867
562.259 0.902
563.099 0.84
563.937 0.838
564.783 0.846
565.591 0.808
566.41 0.819
567.286 0.876
568.172 0.886
569.025 0.853
569.931 0.906
570.797 0.866
571.643 0.846
572.508 0.865
573.438 0.93
574.292 0.854
575.186 0.894
576.098 0.912
576.952 0.854
577.819 0.867
578.673 0.854
579.5 0.827
580.327 0.827
581.173 0.846
582.033 0.86
582.877 0.844
583.747 0.87
584.665 0.918
585.533 0.868
586.419 0.886
587.324 0.905
588.248 0.924
589.13 0.882
590.003 0.873
590.917 0.914
591.755 0.838
592.61 0.855
593.478 0.868
594.328 0.85
595.176 0.848
596.047 0.871
596.899 0.852
597.742 0.843
598.577 0.835
599.384 0.807
600.18 0.796
600.949 0.769
601.697 0.748
602.466 0.769
603.26 0.794
604.046 0.786
604.83 0.784
605.667 0.837
606.533 0.866
607.377 0.844
608.235 0.858
609.121 0.886
609.973 0.852
610.818 0.845
611.667 0.849
612.496 0.829
613.329 0.833
614.179 0.85
615.057 0.878
615.926 0.869
616.818 0.892
617.69 0.872
618.557 0.867
619.458 0.901
620.292 0.834
621.111 0.819
621.944 0.833
622.779 0.835
623.606 0.827
624.458 0.852
625.335 0.877
626.18 0.845
627.054 0.874
627.934 0.88
628.794 0.86
629.644 0.85
630.516 0.872
631.443 0.927
632.304 0.861
633.148 0.844
633.997 0.849
634.778 0.781
635.522 0.744
636.209 0.687
636.896 0.687
637.609 0.713
638.34 0.731
639.075 0.735
639.829 0.754
640.598 0.769
641.36 0.762
642.132 0.772
642.912 0.78
643.678 0.766
644.453 0.775
645.217 0.764
645.938 0.721
646.68 0.742
647.44 0.76
648.237 0.797
649.03 0.793
649.847 0.817
650.662 0.815
651.459 0.797
652.244 0.785
653.077 0.833
653.912 0.835
654.706 0.794
655.524 0.818
656.387 0.863
657.226 0.839
658.099 0.873
658.957 0.858
659.743 0.786
660.498 0.755
661.234 0.736
661.977 0.743
662.699 0.722
663.432 0.733
664.193 0.761
664.983 0.79
665.758 0.775
666.57 0.812
667.039 0.469
668.177 1.138
668.944 0.767
669.703 0.759
670.436 0.733
671.157 0.721
671.951 0.794
672.727 0.776
673.61 0.883
674.555 0.945
675.475 0.92
676.483 1.008
677.488 1.005
678.462 0.974
679.491 1.029
680.511 1.02
681.461 0.95
682.379 0.918
683.265 0.886
684.095 0.83
684.929 0.834
685.811 0.882
686.655 0.844
687.531 0.876
688.393 0.862
689.236 0.843
690.056 0.82
690.923 0.867
691.826 0.903
692.702 0.876
693.635 0.933
694.586 0.951
695.469 0.883
696.4 0.931
697.345 0.945
698.242 0.897
699.192 0.95
700.134 0.942
701.012 0.878
701.925 0.913
702.828 0.903
703.687 0.859
704.589 0.902
705.504 0.915
706.419 0.915
707.372 0.953
708.313 0.941
709.214 0.901
710.144 0.93
711.088 0.944
711.98 0.892
712.909 0.929
713.849 0.94
714.751 0.902
715.661 0.91
716.554 0.893
717.426 0.872
718.333 0.907
719.233 0.9
720.082 0.849
720.954 0.872
721.823 0.869
722.658 0.835
723.509 0.851
724.364 0.855
725.197 0.833
726.068 0.871
726.937 0.869
727.748 0.811
728.571 0.823
729.408 0.837
730.221 0.813
731.027 0.806
731.837 0.81
732.636 0.799
733.463 0.827
734.322 0.859
735.133 0.811
735.99 0.857
736.849 0.859
737.683 0.834
738.165 0.482
739.36 1.195
740.125 0.765
740.857 0.732
741.583 0.726
742.294 0.711
743.055 0.761
743.909 0.854
744.784 0.875
745.705 0.921
746.65 0.945
747.595 0.945
748.576 0.981
749.478 0.902
750.452 0.974
751.401 0.949
752.342 0.941
753.302 0.96
754.197 0.895
755.138 0.941
756.05 0.912
756.927 0.877
757.81 0.883
758.652 0.842
759.479 0.827
760.313 0.834
761.131 0.818
761.954 0.823
762.808 0.854
763.632 0.824
764.476 0.844
765.335 0.859
766.161 0.826
766.979 0.818
767.757 0.778
768.528 0.771
769.305 0.777
770.034 0.729
770.747 0.713
771.492 0.745
771.975 0.483
773.067 1.092
773.793 0.726
774.518 0.725
775.264 0.746
775.997 0.733
776.46 0.463
777.559 1.099
778.286 0.727
779.041 0.755
779.834 0.793
780.635 0.801
781.516 0.881
782.578 1.062
783.559 0.981
784.772 1.213
785.852 1.08
786.918 1.066
787.92 1.002
788.887 0.967
789.853 0.966
790.704 0.851
791.553 0.849
792.434 0.881
793.355 0.921
794.253 0.898
795.174 0.921
796.143 0.969
797.054 0.911
797.971 0.917
798.892 0.921
799.767 0.875
800.661 0.894
801.553 0.892
802.393 0.84
803.207 0.814
804.006 0.799
804.825 0.819
805.685 0.86
806.519 0.834
807.416 0.897
808.315 0.899
809.155 0.84
810.024 0.869
810.906 0.882
811.736 0.83
812.583 0.847
813.456 0.873
814.291 0.835
815.124 0.833
816.015 0.891
816.894 0.879
817.748 0.854
818.63 0.882
819.549 0.919
820.424 0.875
821.313 0.889
822.206 0.893
823.069 0.863
823.933 0.864
824.82 0.887
825.677 0.857
826.526 0.849
827.393 0.867
828.231 0.838
829.082 0.851
829.951 0.869
830.831 0.88
831.692 0.861
832.581 0.889
833.505 0.924
834.384 0.879
835.273 0.889
836.154 0.881
836.992 0.838
837.846 0.854
838.73 0.884
839.57 0.84
840.42 0.85
841.304 0.884
842.161 0.857
843.055 0.894
843.929 0.874
844.77 0.841
845.604 0.834
846.426 0.822
847.229 0.803
848.039 0.81
848.869 0.83
849.675 0.806
850.509 0.834
851.359 0.85
852.189 0.83
853.025 0.836
853.849 0.824
854.672 0.823
855.49 0.818
856.342 0.852
857.173 0.831
857.99 0.817
858.817 0.827
859.639 0.822
860.487 0.848
861.352 0.865
862.254 0.902
863.127 0.873
864.03 0.903
864.86 0.83
865.64 0.78
866.435 0.795
867.192 0.757
867.912 0.72
868.646 0.734
875.987 7.341
876.872 0.885
877.727 0.855
878.596 0.869
879.494 0.898
880.368 0.874
881.231 0.863
882.123 0.892
883.007 0.884
883.873 0.866
884.759 0.886
885.657 0.898
886.504 0.847
887.376 0.872
888.259 0.883
889.115 0.856
889.965 0.85
890.84 0.875
891.675 0.835
892.473 0.798
893.256 0.783
894.185 0.929
895.077 0.892
895.929 0.852
896.742 0.813
897.536 0.794
898.342 0.806
899.127 0.785
899.862 0.735
900.581 0.719
901.272 0.691
901.956 0.684
902.632 0.676
903.326 0.694
904.043 0.717
904.736 0.693
905.45 0.714
906.18 0.73
906.914 0.734
907.693 0.779
908.483 0.79
909.255 0.772
910.057 0.802
910.849 0.792
911.614 0.765
912.368 0.754
913.122 0.754
913.922 0.8
914.698 0.776
915.525 0.827
916.387 0.862
917.237 0.85
918.092 0.855
918.925 0.833
919.703 0.778
920.497 0.794
921.307 0.81
922.095 0.788
922.904 0.809
923.755 0.851
924.647 0.892
925.494 0.847
926.388 0.894
927.306 0.918
928.161 0.855
929.017 0.856
929.815 0.798
930.598 0.783
931.403 0.805
932.263 0.86
933.114 0.851
933.956 0.842
934.833 0.877
935.727 0.894
936.601 0.874
937.496 0.895
938.388 0.892
939.279 0.891
940.112 0.833
940.975 0.863
941.843 0.868
942.751 0.908
943.616 0.865
944.528 0.912
945.486 0.958
946.422 0.936
947.337 0.915
948.262 0.925
949.19 0.928
950.054 0.864
950.939 0.885
951.842 0.903
952.74 0.898
953.632 0.892
954.534 0.902
955.442 0.908
956.292 0.85
957.171 0.879
958.059 0.888
958.928 0.869
959.794 0.866
960.682 0.888
961.583 0.901
962.448 0.865
963.362 0.914
964.286 0.924
965.17 0.884
966.043 0.873
966.93 0.887
967.809 0.879
968.659 0.85
969.552 0.893
970.473 0.921
971.356 0.883
972.264 0.908
973.201 0.937
974.083 0.882
974.966 0.883
975.849 0.883
976.717 0.868
977.545 0.828
978.394 0.849
979.261 0.867
980.108 0.847
980.966 0.858
981.86 0.894