0.000 0.568
0.568 0.568
1.15 0.582
1.74 0.59
2.323 0.583
2.914 0.591
3.518 0.604
4.138 0.62
4.763 0.625
5.372 0.609
5.972 0.6
6.577 0.605
7.186 0.609
7.783 0.597
8.367 0.584
8.942 0.575
9.52 0.578
10.107 0.587
10.701 0.594
11.305 0.604
11.924 0.619
12.55 0.626
13.196 0.646
19.371 6.175
19.999 0.628
20.621 0.622
21.278 0.657
21.974 0.696
22.71 0.736
23.464 0.754
24.211 0.747
24.924 0.713
25.61 0.686
26.298 0.688
27.043 0.745
27.913 0.87
28.756 0.843
29.572 0.816
30.376 0.804
31.142 0.766
31.923 0.781
32.723 0.8
33.549 0.826
34.385 0.836
35.208 0.823
36.789 1.581
37.565 0.776
39.138 1.573
40.692 1.554
41.412 0.72
42.1 0.688
43.567 1.467
44.316 0.749
45.139 0.823
45.954 0.815
46.747 0.793
47.516 0.769
48.349 0.833
50.018 1.669
50.831 0.813
51.578 0.747
52.277 0.699
52.974 0.697
54.497 1.523
55.267 0.77
56.043 0.776
56.801 0.758
57.551 0.75
59.21 1.659
60.037 0.827
60.839 0.802
61.593 0.754
62.313 0.72
63.881 1.568
64.667 0.786
65.491 0.824
66.283 0.792
67.045 0.762
67.811 0.766
68.647 0.836
70.352 1.705
71.17 0.818
71.941 0.771
72.667 0.726
73.388 0.721
74.93 1.542
75.673 0.743
76.438 0.765
77.165 0.727
77.877 0.712
79.46 1.583
80.219 0.759
80.996 0.777
81.726 0.73
82.422 0.696
84.002 1.58
84.775 0.773
85.572 0.797
86.343 0.771
87.152 0.809
88.866 1.714
89.71 0.844
90.49 0.78
91.204 0.714
91.907 0.703
92.639 0.732
93.437 0.798
94.276 0.839
95.11 0.834
95.889 0.779
96.608 0.719
97.289 0.681
97.945 0.656
98.634 0.689
99.378 0.744
100.145 0.767
100.907 0.762
101.651 0.744
102.41 0.759
103.202 0.792
104.06 0.858
104.912 0.852
105.728 0.816
106.473 0.745
107.174 0.701
107.891 0.717
108.644 0.753
109.458 0.814
110.287 0.829
111.054 0.767
111.768 0.714
112.453 0.685
113.137 0.684
113.869 0.732
114.681 0.812
115.561 0.88
116.474 0.913
117.308 0.834
118.066 0.758
118.817 0.751
119.551 0.734
120.269 0.718
120.962 0.693
121.653 0.691
122.367 0.714
123.128 0.761
123.909 0.781
124.651 0.742
125.362 0.711
126.089 0.727
126.849 0.76
127.64 0.791
128.423 0.783
129.163 0.74
129.885 0.722
130.605 0.72
131.289 0.684
131.955 0.666
132.638 0.683
133.33 0.692
134.002 0.672
134.664 0.662
135.342 0.678
136.049 0.707
136.774 0.725
137.474 0.7
138.146 0.672
138.824 0.678
139.52 0.696
140.24 0.72
140.966 0.726
141.678 0.712
142.372 0.694
143.102 0.73
143.865 0.763
144.635 0.77
145.389 0.754
146.116 0.727
146.842 0.726
147.61 0.768
148.399 0.789
149.219 0.82
150.019 0.8
150.774 0.755
151.532 0.758
152.309 0.777
153.124 0.815
153.953 0.829
154.762 0.809
155.541 0.779
156.308 0.767
157.081 0.773
157.861 0.78
158.65 0.789
159.445 0.795
160.218 0.773
160.961 0.743
161.712 0.751
162.462 0.75
163.217 0.755
163.926 0.709
164.633 0.707
165.354 0.721
166.066 0.712
166.776 0.71
167.493 0.717
168.221 0.728
168.956 0.735
169.676 0.72
170.379 0.703
171.062 0.683
171.759 0.697
172.479 0.72
173.254 0.775
174.051 0.797
174.813 0.762
175.547 0.734
176.275 0.728
176.994 0.719
177.704 0.71
178.406 0.702
179.072 0.666
179.724 0.652
180.414 0.69
181.118 0.704
181.806 0.688
182.507 0.701
183.241 0.734
184.015 0.774
184.795 0.78
185.549 0.754
186.266 0.717
186.956 0.69
187.65 0.694
188.376 0.726
189.142 0.766
189.924 0.782
190.682 0.758
192.133 1.451
192.858 0.725
193.6 0.742
194.345 0.745
195.073 0.728
195.784 0.711
196.485 0.701
197.23 0.745
198.038 0.808
199.641 1.603
200.377 0.736
201.704 1.327
202.335 0.631
202.951 0.616
203.557 0.606
204.175 0.618
204.846 0.671
205.616 0.77
207.193 1.577
208.665 1.472
209.386 0.721
210.068 0.682
211.381 1.313
212.004 0.623
212.622 0.618
213.866 1.244
214.469 0.603
215.093 0.624
216.497 1.404
217.208 0.711
217.944 0.736
218.667 0.723
219.371 0.704
220.772 1.401
221.433 0.661
222.068 0.635
223.318 1.25
223.933 0.615
224.528 0.595
225.7 1.172
226.285 0.585
226.875 0.59
228.188 1.313
228.851 0.663
229.531 0.68
230.192 0.661
230.819 0.627
232.113 1.294
232.757 0.644
233.384 0.627
234.679 1.295
235.35 0.671
236.085 0.735
236.832 0.747
237.568 0.736
238.307 0.739
239.064 0.757
240.645 1.581
241.391 0.746
242.101 0.71
242.764 0.663
243.415 0.651
244.058 0.643
244.706 0.648
245.372 0.666
246.063 0.691
246.756 0.693
247.438 0.682
248.126 0.688
248.836 0.71
249.556 0.72
250.256 0.7
250.932 0.676
251.583 0.651
252.234 0.651
252.889 0.655
253.541 0.652
254.181 0.64
254.799 0.618
255.416 0.617
256.035 0.619
256.649 0.614
257.252 0.603
257.859 0.607
258.472 0.613
259.12 0.648
259.784 0.664
260.434 0.65
261.066 0.632
261.689 0.623
262.335 0.646
263.012 0.677
263.685 0.673
264.403 0.718
265.181 0.778
265.988 0.807
266.771 0.783
267.519 0.748
268.25 0.731
268.967 0.717
269.674 0.707
270.396 0.722
271.144 0.748
271.87 0.726
272.55 0.68
273.236 0.686
273.942 0.706
274.641 0.699
275.322 0.681
276.016 0.694
276.717 0.701
277.448 0.731
278.205 0.757
278.967 0.762
279.708 0.741
280.427 0.719
281.139 0.712
281.861 0.722
282.598 0.737
283.327 0.729
284.029 0.702
284.706 0.677
285.36 0.654
286.014 0.654
286.67 0.656
287.329 0.659
287.982 0.653
288.658 0.676
289.355 0.697
290.09 0.735
290.859 0.769
291.613 0.754
292.343 0.73
293.048 0.705
293.762 0.714
294.493 0.731
295.261 0.768
296.053 0.792
296.838 0.785
297.593 0.755
298.325 0.732
299.063 0.738
299.804 0.741
300.554 0.75
301.302 0.748
302.038 0.736
302.766 0.728
303.515 0.749
304.267 0.752
305.024 0.757
305.762 0.738
306.476 0.714
307.177 0.701
307.884 0.707
308.61 0.726
309.363 0.753
310.143 0.78
310.916 0.773
311.678 0.762
312.44 0.762
313.205 0.765
313.945 0.74
314.662 0.717
315.357 0.695
316.035 0.678
316.714 0.679
317.397 0.683
318.063 0.666
318.705 0.642
319.358 0.653
320.004 0.646
320.64 0.636
321.28 0.64
321.937 0.657
322.618 0.681
323.301 0.683
323.966 0.665
324.62 0.654
325.29 0.67
325.976 0.686
326.685 0.709
327.412 0.727
328.124 0.712
328.842 0.718
329.58 0.738
330.346 0.766
331.116 0.77
331.869 0.753
332.608 0.739
333.369 0.761
334.152 0.783
334.919 0.767
335.666 0.747
336.377 0.711
337.069 0.692
337.763 0.694
338.464 0.701
339.18 0.716
339.893 0.713
340.606 0.713
341.338 0.732
342.085 0.747
342.793 0.708
343.493 0.7
344.195 0.702
344.878 0.683
345.539 0.661
346.179 0.64
346.802 0.623
347.424 0.622
348.05 0.626
348.708 0.658
349.388 0.68
350.071 0.683
350.786 0.715
351.521 0.735
352.307 0.786
353.088 0.781
353.841 0.753
354.613 0.772
355.384 0.771
356.141 0.757
356.86 0.719
357.54 0.68
358.195 0.655
358.839 0.644
359.482 0.643
360.146 0.664
360.83 0.684
361.517 0.687
362.196 0.679
362.893 0.697
363.574 0.681
364.217 0.643
364.861 0.644
365.499 0.638
366.128 0.629
366.755 0.627
367.392 0.637
368.05 0.658
368.726 0.676
369.405 0.679
370.064 0.659
370.707 0.643
371.348 0.641
371.997 0.649
372.672 0.675
373.378 0.706
374.092 0.714
374.795 0.703
375.514 0.719
376.262 0.748
377.029 0.767
377.819 0.79
379.37 1.551
380.144 0.774
381.647 1.503
383.042 1.395
383.711 0.669
384.372 0.661
385.836 1.464
386.514 0.678
387.227 0.713
388.719 1.492
389.427 0.708
390.128 0.701
391.577 1.449
392.29 0.713
392.998 0.708
393.695 0.697
394.417 0.722
395.88 1.463
396.565 0.685
397.247 0.682
398.643 1.396
399.315 0.672
399.98 0.665
400.641 0.661
401.337 0.696
402.854 1.517
403.581 0.727
404.314 0.733
405.058 0.744
405.799 0.741
407.3 1.501
408.016 0.716
408.728 0.712
409.424 0.696
410.123 0.699
411.548 1.425
412.227 0.679
412.919 0.692
413.64 0.721
414.371 0.731
415.113 0.742
415.847 0.734
416.598 0.751
417.366 0.768
418.916 1.55
419.641 0.725
420.337 0.696
421.711 1.374
422.371 0.66
423.022 0.651
423.666 0.644
424.338 0.672
425.815 1.477
426.527 0.712
427.233 0.706
427.929 0.696
428.629 0.7
430.025 1.396
430.676 0.651
431.311 0.635
432.578 1.267
433.863 1.285
435.165 1.302
435.809 0.644
436.47 0.661
437.813 1.343
438.45 0.637
439.083 0.633
440.352 1.269
440.982 0.63
441.656 0.674
443.044 1.388
443.698 0.654
444.355 0.657
445.739 1.384
446.432 0.693
447.218 0.786
448.731 1.513
449.445 0.714
450.155 0.71
451.565 1.41
452.222 0.657
452.877 0.655
453.556 0.679
454.278 0.722
455.033 0.755
455.806 0.773
456.578 0.772
457.397 0.819
458.243 0.846
459.1 0.857
459.935 0.835
460.737 0.802
461.513 0.776
462.211 0.698
462.89 0.679
463.553 0.663
464.235 0.682
464.954 0.719
465.715 0.761
466.496 0.781
467.265 0.769
468.011 0.746
468.765 0.754
469.514 0.749
470.252 0.738
470.998 0.746
471.718 0.72
472.43 0.712
473.141 0.711
473.857 0.716
474.58 0.723
475.318 0.738
476.067 0.749
476.796 0.729
477.507 0.711
478.199 0.692
478.896 0.697
479.632 0.736
480.401 0.769
481.17 0.769
481.909 0.739
482.669 0.76
483.43 0.761
484.203 0.773
484.945 0.742
485.654 0.709
486.349 0.695
487.067 0.718
496.763 0.771
497.515 0.752
498.193 0.678
498.879 0.686
499.577 0.698
500.304 0.727
501.035 0.731
501.748 0.713
502.442 0.694
503.141 0.699
503.843 0.702
504.559 0.716
505.278 0.719
505.975 0.697
506.646 0.671
507.331 0.685
508.04 0.709
508.775 0.735
509.507 0.732
510.21 0.703
510.914 0.704
511.603 0.689
512.302 0.699
513.004 0.702
513.679 0.675
514.338 0.659
515.021 0.683
515.739 0.718
516.475 0.736
517.201 0.726
517.905 0.704
518.618 0.713
519.32 0.702
520.026 0.706
520.699 0.673
521.336 0.637
521.959 0.623
522.564 0.605
523.147 0.583
523.737 0.59
524.363 0.626
525.015 0.652
525.67 0.655
526.305 0.635
526.965 0.66
527.638 0.673
528.336 0.698
529.034 0.698
529.72 0.686
530.385 0.665
531.06 0.675
531.779 0.719
532.488 0.709
533.204 0.716
533.892 0.688
534.562 0.67
535.236 0.674
535.94 0.704
536.669 0.729
537.39 0.721
538.093 0.703
538.806 0.713
539.539 0.733
540.278 0.739
541.023 0.745
541.732 0.709
542.425 0.693
543.129 0.704
543.828 0.699
544.533 0.705
545.224 0.691
545.903 0.679
546.577 0.674
547.27 0.693
547.983 0.713
548.72 0.737
549.427 0.707
550.1 0.673
550.77 0.67
551.452 0.682
552.156 0.704
552.882 0.726
553.581 0.699
554.266 0.685
554.96 0.694
555.656 0.696
556.36 0.704
557.057 0.697
557.743 0.686
558.418 0.675
559.114 0.696
559.824 0.71
560.56 0.736
561.274 0.714
561.973 0.699
562.689 0.716
563.42 0.731
564.165 0.745
564.902 0.737
565.61 0.708
566.287 0.677
566.959 0.672
567.638 0.679
568.335 0.697
569.044 0.709
569.738 0.694
570.424 0.686
571.135 0.711
571.884 0.749
572.629 0.745
573.341 0.712
574.034 0.693
574.742 0.708
575.454 0.712
576.171 0.717
576.86 0.689
577.529 0.669
578.193 0.664
578.874 0.681
579.579 0.705
580.315 0.736
581.036 0.721
581.731 0.695
582.448 0.717
583.151 0.703
583.865 0.714
584.563 0.698
585.236 0.673
585.881 0.645
586.526 0.645
587.187 0.661
587.892 0.705
588.629 0.737
589.363 0.734
590.07 0.707
590.763 0.693
591.468 0.705
592.171 0.703
592.881 0.71
593.583 0.702
594.269 0.686
594.939 0.67
595.618 0.679
596.314 0.696
597.019 0.705
597.724 0.705
598.409 0.685
599.117 0.708
599.824 0.707
600.53 0.706
601.221 0.691
601.883 0.662
602.552 0.669
603.221 0.669
603.907 0.686
604.578 0.671
605.231 0.653
605.882 0.651
606.54 0.658
607.202 0.662
607.881 0.679
608.542 0.661
609.222 0.68
609.931 0.709
610.65 0.719
611.374 0.724
612.071 0.697
612.746 0.675
613.425 0.679
614.103 0.678
614.765 0.662
615.407 0.642
616.034 0.627
616.669 0.635
617.311 0.642
617.965 0.654
618.613 0.648
619.255 0.642
619.885 0.63
620.525 0.64
621.168 0.643
621.817 0.649
622.481 0.664
623.143 0.662
623.791 0.648
624.441 0.65
625.091 0.65
625.745 0.654
626.4 0.655
627.05 0.65
627.688 0.638
628.339 0.651
628.998 0.659
629.684 0.686
630.362 0.678
631.029 0.667
631.684 0.655
632.346 0.662
633.01 0.664
633.667 0.657
634.305 0.638
634.926 0.621
635.54 0.614
636.149 0.609
636.771 0.622
637.408 0.637
638.045 0.637
638.677 0.632
639.306 0.629
639.944 0.638
640.59 0.646
641.245 0.655
641.904 0.659
642.543 0.639
643.169 0.626
643.785 0.616
644.402 0.617
645.036 0.634
645.703 0.667
646.402 0.699
647.126 0.724
647.868 0.742
648.604 0.736
649.308 0.704
649.976 0.668
650.638 0.662
651.292 0.654
651.954 0.662
652.611 0.657
653.269 0.658
653.942 0.673
654.636 0.694
655.37 0.734
656.113 0.743
656.836 0.723
657.541 0.705
658.256 0.715
658.953 0.697
659.643 0.69
660.312 0.669
660.958 0.646
661.597 0.639
662.231 0.634
662.85 0.619
663.45 0.6
664.062 0.612
664.681 0.619
665.301 0.62
665.913 0.612
666.542 0.629
667.193 0.651
667.863 0.67
668.552 0.689
669.221 0.669
669.877 0.656
670.524 0.647
671.168 0.644
671.803 0.635
672.442 0.639
673.073 0.631
673.703 0.63
674.347 0.644
675.013 0.666
675.712 0.699
676.438 0.726
677.149 0.711
677.861 0.712
678.589 0.728
679.99 1.401
680.636 0.646
681.257 0.621
681.873 0.616
682.493 0.62
683.144 0.651
683.868 0.724
685.419 1.551
686.883 1.464
687.588 0.705
688.26 0.672
689.545 1.285
690.17 0.625
690.794 0.624
692.147 1.353
692.795 0.648
693.462 0.667
694.981 1.519
695.724 0.743
696.479 0.755
697.225 0.746
698.011 0.786
698.791 0.78
699.538 0.747
700.282 0.744
701.016 0.734
701.727 0.711
702.407 0.68
703.755 1.348
704.4 0.645
705.008 0.608
706.178 1.17
706.755 0.577
707.324 0.569
707.891 0.567
708.481 0.59
709.744 1.263
710.381 0.637
711.052 0.671
712.494 1.442
713.198 0.704
713.966 0.768
714.711 0.745
715.414 0.703
716.098 0.684
716.808 0.71
718.273 1.465
718.966 0.693
719.639 0.673
720.945 1.306
721.602 0.657
722.286 0.684
722.978 0.692
723.656 0.678
725.103 1.447
725.78 0.677
726.471 0.691
727.169 0.698
727.894 0.725
729.407 1.513
730.129 0.722
730.868 0.739
731.605 0.737
732.323 0.718
733.728 1.405
734.404 0.676
735.063 0.659
736.326 1.263
737.543 1.217
738.133 0.59
738.735 0.602
740.001 1.266
741.315 1.314
741.965 0.65
742.657 0.692
743.36 0.703
744.089 0.729
745.64 1.551
746.361 0.721
747.058 0.697
748.433 1.375
749.111 0.678
749.819 0.708
751.282 1.463
751.965 0.683
752.65 0.685
754.041 1.391
755.478 1.437
756.162 0.684
756.873 0.711
758.291 1.418
759.657 1.366
760.319 0.662
760.971 0.652
762.285 1.314
762.919 0.634
763.581 0.662
764.259 0.678
764.978 0.719
765.702 0.724
766.432 0.73
767.207 0.775
767.992 0.785
768.751 0.759
769.464 0.713
770.157 0.693
770.813 0.656
771.441 0.628
772.042 0.601
772.622 0.58
773.197 0.575
773.764 0.567
774.323 0.559
774.879 0.556
775.43 0.551
775.988 0.558
776.562 0.574
777.148 0.586
777.763 0.615
778.37 0.607
778.973 0.603
779.574 0.601
780.183 0.609
780.792 0.609
781.413 0.621
782.026 0.613
782.645 0.619
783.273 0.628
783.909 0.636
784.545 0.636
785.173 0.628
785.804 0.631
786.437 0.633
787.091 0.654
787.73 0.639
788.371 0.641
789.011 0.64
789.666 0.655
790.306 0.64
790.942 0.636
791.559 0.617
792.183 0.624
792.811 0.628
793.466 0.655
794.118 0.652
794.767 0.649
795.399 0.632
796.038 0.639
796.67 0.632
797.299 0.629
797.894 0.595
798.474 0.58
799.043 0.569
799.603 0.56
800.159 0.556
800.709 0.55
801.251 0.542
801.802 0.551
802.357 0.555
802.918 0.561
803.475 0.557
804.04 0.565
804.607 0.567
805.192 0.585
805.788 0.596
806.39 0.602
806.993 0.603
807.596 0.603
808.209 0.613
808.835 0.626
809.468 0.633
810.095 0.627
810.706 0.611
811.313 0.607
811.914 0.601
812.524 0.61
813.136 0.612
813.746 0.61
814.347 0.601
814.941 0.594
815.545 0.604
816.163 0.618
816.796 0.633
817.425 0.629
818.037 0.612
818.656 0.619
819.271 0.615
819.904 0.633
820.521 0.617
821.145 0.624
821.75 0.605
822.372 0.622
822.994 0.622
823.633 0.639
824.264 0.631
824.898 0.634
825.538 0.64
826.192 0.654
826.851 0.659
827.516 0.665
828.168 0.652
828.808 0.64
829.462 0.654
830.129 0.667
830.795 0.666
831.441 0.646
832.091 0.65
832.745 0.654
833.416 0.671
834.09 0.674
834.741 0.651
835.374 0.633
836.005 0.631
836.653 0.648
837.297 0.644
837.946 0.649
838.584 0.638
839.248 0.664
839.945 0.697
840.661 0.716
841.374 0.713
842.056 0.682
842.72 0.664
843.375 0.655
844.044 0.669
844.711 0.667
845.362 0.651
845.991 0.629
846.63 0.639
847.278 0.648
847.943 0.665
848.603 0.66
849.259 0.656
849.938 0.679
850.627 0.689
851.334 0.707
852.02 0.686
852.689 0.669
853.371 0.682
854.055 0.684
854.745 0.69
855.405 0.66
856.053 0.648
856.69 0.637
857.346 0.656
857.999 0.653
858.665 0.666
859.304 0.639
859.942 0.638
860.59 0.648
861.254 0.664
861.914 0.66
862.558 0.644
863.227 0.669
863.905 0.678
864.613 0.708
865.291 0.678
865.95 0.659
866.601 0.651
867.257 0.656
867.92 0.663
868.597 0.677
869.276 0.679
869.921 0.645
870.557 0.636
871.196 0.639
871.855 0.659
872.524 0.669
873.191 0.667
873.831 0.64
874.443 0.612
875.041 0.598
875.64 0.599
876.244 0.604
876.877 0.633
877.529 0.652
878.217 0.688
878.927 0.71
879.637 0.71
880.346 0.709
881.019 0.673
881.676 0.657
882.317 0.641
882.961 0.644
883.612 0.651
884.257 0.645
884.896 0.639
885.54 0.644
886.202 0.662
886.886 0.684
887.597 0.711
888.283 0.686
888.957 0.674
889.628 0.671
890.299 0.671
890.964 0.665
891.61 0.646
892.246 0.636
892.879 0.633
893.529 0.65
894.19 0.661
894.878 0.688
895.558 0.68
896.23 0.672
896.916 0.686
897.606 0.69
898.303 0.697
898.975 0.672
899.629 0.654
900.265 0.636
900.899 0.634
901.537 0.638
902.178 0.641
902.801 0.623
903.436 0.635
904.078 0.642
904.747 0.669
905.413 0.666
906.066 0.653
906.739 0.673
907.421 0.682
908.129 0.708
908.81 0.681
909.479 0.669
910.144 0.665
910.809 0.665
911.469 0.66
912.102 0.633
912.72 0.618
913.334 0.614
913.962 0.628
914.588 0.626
915.204 0.616
915.811 0.607
916.409 0.598
917.022 0.613
917.687 0.665
918.376 0.689
919.089 0.713
919.771 0.682
920.46 0.689
921.158 0.698
921.866 0.708
922.555 0.689
923.215 0.66
923.871 0.656
924.516 0.645
925.179 0.663
925.835 0.656
926.492 0.657
927.133 0.641
927.796 0.663
928.465 0.669
929.124 0.659
929.772 0.648
930.418 0.646
931.091 0.673
931.774 0.683
932.446 0.672
933.092 0.646
933.739 0.647
934.394 0.655
935.045 0.651
935.688 0.643
936.312 0.624
936.949 0.637
937.59 0.641
938.251 0.661
938.894 0.643
939.542 0.648
940.19 0.648
940.861 0.671
941.525 0.664
942.182 0.657
942.825 0.643
943.482 0.657
944.14 0.658
944.796 0.656
945.451 0.655
946.078 0.627
946.696 0.618
947.312 0.616
947.939 0.627
948.568 0.629
949.206 0.638
949.833 0.627
950.473 0.64
951.125 0.652
951.797 0.672
952.452 0.655
953.096 0.644
953.746 0.65
954.396 0.65
955.063 0.667
955.708 0.645
956.339 0.631
956.953 0.614
957.577 0.624
958.198 0.621
958.843 0.645
959.476 0.633
960.115 0.639
960.755 0.64
961.405 0.65
962.055 0.65
962.693 0.638
963.316 0.623
963.943 0.627
964.574 0.631
965.214 0.64
965.857 0.643
966.48 0.623
967.09 0.61
967.691 0.601
968.303 0.612
968.918 0.615
969.553 0.635
970.171 0.618
970.779 0.608
971.386 0.607
972.003 0.617
972.63 0.627
973.261 0.631
973.886 0.625
974.513 0.627
975.152 0.639
975.763 0.611
976.375 0.612
976.987 0.612
977.61 0.623
978.234 0.624
978.863 0.629
979.48 0.617
980.082 0.602
980.671 0.589
981.251 0.58
981.821 0.57
982.392 0.571
982.962 0.57
983.526 0.564
984.083 0.557
984.635 0.552
985.179 0.544
985.72 0.541
986.259 0.539
986.797 0.538
987.335 0.538
987.88 0.545
988.438 0.558
989.008 0.57
989.603 0.595
990.231 0.628
990.908 0.677
991.588 0.68
992.267 0.679
992.968 0.701
994.349 1.381
994.995 0.646
995.609 0.614
996.196 0.587
996.758 0.562
997.32 0.562
997.909 0.589
998.538 0.629
999.194 0.656
999.858 0.664
1000.556 0.698
1001.278 0.722
1002.775 1.497
1003.478 0.703
1004.833 1.355
1005.5 0.667
1006.173 0.673
1006.866 0.693
1007.545 0.679
1008.213 0.668
1008.902 0.689
1009.615 0.713
1010.33 0.715
1011.026 0.696
1011.721 0.695
1012.478 0.757
1013.278 0.8
1014.93 1.652
1016.534 1.604
1017.266 0.732
1017.949 0.683
1019.312 1.363
1019.993 0.681
1020.714 0.721
1022.222 1.508
1022.928 0.706
1023.669 0.741
1024.449 0.78
1025.26 0.811
1026.117 0.857
1026.97 0.853
1027.834 0.864
1028.726 0.892
1029.621 0.895
1030.494 0.873
1031.304 0.81
1032.135 0.831
1033.728 1.593
1034.454 0.726
1035.154 0.7
1036.594 1.44
1037.309 0.715
1038.045 0.736
1038.775 0.73
1039.52 0.745
1041.158 1.638
1041.962 0.804
1042.738 0.776
1043.475 0.737
1044.232 0.757
1045.796 1.564
1046.521 0.725
1047.236 0.715
1048.692 1.456
1049.405 0.713
1050.14 0.735
1050.879 0.739
1051.673 0.794
1052.526 0.853
1053.432 0.906
1054.342 0.91
1055.193 0.851
1056.003 0.81
1056.841 0.838
1058.436 1.595
1059.17 0.734
1059.86 0.69
1061.246 1.386
1061.942 0.696
1062.669 0.727
1063.398 0.729
1064.121 0.723
1065.708 1.587
1066.483 0.775
1067.265 0.782
1068.025 0.76
1068.768 0.743
1070.389 1.621
1071.178 0.789
1071.97 0.792
1073.458 1.488
1074.174 0.716
1074.895 0.721
1076.427 1.532
1077.193 0.766
1077.954 0.761
1078.698 0.744
1079.477 0.779
1081.127 1.65
1081.904 0.777
1082.64 0.736
1084.12 1.48
1084.848 0.728
1085.624 0.776
1087.133 1.509
1087.834 0.701
1088.577 0.743
1090.12 1.543
1090.805 0.685
1091.472 0.667
1092.116 0.644
1092.756 0.64
1093.435 0.679
1094.173 0.738
1094.913 0.74
1095.611 0.698
1096.319 0.708
1097.052 0.733
1097.788 0.736
1098.492 0.704
1099.166 0.674
1099.846 0.68
1100.542 0.696
1101.256 0.714
1101.974 0.718
1102.681 0.707
1103.373 0.692
1104.072 0.699
1104.789 0.717
1105.524 0.735
1106.259 0.735
1106.973 0.714
1107.672 0.699
1108.383 0.711
1109.119 0.736
1109.874 0.755
1110.611 0.737
1111.316 0.705
1111.992 0.676
1112.675 0.683
1113.376 0.701
1114.102 0.726
1114.842 0.74
1115.558 0.716
1116.26 0.702
1116.975 0.715
1117.694 0.719
1118.429 0.735
1119.151 0.722
1119.849 0.698
1120.525 0.676
1121.213 0.688
1121.923 0.71
1122.643 0.72
1123.335 0.692
1124.001 0.666
1124.679 0.678
1125.387 0.708
1126.133 0.746
1126.88 0.747
1127.609 0.729
1128.297 0.688
1128.975 0.678
1129.651 0.676
1130.344 0.693
1131.062 0.718
1131.803 0.741
1132.547 0.744
1133.275 0.728
1133.971 0.696
1134.662 0.691
1135.361 0.699
1136.078 0.717
1136.824 0.746
1137.572 0.748
1138.308 0.736
1139.039 0.731
1139.781 0.742
1140.537 0.756
1141.311 0.774
1142.078 0.767
1142.804 0.726
1143.487 0.683
1144.163 0.676
1144.822 0.659
1145.461 0.639
1146.08 0.619
1146.706 0.626
1147.325 0.619
1147.95 0.625
1148.595 0.645
1149.246 0.651
1149.899 0.653
1150.534 0.635
1151.15 0.616
1151.772 0.622
1152.403 0.631
1153.047 0.644
1153.687 0.64
1154.329 0.642
1154.968 0.639
1155.606 0.638
1156.229 0.623
1156.84 0.611
1157.451 0.611
1158.077 0.626
1158.719 0.642
1159.368 0.649
1160.01 0.642
1160.657 0.647
1161.312 0.655
1161.982 0.67
1162.659 0.677
1163.327 0.668
1163.996 0.669
1164.671 0.675
1165.359 0.688
1166.052 0.693
1166.73 0.678
1167.397 0.667
1168.073 0.676
1168.75 0.677
1169.412 0.662
1170.076 0.664
1170.725 0.649
1171.358 0.633
1171.984 0.626
1172.619 0.635
1173.269 0.65
1173.935 0.666
1174.591 0.656
1175.243 0.652
1175.891 0.648
1176.539 0.648
1177.184 0.645
1177.831 0.647
1178.468 0.637
1179.094 0.626
1179.74 0.646
1180.412 0.672
1181.104 0.692
1181.799 0.695
1182.471 0.672
1183.142 0.671
1183.806 0.664
1184.459 0.653
1185.092 0.633
1185.725 0.633
1186.364 0.639
1187.016 0.652
1187.683 0.667
1188.351 0.668
1189.025 0.674
1189.713 0.688
1190.409 0.696
1191.098 0.689
1191.77 0.672
1192.442 0.672
1193.113 0.671
1193.797 0.684
1194.508 0.711
1195.225 0.717
1195.925 0.7
1196.608 0.683
1197.294 0.686
1197.991 0.697
1198.712 0.721
1199.45 0.738
1200.193 0.743
1200.93 0.737
1201.669 0.739
1202.414 0.745
1203.156 0.742
1203.893 0.737
1204.632 0.739
1205.371 0.739
1206.103 0.732
1206.829 0.726
1207.562 0.733
1208.306 0.744
1209.047 0.741
1209.781 0.734
1210.541 0.76
1211.3 0.759
1212.034 0.734
1212.737 0.703
1213.414 0.677
1214.075 0.661
1214.735 0.66
1215.437 0.702
1216.195 0.758
1216.997 0.802
1217.825 0.828
1218.661 0.836
1219.49 0.829
1220.96 1.47
1221.634 0.674
1222.278 0.644
1222.916 0.638
1223.563 0.647
1224.248 0.685
1225.039 0.791
1225.907 0.868
1227.657 1.75
1229.319 1.662
1230.762 1.443
1231.424 0.662
1232.05 0.626
1232.667 0.617
1233.294 0.627
1233.962 0.668
1234.719 0.757
1235.599 0.88
1236.511 0.912
1237.398 0.887
1239.137 1.739
1240.742 1.605
1242.11 1.368
1242.751 0.641
1243.371 0.62
1243.993 0.622
1244.642 0.649
1245.361 0.719
1246.176 0.815
1247.052 0.876
1247.919 0.867
1248.802 0.883
1249.654 0.852
1250.478 0.824
1251.247 0.769
1251.979 0.732
1252.687 0.708
1253.394 0.707
1254.114 0.72
1254.851 0.737
1255.615 0.764
1256.41 0.795
1257.205 0.795
1257.994 0.789
1258.753 0.759
1259.467 0.714
1260.147 0.68
1260.798 0.651
1261.439 0.641
1262.087 0.648
1262.774 0.687
1263.528 0.754
1264.353 0.825
1265.208 0.855
1266.062 0.854
1266.91 0.848
1267.721 0.811
1268.493 0.772
1269.244 0.751
1269.95 0.706
1270.62 0.67
1271.271 0.651
1271.912 0.641
1272.543 0.631
1273.187 0.644
1273.873 0.686
1274.61 0.737
1275.408 0.798
1276.212 0.804
1277.008 0.796
1277.801 0.793
1278.589 0.788
1279.351 0.762
1280.083 0.732
1280.768 0.685
1281.425 0.657
1282.058 0.633
1282.678 0.62
1283.286 0.608
1283.905 0.619
1284.57 0.665
1285.319 0.749
1286.132 0.813
1286.964 0.832
1287.787 0.823
1288.602 0.815
1289.399 0.797
1290.166 0.767
1290.878 0.712
1291.546 0.668
1292.186 0.64
1292.808 0.622
1293.418 0.61
1294.038 0.62
1294.708 0.67
1295.472 0.764
1296.334 0.862
1298.026 1.692
1298.835 0.809
1300.316 1.481
1301.616 1.3
1302.812 1.196
1303.399 0.587
1304.004 0.605
1304.666 0.662
1305.406 0.74
1306.981 1.575
1307.723 0.742
1308.46 0.737
1309.171 0.711
1309.852 0.681
1311.155 1.303
1311.775 0.62
1312.376 0.601
1312.965 0.589
1313.575 0.61
1314.209 0.634
1314.912 0.703
1316.404 1.492
1317.122 0.718
1317.843 0.721
1318.542 0.699
1319.218 0.676
1320.532 1.314
1321.164 0.632
1321.773 0.609
1322.961 1.188
1324.21 1.249
1325.657 1.447
1326.334 0.677
1326.971 0.637
1327.613 0.642
1328.273 0.66
1329.607 1.334
1330.869 1.262
1331.48 0.611
1332.07 0.59
1333.238 1.168
1334.506 1.268
1335.95 1.444
1336.658 0.708
1337.394 0.736
1338.124 0.73
1338.85 0.726
1340.261 1.411
1340.927 0.666
1341.561 0.634
1342.792 1.231
1343.421 0.629
1344.13 0.709
1344.94 0.81
1345.792 0.852
1346.655 0.863
1347.507 0.852
1348.346 0.839
1349.164 0.818
1349.939 0.775
1350.647 0.708
1351.304 0.657
1351.929 0.625
1352.536 0.607
1353.135 0.599
1353.746 0.611
1354.42 0.674
1355.184 0.764
1355.984 0.8
1356.77 0.786
1357.56 0.79
1358.334 0.774
1359.09 0.756
1359.828 0.738
1360.516 0.688
1361.168 0.652
1361.793 0.625
1362.4 0.607
1363.001 0.601
1363.606 0.605
1364.247 0.641
1364.946 0.699
1365.699 0.753
1366.481 0.782
1367.259 0.778
1368.037 0.778
1368.791 0.754
1369.513 0.722
1370.194 0.681
1370.845 0.651
1371.473 0.628
1372.083 0.61
1372.675 0.592
1373.265 0.59
1373.875 0.61
1374.536 0.661
1375.259 0.723
1376.02 0.761
1376.781 0.761
1377.534 0.753
1378.274 0.74
1378.991 0.717
1379.668 0.677
1380.322 0.654
1380.951 0.629
1381.567 0.616
1382.164 0.597
1382.76 0.596
1383.38 0.62
1384.06 0.68
1384.817 0.757
1385.62 0.803
1386.425 0.805
1387.226 0.801
1387.861 0.635
1388.464 0.603
1389.053 0.589
1389.639 0.586
1390.228 0.589
1390.832 0.604
1391.512 0.68
1392.349 0.837
1393.161 0.812
1393.978 0.817
1394.777 0.799
1395.567 0.79
1396.344 0.777
1397.071 0.727
1397.754 0.683
1398.399 0.645
1399.026 0.627
1399.647 0.621
1400.271 0.624
1400.913 0.642
1401.62 0.707
1402.371 0.751
1403.147 0.776
1403.937 0.79
1404.728 0.791
1405.494 0.766
1406.237 0.743
1406.954 0.717
1407.644 0.69
1408.31 0.666
1408.954 0.644
1409.589 0.635
1410.217 0.628
1410.847 0.63
1411.514 0.667
1412.242 0.728
1413.006 0.764
1413.81 0.804
1414.634 0.824
1415.436 0.802
1416.223 0.787
1416.96 0.737
1417.65 0.69
1418.31 0.66
1418.952 0.642
1419.582 0.63
1420.208 0.626
1420.848 0.64
1421.525 0.677
1422.251 0.726
1423.015 0.764
1423.794 0.779
1424.565 0.771
1425.319 0.754
1426.044 0.725
1426.738 0.694
1427.403 0.665
1428.045 0.642
1428.671 0.626
1429.286 0.615
1429.894 0.608
1430.516 0.622
1431.191 0.675
1431.936 0.745
1432.727 0.791
1433.538 0.811
1434.345 0.807
1435.139 0.794
1435.907 0.768
1436.63 0.723
1437.302 0.672
1437.947 0.645
1438.57 0.623
1439.184 0.614
1439.796 0.612
1440.43 0.634
1441.092 0.662
1441.796 0.704
1442.534 0.738
1443.285 0.751
1444.016 0.731
1444.736 0.72
1445.423 0.687
1446.074 0.651
1446.709 0.635
1447.318 0.609
1447.911 0.593
1448.498 0.587
1449.073 0.575
1449.647 0.574
1450.236 0.589
1450.862 0.626
1451.556 0.694
1452.275 0.719
1453.017 0.742
1453.752 0.735
1454.466 0.714
1455.148 0.682
1455.799 0.651
1456.432 0.633
1457.048 0.616
1457.645 0.597
1458.228 0.583
1458.801 0.573
1459.369 0.568
1459.939 0.57
1460.518 0.579
1461.123 0.605
1461.786 0.663
1462.503 0.717
1463.258 0.755
1464.025 0.767
1464.79 0.765
1465.533 0.743
1466.259 0.726
1466.945 0.686
1467.597 0.652
1468.221 0.624
1468.824 0.603
1469.418 0.594
1470.016 0.598
1470.629 0.613
1471.287 0.658
1472.034 0.747
1472.841 0.807
1473.669 0.828
1474.487 0.818
1475.292 0.805
1476.075 0.783
1476.81 0.735
1477.479 0.669
1478.109 0.63
1478.716 0.607
1479.303 0.587
1479.888 0.585
1480.484 0.596
1481.127 0.643
1481.858 0.731
1482.677 0.819
1483.51 0.833
1485.144 1.634
1485.924 0.78
1487.345 1.421
1487.988 0.643
1488.586 0.598
1489.166 0.58
1489.737 0.571
1490.312 0.575
1490.909 0.597
1491.538 0.629
1492.237 0.699
1492.998 0.761
1493.792 0.794
1494.576 0.784
1495.366 0.79
1496.152 0.786
1496.932 0.78
1497.67 0.738
1498.354 0.684
1499.024 0.67
1499.678 0.654
1500.325 0.647
1500.971 0.646
1501.618 0.647
1502.262 0.644
1502.912 0.65
1503.557 0.645
1504.201 0.644
1504.845 0.644
1505.496 0.651
1506.152 0.656
1506.809 0.657
1507.461 0.652
1508.109 0.648
1508.75 0.641
1509.386 0.636
1510.012 0.626
1510.634 0.622
1511.243 0.609
1511.843 0.6
1512.433 0.59
1513.022 0.589
1513.613 0.591
1514.203 0.59
1514.802 0.599
1515.406 0.604
1516.011 0.605
1516.608 0.597
1517.207 0.599
1517.798 0.591
1518.378 0.58
1518.944 0.566
1519.499 0.555
1520.049 0.55
1520.593 0.544
1521.137 0.544
1521.679 0.542
1522.223 0.544
1522.752 0.529
1523.277 0.525
1523.814 0.537
1524.364 0.55
1524.917 0.553
1525.471 0.554
1526.026 0.555
1526.576 0.55
1527.122 0.546
1527.664 0.542
1528.196 0.532
1528.725 0.529
1529.252 0.527