0.000 0.744
0.744 0.744
1.423 0.679
2.083 0.66
3.025 0.942
3.948 0.923
4.684 0.736
5.393 0.709
6.085 0.692
6.768 0.683
7.463 0.695
8.139 0.676
8.811 0.672
9.451 0.64
10.105 0.654
10.789 0.684
17.722 0.723
18.401 0.679
19.083 0.682
19.782 0.699
20.512 0.73
21.211 0.699
21.908 0.697
22.626 0.718
23.437 0.811
24.275 0.838
25.095 0.82
25.851 0.756
26.606 0.755
27.366 0.76
28.233 0.867
29.086 0.853
29.867 0.781
30.563 0.696
31.396 0.833
32.244 0.848
33.042 0.798
33.753 0.711
34.48 0.727
35.209 0.729
36.264 1.055
37.222 0.958
38.158 0.936
39.043 0.885
39.932 0.889
40.768 0.836
41.567 0.799
42.433 0.866
43.243 0.81
44.02 0.777
44.74 0.72
45.461 0.721
46.148 0.687
46.896 0.748
48.025 1.129
49.029 1.004
49.886 0.857
50.707 0.821
51.42 0.713
52.088 0.668
52.756 0.668
53.438 0.682
54.239 0.801
54.994 0.755
55.784 0.79
56.5 0.716
57.228 0.728
58.05 0.822
58.941 0.891
59.678 0.737
60.46 0.782
61.231 0.771
62.048 0.817
62.783 0.735
63.489 0.706
64.216 0.727
65.046 0.83
65.964 0.918
66.842 0.878
67.717 0.875
68.596 0.879
69.458 0.862
70.275 0.817
71.016 0.741
71.747 0.731
72.917 1.17
74.014 1.097
74.883 0.869
75.68 0.797
76.419 0.739
77.139 0.72
77.936 0.797
78.795 0.859
79.613 0.818
80.522 0.909
81.364 0.842
82.152 0.788
82.946 0.794
83.735 0.789
84.475 0.74
85.193 0.718
85.947 0.754
86.718 0.771
87.593 0.875
88.359 0.766
89.041 0.682
89.744 0.703
90.502 0.758
91.242 0.74
92.012 0.77
92.813 0.801
93.634 0.821
94.456 0.822
95.211 0.755
95.945 0.734
96.656 0.711
97.327 0.671
97.972 0.645
98.671 0.699
99.403 0.732
100.187 0.784
101.032 0.845
101.881 0.849
102.64 0.759
103.348 0.708
104.075 0.727
104.856 0.781
105.616 0.76
106.402 0.786
107.165 0.763
107.864 0.699
108.551 0.687
109.28 0.729
110.086 0.806
110.959 0.873
111.796 0.837
112.528 0.732
113.265 0.737
114.002 0.737
114.736 0.734
115.415 0.679
116.137 0.722
117.26 1.123
118.238 0.978
119.024 0.786
119.822 0.798
120.837 1.015
121.931 1.094
122.933 1.002
123.87 0.937
124.747 0.877
125.525 0.778
126.249 0.724
127.033 0.784
127.827 0.794
128.617 0.79
129.35 0.733
130.051 0.701
130.737 0.686
131.567 0.83
132.667 1.1
133.578 0.911
134.338 0.76
135.032 0.694
135.712 0.68
136.457 0.745
137.249 0.792
138.067 0.818
138.794 0.727
139.498 0.704
140.225 0.727
140.894 0.669
141.537 0.643
142.214 0.677
143.246 1.032
144.183 0.937
145.042 0.859
146.5 1.458
147.148 0.648
147.807 0.659
148.56 0.753
149.358 0.798
150.095 0.737
150.825 0.73
151.578 0.753
152.59 1.012
153.593 1.003
154.533 0.94
155.314 0.781
156.032 0.718
156.762 0.73
157.574 0.812
158.382 0.808
159.121 0.739
159.874 0.753
160.806 0.932
161.876 1.07
162.7 0.824
163.429 0.729
164.147 0.718
164.917 0.77
165.785 0.868
166.624 0.839
167.422 0.798
168.194 0.772
169.034 0.84
169.857 0.823
170.646 0.789
171.392 0.746
172.095 0.703
172.74 0.645
173.438 0.698
174.512 1.074
175.457 0.945
176.335 0.878
177.145 0.81
177.908 0.763
178.714 0.806
179.494 0.78
180.302 0.808
181.107 0.805
181.881 0.774
182.62 0.739
183.411 0.791
184.521 1.11
185.574 1.053
186.464 0.89
187.943 1.479
188.598 0.655
189.246 0.648
189.908 0.662
191.021 1.113
192.132 1.111
193.185 1.053
194.022 0.837
194.909 0.887
195.813 0.904
196.679 0.866
198.225 1.546
198.92 0.695
199.8 0.88
200.697 0.897
201.49 0.793
202.32 0.83
203.292 0.972
204.375 1.083
205.435 1.06
206.364 0.929
207.147 0.783
207.87 0.723
208.606 0.736
209.419 0.813
210.224 0.805
211.01 0.786
211.784 0.774
212.589 0.805
213.491 0.902
214.329 0.838
215.075 0.746
215.843 0.768
216.568 0.725
217.269 0.701
217.92 0.651
218.787 0.867
219.645 0.858
220.467 0.822
221.245 0.778
221.946 0.701
222.68 0.734
223.486 0.806
224.311 0.825
225.07 0.759
225.868 0.798
226.618 0.75
227.33 0.712
228.111 0.781
229.06 0.949
229.928 0.868
230.75 0.822
231.587 0.837
232.323 0.736
233.038 0.715
233.869 0.831
234.718 0.849
235.57 0.852
236.356 0.786
237.134 0.778
237.953 0.819
238.79 0.837
239.62 0.83
240.492 0.872
241.243 0.751
241.956 0.713
242.697 0.741
243.452 0.755
244.275 0.823
244.991 0.716
245.709 0.718
246.8 1.091
247.668 0.868
248.426 0.758
249.189 0.763
250.3 1.111
251.298 0.998
252.2 0.902
253.012 0.812
253.74 0.728
254.498 0.758
255.241 0.743
255.979 0.738
256.72 0.741
257.501 0.781
258.343 0.842
259.096 0.753
259.794 0.698
260.474 0.68
261.295 0.821
262.04 0.745
262.828 0.788
264.003 1.175
265.062 1.059
265.987 0.925
266.864 0.877
267.659 0.795
268.399 0.74
269.11 0.711
269.833 0.723
270.521 0.688
271.248 0.727
272.052 0.804
272.889 0.837
273.622 0.733
274.348 0.726
275.092 0.744
275.848 0.756
276.617 0.769
277.363 0.746
278.064 0.701
278.785 0.721
279.485 0.7
280.2 0.715
280.949 0.749
281.653 0.704
282.369 0.716
283.109 0.74
283.866 0.757
284.622 0.756
285.358 0.736
286.083 0.725
286.809 0.726
287.506 0.697
288.216 0.71
288.895 0.679
289.581 0.686
290.267 0.686
291.12 0.853
291.865 0.745
292.568 0.703
293.28 0.712
294.058 0.778
294.842 0.784
295.611 0.769
296.335 0.724
297.075 0.74
298.2 1.125
299.195 0.995
300.114 0.919
300.979 0.865
301.741 0.762
302.493 0.752
303.264 0.771
304.139 0.875
305.106 0.967
305.973 0.867
306.832 0.859
307.658 0.826
308.424 0.766
309.189 0.765
309.985 0.796
310.815 0.83
311.601 0.786
312.376 0.775
313.195 0.819
314.0 0.805
314.751 0.751
315.473 0.722
316.148 0.675
316.908 0.76
317.67 0.762
318.45 0.78
319.218 0.768
320.271 1.053
321.082 0.811
321.822 0.74
322.506 0.684
323.157 0.651
323.806 0.649
324.452 0.646
325.098 0.646
325.749 0.651
326.423 0.674
327.085 0.662
327.781 0.696
328.478 0.697
329.203 0.725
329.881 0.678
330.571 0.69
331.256 0.685
331.933 0.677
332.63 0.697
333.277 0.647
333.921 0.644
334.551 0.63
335.157 0.606
335.823 0.666
336.554 0.731
337.264 0.71
337.963 0.699
338.748 0.785
339.922 1.174
340.881 0.959
341.727 0.846
342.469 0.742
343.173 0.704
343.851 0.678
344.519 0.668
345.208 0.689
345.946 0.738
346.709 0.763
347.468 0.759
348.208 0.74
348.935 0.727
349.655 0.72
350.342 0.687
350.985 0.643
351.68 0.695
352.603 0.923
353.421 0.818
354.107 0.686
354.742 0.635
355.354 0.612
355.969 0.615
356.579 0.61
357.264 0.685
357.962 0.698
358.624 0.662
359.267 0.643
359.902 0.635
360.519 0.617
361.124 0.605
361.738 0.614
362.344 0.606
362.988 0.644
364.201 1.213
365.126 0.925
365.919 0.793
366.628 0.709
367.291 0.663
367.931 0.64
368.542 0.611
369.156 0.614
369.78 0.624
370.469 0.689
371.271 0.802
372.076 0.805
372.935 0.859
373.791 0.856
374.673 0.882
375.602 0.929
376.494 0.892
377.354 0.86
378.226 0.872
379.075 0.849
379.941 0.866
380.84 0.899
381.636 0.796
382.356 0.72
383.006 0.65
383.664 0.658
384.344 0.68
385.045 0.701
385.748 0.703
386.503 0.755
387.193 0.69
387.851 0.658
388.5 0.649
389.149 0.649
389.815 0.666
390.48 0.665
391.142 0.662
391.777 0.635
392.4 0.623
393.011 0.611
393.627 0.616
394.251 0.624
394.856 0.605
395.459 0.603
396.063 0.604
396.658 0.595
397.252 0.594
397.834 0.582
398.418 0.584
398.99 0.572
399.558 0.568
400.134 0.576
400.716 0.582
401.296 0.58
401.878 0.582
402.473 0.595
403.065 0.592
403.647 0.582
404.259 0.612
405.003 0.744
405.736 0.733
406.409 0.673
407.09 0.681
407.75 0.66
408.478 0.728
409.277 0.799
410.039 0.762
410.767 0.728
411.58 0.813
412.355 0.775
413.069 0.714
413.789 0.72
414.488 0.699
415.178 0.69
416.018 0.84
416.792 0.774
417.524 0.732
418.202 0.678
418.859 0.657
419.51 0.651
420.149 0.639
420.823 0.674
421.91 1.087
422.817 0.907
423.618 0.801
424.394 0.776
425.061 0.667
425.773 0.712
426.49 0.717
427.216 0.726
428.002 0.786
428.736 0.734
429.484 0.748
430.547 1.063
431.62 1.073
432.616 0.996
433.395 0.779
434.071 0.676
434.73 0.659
435.449 0.719
436.552 1.103
437.516 0.964
438.336 0.82
439.133 0.797
440.204 1.071
441.22 1.016
442.117 0.897
442.991 0.874
443.769 0.778
444.635 0.866
446.216 1.581
447.366 1.15
448.327 0.961
449.258 0.931
450.045 0.787
450.825 0.78
451.603 0.778
452.444 0.841
453.414 0.97
454.522 1.108
455.602 1.08
456.488 0.886
457.331 0.843
458.129 0.798
458.877 0.748
459.61 0.733
460.481 0.871
461.951 1.47
463.047 1.096
464.003 0.956
464.825 0.822
465.597 0.772
466.29 0.693
467.01 0.72
467.757 0.747
468.594 0.837
469.408 0.814
470.267 0.859
471.249 0.982
472.112 0.863
472.981 0.869
473.879 0.898
474.799 0.92
475.557 0.758
476.276 0.719
477.037 0.761
477.812 0.775
478.7 0.888
479.676 0.976
480.463 0.787
481.147 0.684
481.858 0.711
482.582 0.724
483.321 0.739
483.992 0.671
484.669 0.677
485.736 1.067
486.656 0.92
487.497 0.841
488.227 0.73
488.917 0.69
489.667 0.75
490.474 0.807
491.273 0.799
492.044 0.771
492.814 0.77
493.58 0.766
494.359 0.779
495.113 0.754
495.857 0.744
496.758 0.901
497.535 0.777
498.299 0.764
499.131 0.832
499.954 0.823
500.677 0.723
501.387 0.71
502.136 0.749
502.945 0.809
503.724 0.779
504.443 0.719
505.144 0.701
505.912 0.768
506.691 0.779
507.422 0.731
508.171 0.749
508.953 0.782
509.68 0.727
510.4 0.72
511.273 0.873
512.075 0.802
512.845 0.77
513.563 0.718
514.275 0.712
514.95 0.675
515.64 0.69
516.35 0.71
517.086 0.736
517.752 0.666
518.382 0.63
519.043 0.661
519.743 0.7
520.488 0.745
521.171 0.683
521.83 0.659
522.467 0.637
523.17 0.703
523.941 0.771
524.657 0.716
525.356 0.699
526.049 0.693
526.781 0.732
527.523 0.742
528.282 0.759
529.011 0.729
529.734 0.723
530.436 0.702
531.177 0.741
531.939 0.762
532.724 0.785
533.461 0.737
534.207 0.746
535.021 0.814
535.805 0.784
536.553 0.748
537.255 0.702
538.015 0.76
538.844 0.829
539.653 0.809
540.424 0.771
541.196 0.772
542.049 0.853
542.883 0.834
543.644 0.761
544.374 0.73
545.112 0.738
545.944 0.832
546.821 0.877
547.652 0.831
548.396 0.744
549.141 0.745
549.894 0.753
550.753 0.859
551.562 0.809
552.421 0.859
553.275 0.854
554.122 0.847
554.877 0.755
555.683 0.806
556.475 0.792
557.217 0.742
557.953 0.736
558.697 0.744
559.549 0.852
560.347 0.798
561.13 0.783
561.877 0.747
562.602 0.725
563.385 0.783
564.186 0.801
565.037 0.851
565.815 0.778
566.535 0.72
567.264 0.729
568.086 0.822
568.914 0.828
569.76 0.846
570.554 0.794
571.278 0.724
572.055 0.777
572.783 0.728
573.523 0.74
574.377 0.854
575.155 0.778
575.843 0.688
576.514 0.671
577.474 0.96
578.338 0.864
579.128 0.79
579.913 0.785
580.655 0.742
581.397 0.742
582.272 0.875
583.783 1.511
584.447 0.664
585.094 0.647
585.774 0.68
586.585 0.811
587.399 0.814
588.123 0.724
588.882 0.759
589.776 0.894
590.733 0.957
591.648 0.915
592.454 0.806
593.178 0.724
593.946 0.768
594.787 0.841
595.606 0.819
596.446 0.84
597.234 0.788
598.091 0.857
598.855 0.764
599.592 0.737
600.435 0.843
601.293 0.858
602.101 0.808
603.031 0.93
604.226 1.195
605.259 1.033
606.097 0.838
607.517 1.42
608.176 0.659
608.829 0.653
609.539 0.71
610.293 0.754
611.337 1.044
612.207 0.87
613.312 1.105
614.355 1.043
615.284 0.929
616.056 0.772
616.766 0.71
617.502 0.736
618.381 0.879
619.267 0.886
620.05 0.783
620.814 0.764
621.58 0.766
622.402 0.822
623.36 0.958
624.283 0.923
625.079 0.796
625.859 0.78
626.628 0.769
627.413 0.785
628.186 0.773
629.04 0.854
629.935 0.895
630.75 0.815
631.511 0.761
632.216 0.705
632.926 0.71
633.602 0.676
634.255 0.653
635.345 1.09
636.242 0.897
637.012 0.77
637.87 0.858
638.68 0.81
639.501 0.821
640.289 0.788
640.988 0.699
641.686 0.698
642.382 0.696
643.138 0.756
644.083 0.945
645.121 1.038
646.04 0.919
646.842 0.802
647.599 0.757
648.487 0.888
649.307 0.82
650.187 0.88
651.05 0.863
651.827 0.777
652.548 0.721
653.333 0.785
654.167 0.834
655.019 0.852
655.779 0.76
656.596 0.817
657.429 0.833
658.186 0.757
658.925 0.739
659.662 0.737
660.42 0.758
661.286 0.866
662.128 0.842
662.864 0.736
663.563 0.699
664.234 0.671
664.895 0.661
665.542 0.647
666.18 0.638
666.834 0.654
667.649 0.815
668.558 0.909
669.341 0.783
670.065 0.724
670.729 0.664
671.382 0.653
672.021 0.639
672.643 0.622
673.25 0.607
673.838 0.588
674.421 0.583
675.006 0.585
675.591 0.585
676.185 0.594
676.772 0.587
677.378 0.606
677.965 0.587
678.546 0.581
679.164 0.618
679.824 0.66
680.505 0.681
681.177 0.672
681.838 0.661
682.52 0.682
683.568 1.048
684.667 1.099
685.65 0.983
686.552 0.902
687.394 0.842
688.219 0.825
688.957 0.738
689.666 0.709
690.407 0.741
691.139 0.732
691.849 0.71
692.593 0.744
693.286 0.693
693.944 0.658
694.597 0.653
695.249 0.652
695.897 0.648
696.555 0.658
697.218 0.663
697.895 0.677
698.63 0.735
699.342 0.712
700.05 0.708
700.723 0.673
701.403 0.68
702.172 0.769
702.983 0.811
703.676 0.693
704.369 0.693
705.155 0.786
705.915 0.76
706.677 0.762
707.355 0.678
708.018 0.663
708.698 0.68
709.702 1.004
710.553 0.851
711.316 0.763
712.012 0.696
712.659 0.647
713.335 0.676
714.079 0.744
714.821 0.742
715.609 0.788
716.444 0.835
717.18 0.736
717.87 0.69
718.973 1.103
719.933 0.96
720.877 0.944
721.772 0.895
722.557 0.785
723.283 0.726
723.97 0.687
724.672 0.702
725.414 0.742
726.29 0.876
727.022 0.732
727.766 0.744
728.863 1.097
729.816 0.953
730.663 0.847
731.398 0.735
732.122 0.724
732.859 0.737
733.644 0.785
734.459 0.815
735.267 0.808
736.065 0.798
737.13 1.065
738.197 1.067
739.124 0.927
739.898 0.774
740.647 0.749
741.384 0.737
742.208 0.824
743.032 0.824
743.821 0.789
744.688 0.867
745.549 0.861
746.375 0.826
747.148 0.773
747.92 0.772
748.883 0.963
749.836 0.953
750.628 0.792
751.402 0.774
752.19 0.788
752.984 0.794
753.768 0.784
754.452 0.684
755.17 0.718
755.928 0.758
756.734 0.806
757.516 0.782
758.225 0.709
758.985 0.76
759.858 0.873
760.634 0.776
761.397 0.763
762.148 0.751
762.865 0.717
763.768 0.903
764.633 0.865
765.384 0.751
766.09 0.706
766.788 0.698
767.538 0.75
768.399 0.861
769.164 0.765
769.885 0.721
770.722 0.837
771.475 0.753
772.247 0.772
772.936 0.689
773.623 0.687
774.437 0.814
775.181 0.744
775.86 0.679
776.559 0.699
777.321 0.762
778.471 1.15
779.588 1.117
780.518 0.93
781.363 0.845
782.072 0.709
782.758 0.686
783.457 0.699
784.323 0.866
785.221 0.898
786.015 0.794
786.911 0.896
787.814 0.903
788.655 0.841
789.508 0.853
790.293 0.785
791.1 0.807
791.938 0.838
792.825 0.887
793.603 0.778
794.342 0.739
795.224 0.882
796.088 0.864
796.839 0.751
797.63 0.791
798.44 0.81
799.187 0.747
800.143 0.956
801.049 0.906
801.841 0.792
802.625 0.784
803.401 0.776
804.11 0.709
804.855 0.745
805.955 1.1
806.953 0.998
807.783 0.83
808.61 0.827
809.488 0.878
810.387 0.899
811.249 0.862
812.033 0.784
812.913 0.88
813.797 0.884
814.589 0.792
815.436 0.847
816.402 0.966
817.254 0.852
818.076 0.822
818.996 0.92
820.08 1.084
820.9 0.82
821.671 0.771
822.356 0.685
823.081 0.725
823.79 0.709
824.438 0.648
825.135 0.697
825.926 0.791
827.037 1.111
828.337 1.3
829.396 1.059
830.215 0.819
830.934 0.719
831.629 0.695
832.302 0.673
832.981 0.679
833.629 0.648
834.322 0.693
835.208 0.886
836.082 0.874
836.938 0.856
837.847 0.909
838.739 0.892
839.616 0.877
840.478 0.862
841.331 0.853
842.103 0.772
842.836 0.733
843.547 0.711
844.282 0.735
845.193 0.911
846.252 1.059
847.114 0.862
847.854 0.74
848.622 0.768
849.391 0.769
850.132 0.741
850.968 0.836
851.774 0.806
852.533 0.759
853.298 0.765
854.155 0.857
854.869 0.714
855.588 0.719
856.268 0.68
856.945 0.677
857.69 0.745
858.519 0.829
859.248 0.729
860.002 0.754
860.79 0.788
861.555 0.765
862.255 0.7
862.962 0.707
863.711 0.749
864.493 0.782
865.272 0.779
865.972 0.7
866.867 0.895
867.632 0.765
868.332 0.7
869.069 0.737
869.797 0.728
870.862 1.065
871.733 0.871
872.514 0.781
873.245 0.731
873.978 0.733
874.701 0.723
875.444 0.743
876.345 0.901
877.196 0.851
877.995 0.799
878.73 0.735
879.428 0.698
880.16 0.732
880.906 0.746
881.61 0.704
882.402 0.792
883.166 0.764
883.884 0.718
884.582 0.698
885.376 0.794
886.231 0.855
887.142 0.911
887.883 0.741
888.593 0.71
889.331 0.738
890.087 0.756
890.886 0.799
891.627 0.741
892.36 0.733
893.131 0.771
893.877 0.746
894.633 0.756
895.365 0.732
896.118 0.753
896.863 0.745
897.601 0.738
898.309 0.708
899.011 0.702
899.746 0.735
900.508 0.762
901.255 0.747
902.052 0.797
902.924 0.872
903.663 0.739
904.356 0.693
905.029 0.673
905.724 0.695
906.621 0.897
907.39 0.769
908.082 0.692
908.817 0.735
909.672 0.855
910.473 0.801
911.3 0.827
912.026 0.726
912.749 0.723
913.501 0.752
914.613 1.112
915.501 0.888
916.415 0.914
917.366 0.951
918.21 0.844
919.078 0.868
920.069 0.991
921.053 0.984
921.881 0.828
922.721 0.84
923.587 0.866
925.142 1.555
925.812 0.67
926.522 0.71
927.233 0.711
927.959 0.726
928.683 0.724
929.461 0.778
930.257 0.796
930.998 0.741
931.705 0.707
932.41 0.705
933.069 0.659
933.739 0.67
934.402 0.663
935.045 0.643
935.682 0.637
936.309 0.627
936.927 0.618
937.558 0.631
938.199 0.641
938.829 0.63
939.463 0.634
940.082 0.619
940.691 0.609
941.283 0.592
941.869 0.586
942.454 0.585
943.04 0.586
943.628 0.588
944.22 0.592
944.83 0.61
945.448 0.618
946.088 0.64
946.778 0.69
947.537 0.759
948.248 0.711
948.951 0.703
949.624 0.673
950.3 0.676
951.032 0.732
951.783 0.751
952.484 0.701
953.166 0.682
953.872 0.706
954.617 0.745
955.379 0.762
956.096 0.717
956.886 0.79
957.611 0.725
958.368 0.757
959.126 0.758
959.83 0.704
960.552 0.722
961.306 0.754
962.048 0.742
962.801 0.753
964.047 1.246
965.213 1.166
966.17 0.957
967.027 0.857
967.811 0.784
968.549 0.738
969.257 0.708
970.017 0.76
970.904 0.887
971.817 0.913
972.716 0.899
973.646 0.93
974.523 0.877
975.33 0.807
976.116 0.786
976.926 0.81
977.817 0.891
978.841 1.024
979.808 0.967
980.654 0.846
981.548 0.894
982.56 1.012
983.512 0.952
984.33 0.818
985.355 1.025
986.481 1.126
987.485 1.004
988.329 0.844
989.23 0.901
990.274 1.044
991.187 0.913
992.09 0.903
993.029 0.939
993.946 0.917
994.853 0.907
995.868 1.015
996.878 1.01
997.798 0.92
998.602 0.804
999.452 0.85
1000.491 1.039
1001.499 1.008
1002.352 0.853
1003.162 0.81
1003.989 0.827
1004.963 0.974
1005.976 1.013
1006.883 0.907
1007.745 0.862
1008.739 0.994
1009.724 0.985
1010.768 1.044
1011.869 1.101
1012.909 1.04
1013.767 0.858
1014.59 0.823
1015.43 0.84
1016.605 1.175
1017.676 1.071
1018.534 0.858
1019.249 0.715
1019.964 0.715
1020.767 0.803
1021.938 1.171
1023.06 1.122
1024.077 1.017
1025.048 0.971
1026.059 1.011
1026.952 0.893
1027.817 0.865
1028.785 0.968
1029.792 1.007
1030.729 0.937
1031.771 1.042
1032.699 0.928
1033.532 0.833
1034.301 0.769
1035.079 0.778
1035.801 0.722
1036.503 0.702
1037.176 0.673
1037.984 0.808
1038.751 0.767
1039.46 0.709
1040.159 0.699
1040.861 0.702
1041.586 0.725
1042.335 0.749
1043.033 0.698
1043.686 0.653
1044.333 0.647
1044.992 0.659
1045.655 0.663
1046.306 0.651
1047.048 0.742
1048.278 1.23
1049.35 1.072
1050.228 0.878
1050.985 0.757
1051.702 0.717
1052.403 0.701
1053.085 0.682
1053.771 0.686
1054.515 0.744
1055.363 0.848
1056.205 0.842
1056.935 0.73
1057.681 0.746
1058.425 0.744
1059.226 0.801
1059.948 0.722
1060.682 0.734
1061.458 0.776
1062.224 0.766
1062.963 0.739
1063.669 0.706
1064.431 0.762
1065.214 0.783
1065.997 0.783
1066.721 0.724
1067.485 0.764
1068.26 0.775
1069.04 0.78
1069.768 0.728
1070.482 0.714
1071.216 0.734
1071.942 0.726
1072.68 0.738
1073.366 0.686
1074.029 0.663
1074.689 0.66
1075.322 0.633
1076.036 0.714
1076.857 0.821
1077.599 0.742
1078.449 0.85
1079.257 0.808
1079.962 0.705
1080.659 0.697
1081.398 0.739
1082.152 0.754
1083.008 0.856
1083.737 0.729
1084.441 0.704
1085.2 0.759
1086.058 0.858
1086.962 0.904
1087.941 0.979
1088.724 0.783
1089.424 0.7
1090.125 0.701
1090.848 0.723
1091.581 0.733
1092.313 0.732
1093.005 0.692
1093.74 0.735
1094.423 0.683
1095.097 0.674
1095.808 0.711
1096.507 0.699
1097.219 0.712
1097.895 0.676
1098.557 0.662
1099.244 0.687
1099.933 0.689
1100.635 0.702
1101.321 0.686
1102.005 0.684
1102.639 0.634
1103.269 0.63
1103.935 0.666
1104.613 0.678
1105.299 0.686
1106.031 0.732
1107.213 1.182
1108.196 0.983
1108.942 0.746
1109.609 0.667
1110.255 0.646
1110.882 0.627
1111.544 0.662
1112.203 0.659
1112.874 0.671
1113.527 0.653
1114.222 0.695
1114.919 0.697
1115.588 0.669
1116.242 0.654
1116.86 0.618
1117.493 0.633
1118.156 0.663
1118.85 0.694
1119.525 0.675
1120.217 0.692
1120.937 0.72
1121.678 0.741
1122.409 0.731
1123.141 0.732
1123.915 0.774
1124.671 0.756
1125.465 0.794
1126.356 0.891
1127.203 0.847
1128.037 0.834
1128.786 0.749
1129.517 0.731
1130.255 0.738
1131.231 0.976
1132.235 1.004
1133.207 0.972
1134.103 0.896
1134.883 0.78
1135.631 0.748
1136.506 0.875
1137.387 0.881
1138.195 0.808
1138.97 0.775
1139.821 0.851
1141.079 1.258
1142.49 1.411
1143.614 1.124
1144.617 1.003
1145.623 1.006
1146.534 0.911
1147.305 0.771
1147.994 0.689
1148.709 0.715
1149.836 1.127
1151.129 1.293
1152.417 1.288
1153.446 1.029
1154.342 0.896
1155.202 0.86
1156.036 0.834
1156.785 0.749
1157.493 0.708
1158.17 0.677
1158.909 0.739
1160.19 1.281
1161.511 1.321
1162.682 1.171
1163.685 1.003
1164.637 0.952
1165.436 0.799
1166.192 0.756
1166.909 0.717
1167.582 0.673
1168.224 0.642
1168.848 0.624
1169.501 0.653
1170.684 1.183
1171.895 1.211
1172.796 0.901
1173.633 0.837
1174.427 0.794
1175.165 0.738
1175.879 0.714
1176.537 0.658
1177.184 0.647
1177.877 0.693
1179.109 1.232
1180.278 1.169
1181.214 0.936
1182.024 0.81
1182.743 0.719
1183.409 0.666
1184.032 0.623
1184.662 0.63
1185.284 0.622
1185.934 0.65
1187.027 1.093
1188.261 1.234
1189.239 0.978
1190.184 0.945
1191.041 0.857
1191.842 0.801
1192.622 0.78
1193.368 0.746
1194.084 0.716
1194.812 0.728
1195.536 0.724
1196.247 0.711
1196.951 0.704
1197.616 0.665
1198.252 0.636
1198.917 0.665
1200.067 1.15
1201.447 1.38
1202.337 0.89
1203.133 0.796
1203.895 0.762
1204.621 0.726
1205.358 0.737
1206.029 0.671
1206.687 0.658
1207.344 0.657
1208.148 0.804
1209.456 1.308
1210.476 1.02
1211.383 0.907
1212.206 0.823
1212.941 0.735
1213.593 0.652
1214.238 0.645
1214.909 0.671
1216.161 1.252
1217.293 1.132
1218.215 0.922
1219.731 1.516
1220.434 0.703
1221.122 0.688
1221.785 0.663
1222.456 0.671
1223.09 0.634
1223.703 0.613
1224.399 0.696
1225.087 0.688
1225.77 0.683
1226.425 0.655
1227.102 0.677
1227.889 0.787
1229.014 1.125
1230.245 1.231
1231.505 1.26
1232.601 1.096
1233.568 0.967
1234.461 0.893
1235.29 0.829
1236.061 0.771
1236.808 0.747
1237.499 0.691
1238.149 0.65
1238.774 0.625
1239.418 0.644
1240.473 1.055
1241.7 1.227
1242.872 1.172
1243.744 0.872
1244.551 0.807
1245.268 0.717
1245.962 0.694
1246.672 0.71
1247.334 0.662
1247.952 0.618
1248.601 0.649
1249.257 0.656
1249.915 0.658
1250.558 0.643
1251.189 0.631
1251.826 0.637
1252.723 0.897
1253.614 0.891
1254.387 0.773
1255.148 0.761
1255.867 0.719
1256.548 0.681
1257.204 0.656
1257.828 0.624
1258.444 0.616
1259.204 0.76
1260.548 1.344
1261.815 1.267
1262.928 1.113
1263.85 0.922
1264.701 0.851
1265.481 0.78
1266.202 0.721
1266.932 0.73
1267.625 0.693
1268.291 0.666
1268.933 0.642
1269.625 0.692
1270.743 1.118
1271.937 1.194
1273.03 1.093
1273.885 0.855
1274.66 0.775
1275.405 0.745
1276.115 0.71
1276.804 0.689
1277.44 0.636
1278.093 0.653
1278.755 0.662
1279.405 0.65
1280.043 0.638
1280.733 0.69
1281.847 1.114
1283.002 1.155
1283.891 0.889
1284.68 0.789
1285.397 0.717
1286.106 0.709
1286.817 0.711
1287.486 0.669
1288.119 0.633
1288.768 0.649
1289.479 0.711
1290.664 1.185
1291.831 1.167
1292.743 0.912
1293.552 0.809
1294.296 0.744
1295.028 0.732
1295.721 0.693
1296.419 0.698
1297.104 0.685
1297.742 0.638
1298.364 0.622
1298.991 0.627
1299.611 0.62
1300.222 0.611
1300.84 0.618
1301.499 0.659
1302.629 1.13
1303.628 0.999
1304.485 0.857
1305.244 0.759
1305.979 0.735
1306.687 0.708
1307.397 0.71
1308.076 0.679
1308.742 0.666
1309.441 0.699
1310.619 1.178
1311.969 1.35
1313.091 1.122
1314.009 0.918
1314.817 0.808
1315.564 0.747
1316.293 0.729
1317.033 0.74
1317.725 0.692
1318.382 0.657
1319.008 0.626
1319.67 0.662
1320.46 0.79
1321.576 1.116
1322.533 0.957
1323.339 0.806
1324.094 0.755
1324.816 0.722
1325.521 0.705
1326.168 0.647
1326.807 0.639
1327.479 0.672
1328.128 0.649
1328.796 0.668
1329.893 1.097
1331.12 1.227
1332.047 0.927
1333.498 1.451
1334.16 0.662
1334.807 0.647
1335.472 0.665
1336.137 0.665
1336.833 0.696
1337.519 0.686
1338.177 0.658
1338.831 0.654
1339.515 0.684
1340.585 1.07
1341.831 1.246
1342.982 1.151
1343.867 0.885
1344.658 0.791
1345.402 0.744
1346.121 0.719
1346.848 0.727
1347.606 0.758
1348.287 0.681
1348.94 0.653
1349.585 0.645
1350.292 0.707
1351.469 1.177
1352.7 1.231
1353.612 0.912
1354.413 0.801
1355.144 0.731
1355.857 0.713
1356.584 0.727
1357.351 0.767
1358.032 0.681
1358.683 0.651
1359.331 0.648
1360.041 0.71
1361.212 1.171
1362.264 1.052
1363.081 0.817
1363.818 0.737
1364.525 0.707
1365.17 0.645
1365.849 0.679
1366.613 0.764
1367.333 0.72
1368.074 0.741
1368.831 0.757
1369.965 1.134
1371.081 1.116
1372.066 0.985
1372.907 0.841
1373.661 0.754
1374.402 0.741
1375.112 0.71
1375.834 0.722
1376.546 0.712
1377.259 0.713
1377.932 0.673
1378.57 0.638
1379.196 0.626
1379.854 0.658
1381.019 1.165
1382.321 1.302
1383.29 0.969
1384.089 0.799
1384.825 0.736
1385.56 0.735
1386.316 0.756
1387.074 0.758
1387.778 0.704
1388.453 0.675
1389.154 0.701
1390.267 1.113
1391.463 1.196
1392.492 1.029
1393.291 0.799
1394.008 0.717
1394.716 0.708
1395.428 0.712
1396.178 0.75
1396.842 0.664
1397.5 0.658
1398.196 0.696
1398.857 0.661
1399.504 0.647
1400.17 0.666
1400.891 0.721
1401.854 0.963
1402.814 0.96
1403.657 0.843
1404.407 0.75
1405.132 0.725
1405.857 0.725
1406.598 0.741
1407.326 0.728
1408.006 0.68
1408.656 0.65
1409.304 0.648
1409.995 0.691
1411.12 1.125
1412.424 1.304
1413.38 0.956
1414.186 0.806
1414.921 0.735
1415.64 0.719
1416.366 0.726
1417.094 0.728
1417.805 0.711
1418.466 0.661
1419.117 0.651
1419.799 0.682
1420.624 0.825
1421.75 1.126
1422.752 1.002
1423.554 0.802
1424.272 0.718
1424.957 0.685
1425.664 0.707
1426.398 0.734
1427.156 0.758
1427.845 0.689
1428.508 0.663
1429.19 0.682
1429.853 0.663
1430.544 0.691
1431.634 1.09
1432.851 1.217
1433.812 0.961
1434.62 0.808
1435.342 0.722
1436.023 0.681
1436.684 0.661
1437.336 0.652
1438.02 0.684
1438.701 0.681
1439.415 0.714
1440.088 0.673
1440.737 0.649
1441.433 0.696
1442.131 0.698
1442.889 0.758
1443.583 0.694
1444.267 0.684
1444.952 0.685
1445.606 0.654
1446.248 0.642
1446.891 0.643
1447.53 0.639
1448.176 0.646
1448.851 0.675
1449.556 0.705
1450.217 0.661
1450.862 0.645
1451.501 0.639
1452.132 0.631
1452.763 0.631
1453.388 0.625
1454.008 0.62
1454.638 0.63
1455.295 0.657
1455.949 0.654
1456.611 0.662
1457.322 0.711
1458.009 0.687
1458.707 0.698
1459.425 0.718
1460.132 0.707
1460.822 0.69
1461.487 0.665
1462.127 0.64
1462.734 0.607
1463.272 0.538
1463.912 0.64
1464.492 0.58
1464.912 0.42
1465.345 0.433
1465.599 0.254
1466.15 0.551
1468.409 2.259
1470.414 2.005