0.000 2.999
2.999 2.999
3.939 0.94
4.877 0.938
5.854 0.977
6.845 0.991
7.828 0.983
8.723 0.895
9.644 0.921
10.575 0.931
11.576 1.001
12.596 1.02
13.51 0.914
14.442 0.932
15.349 0.907
16.38 1.031
17.456 1.076
18.53 1.074
19.379 0.849
20.176 0.797
20.911 0.735
21.801 0.89
22.776 0.975
23.792 1.016
24.93 1.138
25.832 0.902
26.824 0.992
27.849 1.025
28.821 0.972
29.721 0.9
30.809 1.088
31.971 1.162
32.955 0.984
33.854 0.899
34.73 0.876
35.65 0.92
37.193 1.543
38.666 1.473
40.057 1.391
41.358 1.301
42.661 1.303
43.914 1.253
45.144 1.23
46.248 1.104
47.474 1.226
48.769 1.295
49.961 1.192
51.113 1.152
52.338 1.225
53.543 1.205
54.654 1.111
55.859 1.205
57.149 1.29
58.226 1.077
59.333 1.107
60.654 1.321
61.823 1.169
62.832 1.009
63.777 0.945
64.911 1.134
66.376 1.465
67.73 1.354
68.944 1.214
70.044 1.1
71.272 1.228
72.499 1.227
73.668 1.169
74.667 0.999
75.566 0.899
76.464 0.898
77.579 1.115
78.906 1.327
80.226 1.32
81.504 1.278
82.732 1.228
83.92 1.188
84.965 1.045
86.004 1.039
87.117 1.113
88.271 1.154
89.377 1.106
90.527 1.15
91.706 1.179
92.783 1.077
93.764 0.981
94.878 1.114
96.105 1.227
97.178 1.073
98.38 1.202
99.637 1.257
100.779 1.142
101.775 0.996
102.896 1.121
104.043 1.147
105.011 0.968
105.752 0.741
106.811 1.059
107.732 0.921
109.01 1.278
110.266 1.256
111.352 1.086
112.271 0.919
113.272 1.001
114.391 1.119
115.438 1.047
116.44 1.002
117.538 1.098
118.663 1.125
119.705 1.042
120.749 1.044
121.771 1.022
122.686 0.915
123.566 0.88
124.57 1.004
125.735 1.165
126.889 1.154
127.946 1.057
129.119 1.173
130.335 1.216
131.422 1.087
132.543 1.121
133.749 1.206
134.9 1.151
135.986 1.086
137.205 1.219
138.371 1.166
139.428 1.057
140.374 0.946
141.408 1.034
142.705 1.297
144.079 1.374
145.355 1.276
146.544 1.189
147.757 1.213
148.887 1.13
149.858 0.971
150.781 0.923
151.889 1.108
153.276 1.387
154.538 1.262
155.624 1.086
156.808 1.184
158.028 1.22
159.176 1.148
160.241 1.065
161.425 1.184
162.679 1.254
163.822 1.143
164.979 1.157
166.201 1.222
167.366 1.165
168.384 1.018
169.465 1.081
170.697 1.232
171.937 1.24
173.081 1.144
174.329 1.248
175.632 1.303
176.926 1.294
177.973 1.047
178.858 0.885
179.747 0.889
180.672 0.925
181.76 1.088
183.053 1.293
184.277 1.224
185.488 1.211
186.535 1.047
187.404 0.869
188.224 0.82
189.03 0.806
189.884 0.854
190.755 0.871
191.637 0.882
192.438 0.801
193.223 0.785
194.112 0.889
195.214 1.102
196.238 1.024
197.161 0.923
198.024 0.863
198.878 0.854
199.852 0.974
200.857 1.005
201.849 0.992
202.819 0.97
203.867 1.048
204.967 1.1
206.024 1.057
207.091 1.067
208.287 1.196
209.474 1.187
210.524 1.05
211.679 1.155
212.944 1.265
214.124 1.18
215.224 1.1
216.458 1.234
217.631 1.173
218.684 1.053
219.809 1.125
221.026 1.217
222.156 1.13
223.299 1.143
224.595 1.296
225.702 1.107
226.628 0.926
227.499 0.871
228.416 0.917
229.506 1.09
230.784 1.278
231.876 1.092
232.86 0.984
234.063 1.203
235.273 1.21
236.32 1.047
237.266 0.946
238.378 1.112
239.589 1.211
240.626 1.037
241.704 1.078
242.948 1.244
244.191 1.243
245.324 1.133
246.571 1.247
247.787 1.216
248.873 1.086
250.022 1.149
251.261 1.239
252.442 1.181
253.535 1.093
254.718 1.183
255.925 1.207
257.009 1.084
258.196 1.187
259.399 1.203
260.507 1.108
261.626 1.119
262.826 1.2
263.886 1.06
264.825 0.939
265.688 0.863
266.618 0.93
267.725 1.107
269.098 1.373
270.342 1.244
271.401 1.059
272.492 1.091
273.656 1.164
274.712 1.056
275.684 0.972
276.738 1.054
277.812 1.074
278.811 0.999
279.851 1.04
281.058 1.207
282.246 1.188
283.337 1.091
284.502 1.165
285.672 1.17
286.753 1.081
287.903 1.15
289.046 1.143
290.037 0.991
291.094 1.057
292.275 1.181
293.484 1.209
294.53 1.046
295.579 1.049
296.718 1.139
297.795 1.077
298.772 0.977
299.819 1.047
300.974 1.155
302.078 1.104
302.986 0.908
303.849 0.863
304.621 0.772
305.398 0.777
306.553 1.155
307.453 0.9
308.301 0.848
309.117 0.816
309.984 0.867
311.059 1.075
312.263 1.204
313.279 1.016
314.272 0.993
315.197 0.925
316.085 0.888
317.006 0.921
317.779 0.773
318.521 0.742
319.268 0.747
320.046 0.778
320.895 0.849
321.724 0.829
322.538 0.814
323.297 0.759
324.053 0.756
324.89 0.837
325.718 0.828
326.538 0.82
327.338 0.8
328.198 0.86
329.047 0.849
329.776 0.729
330.484 0.708
331.192 0.708
331.926 0.734
332.72 0.794
333.905 1.185
334.996 1.091
335.961 0.965
336.975 1.014
337.968 0.993
338.982 1.014
339.992 1.01
340.901 0.909
341.896 0.995
342.977 1.081
343.959 0.982
345.082 1.123
346.173 1.091
347.115 0.942
348.067 0.952
348.918 0.851
349.889 0.971
350.709 0.82
351.607 0.898
352.598 0.991
353.587 0.989
354.484 0.897
355.259 0.775
356.101 0.842
356.914 0.813
357.662 0.748
358.49 0.828
359.452 0.962
360.413 0.961
361.274 0.861
362.259 0.985
363.403 1.144
364.521 1.118
365.566 1.045
366.737 1.171
367.793 1.056
368.672 0.879
369.705 1.033
370.76 1.055
371.687 0.927
372.684 0.997
373.781 1.097
374.965 1.184
375.968 1.003
376.7 0.732
377.81 1.11
378.882 1.072
380.122 1.24
381.217 1.095
382.124 0.907
382.884 0.76
383.717 0.833
384.913 1.196
386.141 1.228
387.181 1.04
388.328 1.147
389.473 1.145
390.549 1.076
391.624 1.075
392.691 1.067
393.828 1.137
394.794 0.966
395.585 0.791
396.517 0.932
397.929 1.412
399.271 1.342
400.574 1.303
401.747 1.173
402.787 1.04
403.901 1.114
405.046 1.145
406.049 1.003
407.032 0.983
408.201 1.169
409.302 1.101
410.266 0.964
411.37 1.104
412.632 1.262
413.685 1.053
414.658 0.973
415.707 1.049
416.811 1.104
417.914 1.103
419.055 1.141
420.203 1.148
421.239 1.036
421.96 0.721
423.026 1.066
423.938 0.912
425.086 1.148
426.245 1.159
427.353 1.108
428.381 1.028
429.285 0.904
430.281 0.996
431.376 1.095
432.532 1.156
433.54 1.008
434.585 1.045
435.669 1.084
436.748 1.079
437.704 0.956
438.866 1.162
439.983 1.117
440.988 1.005
442.116 1.128
443.374 1.258
444.532 1.158
445.724 1.192
446.867 1.143
447.689 0.822
448.516 0.827
449.547 1.031
450.406 0.859
451.282 0.876
452.481 1.199
453.678 1.197
454.73 1.052
455.828 1.098
456.946 1.118
458.058 1.112
458.986 0.928
459.995 1.009
461.02 1.025
461.98 0.96
462.994 1.014
464.305 1.311
465.518 1.213
466.556 1.038
467.675 1.119
468.799 1.124
469.772 0.973
470.83 1.058
472.002 1.172
473.075 1.073
473.95 0.875
474.782 0.832
475.703 0.921
476.787 1.084
477.931 1.144
478.937 1.006
479.929 0.992
481.066 1.137
482.167 1.101
483.139 0.972
484.112 0.973
485.224 1.112
486.371 1.147
487.369 0.998
488.437 1.068
489.68 1.243
490.798 1.118
491.756 0.958
492.546 0.79
493.582 1.036
494.592 1.01
495.765 1.173
496.969 1.204
498.072 1.103
499.06 0.988
500.116 1.056
501.242 1.126
502.216 0.974
503.199 0.983
504.262 1.063
505.306 1.044
506.265 0.959
507.268 1.003
508.351 1.083
509.378 1.027
510.306 0.928
511.354 1.048
512.458 1.104
513.443 0.985
514.428 0.985
515.515 1.087
516.558 1.043
517.513 0.955
518.535 1.022
519.629 1.094
520.682 1.053
521.737 1.055
522.907 1.17
524.033 1.126
525.057 1.024
526.177 1.12
527.272 1.095
528.23 0.958
529.061 0.831
529.963 0.902
531.136 1.173
532.316 1.18
533.396 1.08
534.42 1.024
535.441 1.021
536.357 0.916
537.381 1.024
538.484 1.103
539.54 1.056
540.548 1.008
541.67 1.122
542.806 1.136
543.793 0.987
544.812 1.019
545.999 1.187
547.137 1.138
548.187 1.05
549.406 1.219
550.647 1.241
551.704 1.057
552.844 1.14
554.027 1.183
555.122 1.095
556.321 1.199
557.561 1.24
558.623 1.062
559.346 0.723
560.425 1.079
561.39 0.965
562.579 1.189
563.897 1.318
565.146 1.249
566.38 1.234
567.383 1.003
568.399 1.016
569.496 1.097
570.603 1.107
571.637 1.034
572.737 1.1
573.951 1.214
574.962 1.011
575.993 1.031
577.095 1.102
578.142 1.047
579.121 0.979
580.175 1.054
581.333 1.158
582.411 1.078
583.451 1.04
584.58 1.129
585.72 1.14
586.79 1.07
587.817 1.027
588.952 1.135
590.074 1.122
591.139 1.065
592.276 1.137
593.401 1.125
594.293 0.892
595.101 0.808
595.863 0.762
597.172 1.309
598.418 1.246
599.6 1.182
600.733 1.133
601.761 1.028
602.711 0.95
603.853 1.142
605.034 1.181
606.217 1.183
607.315 1.098
608.509 1.194
609.701 1.192
610.824 1.123
611.895 1.071
613.008 1.113
614.137 1.129
615.196 1.059
616.33 1.134
617.611 1.281
618.786 1.175
619.927 1.141
621.199 1.272
622.343 1.144
623.354 1.011
624.203 0.849
625.309 1.106
626.513 1.204
627.917 1.404
629.185 1.268
630.362 1.177
631.442 1.08
632.575 1.133
633.747 1.172
634.824 1.077
635.843 1.019
637.011 1.168
638.211 1.2
639.257 1.046
640.41 1.153
641.53 1.12
642.459 0.929
643.416 0.957
644.328 0.912
645.467 1.139
646.589 1.122
647.662 1.073
648.711 1.049
649.718 1.007
650.658 0.94
651.595 0.937
652.495 0.9
653.409 0.914
654.318 0.909
655.261 0.943
656.101 0.84
657.022 0.921
658.023 1.001
658.96 0.937
659.951 0.991
661.022 1.071
662.035 1.013
663.026 0.991
664.119 1.093
665.244 1.125
666.305 1.061
667.462 1.157
668.586 1.124
669.62 1.034
670.61 0.99
671.579 0.969
672.636 1.057
673.698 1.062
674.614 0.916
675.559 0.945
676.553 0.994
677.374 0.821
678.109 0.735
678.899 0.79
679.885 0.986
680.914 1.029
681.882 0.968
682.878 0.996
683.863 0.985
684.795 0.932
685.795 1.0
686.802 1.007
687.739 0.937
688.624 0.885
689.648 1.024
690.752 1.104
691.868 1.116
692.93 1.062
694.06 1.13
695.083 1.023
696.065 0.982
697.239 1.174
698.307 1.068
699.305 0.998
700.392 1.087
701.481 1.089
702.538 1.057
703.62 1.082
704.758 1.138
705.785 1.027
706.746 0.961
707.795 1.049
708.912 1.117
710.044 1.132
711.236 1.192
712.157 0.921
712.926 0.769
713.63 0.704
714.556 0.926
715.847 1.291
717.04 1.193
718.237 1.197
719.339 1.102
720.432 1.093
721.539 1.107
722.543 1.004
723.482 0.939
724.513 1.031
725.588 1.075
726.684 1.096
727.709 1.025
728.775 1.066
729.852 1.077
730.877 1.025
731.874 0.997
732.931 1.057
734.025 1.094
735.043 1.018
736.025 0.982
736.996 0.971
738.003 1.007
739.073 1.07
740.266 1.193
741.457 1.191
742.561 1.104
743.75 1.189
744.89 1.14
745.993 1.103
747.093 1.1
748.251 1.158
749.248 0.997
750.324 1.076
751.616 1.292
752.754 1.138
753.803 1.049
754.966 1.163
756.098 1.132
757.132 1.034
758.3 1.168
759.521 1.221
760.567 1.046
761.74 1.173
762.912 1.172
764.021 1.109
765.145 1.124
766.263 1.118
767.157 0.894
767.986 0.829
769.163 1.177
770.301 1.138
771.297 0.996
772.332 1.035
773.474 1.142
774.494 1.02
775.58 1.086
776.764 1.184
777.871 1.107
778.971 1.1
780.157 1.186
781.21 1.053
782.034 0.824
782.764 0.73
783.623 0.859
784.891 1.268
785.946 1.055
787.076 1.13
788.222 1.146
789.205 0.983
790.242 1.037
791.323 1.081
792.351 1.028
793.39 1.039
794.478 1.088
795.547 1.069
796.52 0.973
797.494 0.974
798.541 1.047
799.566 1.025
800.499 0.933
801.581 1.082
802.756 1.175
803.837 1.081
804.907 1.07
805.983 1.076
806.817 0.834
807.656 0.839
808.679 1.023
809.783 1.104
810.584 0.801
811.689 1.105
812.726 1.037
813.716 0.99
814.786 1.07
815.879 1.093
816.882 1.003
817.825 0.943
818.825 1.0
819.874 1.049
820.831 0.957
821.878 1.047
823.004 1.126
824.115 1.111
825.042 0.927
826.378 1.336
827.501 1.123
828.329 0.828
829.198 0.869
830.428 1.23
831.504 1.076
832.307 0.803
833.05 0.743
834.306 1.256
835.478 1.172
836.562 1.084
837.651 1.089
838.674 1.023
839.715 1.041
840.851 1.136
842.017 1.166
843.119 1.102
844.217 1.098
845.339 1.122
846.51 1.171
847.533 1.023
848.579 1.046
849.648 1.069
850.783 1.135
851.852 1.069
853.086 1.234
854.359 1.273
855.552 1.193
856.759 1.207
857.938 1.179
859.099 1.161
860.194 1.095
861.401 1.207
862.523 1.122
863.538 1.015
864.629 1.091
865.87 1.241
866.94 1.07
868.072 1.132
869.303 1.231
870.385 1.082
871.445 1.06
872.644 1.199
873.881 1.237
875.064 1.183
876.356 1.292
877.571 1.215
878.701 1.13
879.933 1.232
881.099 1.166
882.175 1.076
883.365 1.19
884.558 1.193
885.331 0.773
886.282 0.951
887.07 0.788
888.373 1.303
889.648 1.275
890.839 1.191
891.963 1.124
893.011 1.048
894.138 1.127
895.293 1.155
896.385 1.092
897.449 1.064
898.528 1.079
899.549 1.021
900.472 0.923
901.465 0.993
902.595 1.13
903.652 1.057
904.648 0.996
905.592 0.944
906.716 1.124
907.668 0.952
908.617 0.949
909.473 0.856
910.2 0.727
910.896 0.696
911.65 0.754
912.606 0.956
913.551 0.945
914.279 0.728
914.999 0.72
915.851 0.852
916.842 0.991
917.91 1.068
918.896 0.986
919.808 0.912
920.579 0.771
921.392 0.813
922.293 0.901
923.155 0.862
923.985 0.83
924.952 0.967
925.897 0.945
926.688 0.791
927.429 0.741
928.157 0.728
928.879 0.722
929.828 0.949
930.711 0.883
931.788 1.077
932.99 1.202
934.055 1.065
935.035 0.98
936.141 1.106
937.267 1.126
938.285 1.018
939.356 1.071
940.559 1.203
941.738 1.179
942.722 0.984
943.569 0.847
944.395 0.826
945.803 1.408
947.118 1.315
948.41 1.292
949.666 1.256
950.846 1.18
951.867 1.021
952.97 1.103
954.186 1.216
955.418 1.232
956.594 1.176
957.763 1.169
958.932 1.169
960.032 1.1
961.211 1.179
962.429 1.218
963.586 1.157
964.775 1.189
966.024 1.249
967.07 1.046
968.008 0.938
969.122 1.114
970.407 1.285
971.737 1.33
972.976 1.239
974.146 1.17
975.247 1.101
976.414 1.167
977.607 1.193
978.729 1.122
979.675 0.946
980.53 0.855
981.395 0.865
982.81 1.415
984.113 1.303
985.406 1.293
986.69 1.284
987.828 1.138
988.981 1.153
990.181 1.2
991.406 1.225
992.579 1.173
993.806 1.227
995.046 1.24
996.251 1.205
997.45 1.199
998.676 1.226
999.894 1.218
1001.142 1.248
1002.376 1.234
1003.526 1.15
1004.768 1.242
1005.97 1.202
1007.111 1.141
1008.295 1.184
1009.553 1.258
1010.699 1.146
1011.913 1.214
1013.153 1.24
1014.298 1.145
1015.282 0.984
1016.214 0.932
1017.293 1.079
1018.55 1.257
1019.738 1.188
1020.801 1.063
1021.906 1.105
1022.919 1.013
1023.838 0.919
1024.784 0.946
1025.833 1.049
1026.922 1.089
1027.917 0.995
1029.059 1.142
1030.253 1.194
1031.295 1.042
1032.144 0.849
1032.979 0.835
1034.006 1.027
1035.352 1.346
1036.675 1.323
1037.963 1.288
1039.143 1.18
1040.399 1.256
1041.591 1.192
1042.651 1.06
1043.763 1.112
1044.92 1.157
1046.019 1.099
1047.102 1.083
1048.3 1.198
1049.494 1.194
1050.59 1.096
1051.781 1.191
1053.003 1.222
1054.13 1.127
1055.299 1.169
1056.487 1.188
1057.58 1.093
1058.737 1.157
1059.918 1.181
1061.017 1.099
1062.159 1.142
1063.341 1.182
1064.455 1.114
1065.528 1.073
1066.685 1.157
1067.842 1.157
1068.912 1.07
1070.065 1.153
1071.277 1.212
1072.418 1.141
1073.531 1.113
1074.663 1.132
1075.773 1.11
1076.758 0.985
1077.758 1.0
1078.845 1.087
1079.79 0.945
1080.681 0.891
1081.75 1.069
1082.74 0.99
1083.562 0.822
1084.448 0.886
1085.537 1.089
1086.581 1.044
1087.592 1.011
1088.539 0.947
1089.429 0.89
1090.308 0.879
1091.18 0.872
1092.07 0.89
1092.92 0.85
1093.752 0.832
1094.703 0.951
1095.701 0.998
1096.665 0.964
1097.603 0.938
1098.579 0.976
1099.583 1.004
1100.507 0.924
1101.318 0.811
1102.022 0.704
1102.733 0.711
1103.725 0.992
1104.889 1.164
1106.04 1.151
1107.189 1.149
1108.28 1.091
1109.215 0.935
1110.187 0.972
1110.818 0.631
1111.074 0.256
1111.929 0.855
1112.704 0.775
1113.425 0.721
1114.133 0.708
1114.824 0.691
1115.493 0.669
1116.137 0.644
1116.787 0.65
1117.5 0.713
1118.361 0.861
1119.243 0.882
1120.103 0.86
1120.908 0.805
1121.782 0.874
1122.746 0.964
1123.713 0.967
1124.535 0.822
1125.248 0.713
1125.944 0.696
1126.67 0.726
1127.887 1.217
1129.185 1.298
1130.442 1.257
1131.674 1.232
1132.844 1.17
1133.946 1.102
1135.033 1.087
1136.1 1.067
1137.191 1.091
1138.263 1.072
1139.433 1.17
1140.504 1.071
1141.453 0.949
1142.333 0.88
1143.172 0.839
1144.04 0.868
1145.474 1.434
1146.841 1.367
1148.167 1.326
1149.433 1.266
1150.71 1.277
1151.887 1.177
1152.943 1.056
1153.932 0.989
1154.875 0.943
1155.861 0.986
1156.909 1.048
1158.074 1.165
1159.21 1.136
1160.287 1.077
1161.255 0.968
1162.248 0.993
1163.358 1.11
1164.523 1.165
1165.693 1.17
1166.836 1.143
1168.015 1.179
1169.196 1.181
1170.316 1.12
1171.32 1.004
1172.444 1.124
1173.704 1.26
1174.922 1.218
1176.044 1.122
1176.978 0.934
1177.962 0.984
1178.923 0.961
1180.209 1.286
1181.406 1.197
1182.547 1.141
1183.577 1.03
1184.506 0.929
1185.37 0.864
1186.275 0.905
1187.534 1.259
1188.957 1.423
1190.307 1.35
1191.568 1.261
1192.78 1.212
1193.865 1.085
1194.778 0.913
1195.584 0.806
1196.402 0.818
1197.397 0.995
1198.756 1.359
1200.063 1.307
1201.32 1.257
1202.53 1.21
1203.616 1.086
1204.508 0.892
1205.28 0.772
1206.061 0.781
1206.931 0.87
1208.196 1.265
1209.454 1.258
1210.66 1.206
1211.793 1.133
1212.861 1.068
1213.896 1.035
1214.889 0.993
1215.791 0.902
1216.609 0.818
1217.344 0.735
1218.104 0.76
1218.995 0.891
1220.322 1.327
1221.59 1.268
1222.831 1.241
1224.028 1.197
1225.168 1.14
1226.278 1.11
1227.37 1.092
1228.453 1.083
1229.478 1.025
1230.373 0.895
1231.233 0.86
1232.096 0.863
1233.087 0.991
1234.278 1.191
1235.554 1.276
1236.788 1.234
1238.01 1.222
1239.189 1.179
1240.306 1.117
1241.398 1.092
1242.467 1.069
1243.482 1.015
1244.393 0.911
1245.259 0.866
1246.134 0.875
1247.045 0.911
1248.251 1.206
1249.597 1.346
1250.899 1.302
1252.09 1.191
1253.119 1.029
1254.141 1.022
1255.137 0.996
1256.09 0.953
1257.065 0.975
1258.104 1.039
1259.244 1.14
1260.489 1.245
1261.718 1.229
1262.888 1.17
1264.019 1.131
1265.163 1.144
1266.246 1.083
1267.193 0.947
1268.074 0.881
1268.912 0.838
1269.853 0.941
1271.231 1.378
1272.478 1.247
1273.571 1.093
1274.687 1.116
1275.788 1.101
1276.881 1.093
1277.939 1.058
1278.839 0.9
1279.683 0.844
1280.467 0.784
1281.391 0.924
1282.693 1.302
1283.964 1.271
1285.248 1.284
1286.439 1.191
1287.559 1.12
1288.645 1.086
1289.742 1.097
1290.807 1.065
1291.771 0.964
1292.672 0.901
1293.59 0.918
1294.516 0.926
1295.533 1.017
1296.639 1.106
1297.944 1.305
1299.201 1.257
1300.42 1.219
1301.641 1.221
1302.771 1.13
1303.876 1.105
1304.985 1.109
1306.094 1.109
1307.192 1.098
1308.281 1.089
1309.351 1.07
1310.301 0.95
1311.191 0.89
1312.099 0.908
1313.048 0.949
1314.461 1.413
1315.895 1.434
1317.229 1.334
1318.496 1.267
1319.701 1.205
1320.728 1.027
1321.615 0.887
1322.394 0.779
1323.209 0.815
1324.477 1.268
1325.642 1.165
1326.82 1.178
1327.917 1.097
1329.014 1.097
1330.048 1.034
1330.987 0.939
1331.948 0.961
1332.97 1.022
1334.01 1.04
1335.04 1.03
1336.123 1.083
1337.191 1.068
1338.244 1.053
1339.2 0.956
1340.067 0.867
1340.908 0.841
1341.694 0.786
1342.73 1.036
1344.066 1.336
1345.38 1.314
1346.625 1.245
1347.794 1.169
1348.832 1.038
1349.774 0.942
1350.67 0.896
1351.573 0.903
1352.654 1.081
1353.84 1.186
1355.003 1.163
1356.157 1.154
1357.269 1.112
1358.294 1.025
1359.353 1.059
1360.428 1.075
1361.522 1.094
1362.559 1.037
1363.579 1.02
1364.504 0.925
1365.402 0.898
1366.285 0.883
1367.243 0.958
1368.684 1.441
1369.861 1.177
1371.028 1.167
1372.21 1.182
1373.328 1.118
1374.412 1.084
1375.463 1.051
1376.515 1.052
1377.585 1.07
1378.639 1.054
1379.618 0.979
1380.496 0.878
1381.314 0.818
1382.161 0.847
1383.349 1.188
1384.52 1.171
1385.568 1.048
1386.591 1.023
1387.536 0.945
1388.388 0.852
1389.239 0.851
1390.422 1.183
1391.573 1.151
1392.527 0.954
1393.571 1.044
1394.623 1.052
1395.621 0.998
1396.584 0.963
1397.476 0.892
1398.346 0.87
1399.2 0.854
1400.059 0.859
1400.993 0.934
1401.943 0.95
1402.851 0.908
1403.693 0.842
1404.452 0.759
1405.2 0.748
1405.948 0.748
1406.678 0.73
1407.366 0.688
1408.045 0.679
1408.739 0.694