0.000 0.716
0.716 0.716
1.473 0.757
2.203 0.73
2.945 0.742
3.715 0.77
4.534 0.819
5.379 0.845
6.211 0.832
7.039 0.828
7.819 0.78
8.547 0.728
9.28 0.733
10.023 0.743
10.815 0.792
16.235 5.42
16.999 0.764
17.802 0.803
18.606 0.804
19.454 0.848
20.287 0.833
21.047 0.76
21.834 0.787
22.654 0.82
23.529 0.875
24.321 0.792
25.158 0.837
26.069 0.911
26.921 0.852
27.699 0.778
28.51 0.811
29.38 0.87
30.197 0.817
31.006 0.809
31.841 0.835
32.762 0.921
33.608 0.846
34.476 0.868
35.407 0.931
36.354 0.947
37.219 0.865
38.124 0.905
39.102 0.978
40.085 0.983
40.933 0.848
41.824 0.891
42.83 1.006
43.798 0.968
44.673 0.875
45.654 0.981
46.691 1.037
47.569 0.878
48.538 0.969
49.58 1.042
50.462 0.882
51.336 0.874
52.287 0.951
53.328 1.041
54.229 0.901
55.212 0.983
56.267 1.055
57.234 0.967
58.098 0.864
59.102 1.004
60.172 1.07
61.112 0.94
62.09 0.978
63.117 1.027
64.108 0.991
64.971 0.863
65.931 0.96
67.029 1.098
67.96 0.931
68.877 0.917
69.853 0.976
70.791 0.938
71.622 0.831
72.537 0.915
73.568 1.031
74.511 0.943
75.368 0.857
76.309 0.941
77.296 0.987
78.178 0.882
79.151 0.973
80.183 1.032
81.071 0.888
81.945 0.874
82.882 0.937
83.864 0.982
84.721 0.857
85.686 0.965
86.752 1.066
87.662 0.91
88.562 0.9
89.535 0.973
90.511 0.976
91.347 0.836
92.225 0.878
93.189 0.964
94.141 0.952
94.962 0.821
95.842 0.88
96.844 1.002
97.867 1.023
98.725 0.858
99.604 0.879
100.54 0.936
101.534 0.994
102.422 0.888
103.367 0.945
104.385 1.018
105.382 0.997
106.27 0.888
107.177 0.907
108.096 0.919
108.936 0.84
109.815 0.879
110.767 0.952
111.722 0.955
112.555 0.833
113.435 0.88
114.324 0.889
115.137 0.813
115.995 0.858
116.921 0.926
117.849 0.928
118.677 0.828
119.547 0.87
120.504 0.957
121.465 0.961
122.316 0.851
123.192 0.876
124.101 0.909
125.097 0.996
125.991 0.894
126.895 0.904
127.819 0.924
128.746 0.927
129.571 0.825
130.45 0.879
131.397 0.947
132.277 0.88
133.075 0.798
133.92 0.845
134.848 0.928
135.732 0.884
136.552 0.82
137.429 0.877
138.402 0.973
139.232 0.83
140.076 0.844
140.97 0.894
141.887 0.917
142.709 0.822
143.564 0.855
144.521 0.957
145.457 0.936
146.269 0.812
147.12 0.851
148.061 0.941
149.027 0.966
149.879 0.852
150.78 0.901
151.753 0.973
152.672 0.919
153.503 0.831
154.402 0.899
155.4 0.998
156.277 0.877
157.169 0.892
158.079 0.91
158.91 0.831
159.734 0.824
160.592 0.858
161.466 0.874
162.274 0.808
163.111 0.837
163.945 0.834
164.688 0.743
165.408 0.72
166.178 0.77
167.009 0.831
167.829 0.82
168.579 0.75
169.299 0.72
169.991 0.692
170.684 0.693
171.353 0.669
172.006 0.653
172.657 0.651
173.241 0.584
173.93 0.689
174.574 0.644
175.243 0.669
175.966 0.723
176.739 0.773
177.541 0.802
178.297 0.756
179.046 0.749
179.799 0.753
180.584 0.785
181.397 0.813
182.171 0.774
182.923 0.752
183.702 0.779
184.538 0.836
185.374 0.836
186.167 0.793
186.945 0.778
187.709 0.764
188.474 0.765
189.263 0.789
190.119 0.856
191.062 0.943
191.932 0.87
192.831 0.899
193.774 0.943
194.751 0.977
195.727 0.976
196.57 0.843
197.428 0.858
198.328 0.9
199.318 0.99
200.195 0.877
201.095 0.9
202.067 0.972
203.027 0.96
203.859 0.832
204.704 0.845
205.62 0.916
206.594 0.974
207.458 0.864
208.371 0.913
209.387 1.016
210.371 0.984
211.212 0.841
212.094 0.882
213.062 0.968
214.013 0.951
214.862 0.849
215.805 0.943
216.756 0.951
217.616 0.86
218.532 0.916
219.465 0.933
220.441 0.976
221.277 0.836
222.152 0.875
223.13 0.978
224.099 0.969
224.941 0.842
225.807 0.866
226.746 0.939
227.678 0.932
228.496 0.818
229.353 0.857
230.302 0.949
231.252 0.95
232.09 0.838
232.955 0.865
233.863 0.908
234.73 0.867
235.539 0.809
236.386 0.847
237.322 0.936
238.217 0.895
239.061 0.844
239.959 0.898
240.918 0.959
241.818 0.9
242.655 0.837
243.539 0.884
244.49 0.951
245.383 0.893
246.206 0.823
247.067 0.861
248.005 0.938
248.883 0.878
249.695 0.812
250.541 0.846
251.423 0.882
252.276 0.853
253.081 0.805
253.91 0.829
254.8 0.89
255.662 0.862
256.419 0.757
257.184 0.765
257.954 0.77
258.776 0.822
259.562 0.786
260.355 0.793
261.159 0.804
261.995 0.836
262.838 0.843
263.64 0.802
264.475 0.835
265.358 0.883
266.262 0.904
267.074 0.812
267.897 0.823
268.728 0.831
269.596 0.868
270.479 0.883
271.28 0.801
272.088 0.808
272.917 0.829
273.768 0.851
274.572 0.804
275.366 0.794
276.186 0.82
277.059 0.873
277.891 0.832
278.681 0.79
279.524 0.843
280.409 0.885
281.277 0.868
282.07 0.793
282.873 0.803
283.698 0.825
284.587 0.889
285.405 0.818
286.209 0.804
287.066 0.857
287.983 0.917
288.831 0.848
289.664 0.833
290.503 0.839
291.388 0.885
292.205 0.817
293.033 0.828
293.877 0.844
294.776 0.899
295.585 0.809
296.414 0.829
297.243 0.829
298.102 0.859
298.891 0.789
299.692 0.801
300.541 0.849
301.422 0.881
302.231 0.809
303.048 0.817
303.886 0.838
304.778 0.892
305.61 0.832
306.404 0.794
307.216 0.812
308.03 0.814
308.805 0.775
309.57 0.765
310.348 0.778
311.153 0.805
311.966 0.813
312.735 0.769
313.517 0.782
314.323 0.806
315.175 0.852
316.007 0.832
316.783 0.776
317.558 0.775
318.342 0.784
319.165 0.823
319.937 0.772
320.701 0.764
321.476 0.775
322.268 0.792
323.019 0.751
323.759 0.74
324.527 0.768
325.33 0.803
326.095 0.765
326.812 0.717
327.537 0.725
328.252 0.715
328.992 0.74
329.728 0.736
330.47 0.742
331.252 0.782
332.108 0.856
333.023 0.915
333.848 0.825
334.633 0.785
335.415 0.782
336.225 0.81
337.051 0.826
337.813 0.762
338.587 0.774
339.384 0.797
340.226 0.842
341.014 0.788
341.756 0.742
342.474 0.718
343.163 0.689
343.835 0.672
344.542 0.707
345.309 0.767
346.134 0.825
346.968 0.834
347.741 0.773
348.52 0.779
349.321 0.801
350.164 0.843
351.041 0.877
351.934 0.893
352.743 0.809
353.545 0.802
354.385 0.84
355.32 0.935
356.282 0.962
357.125 0.843
357.983 0.858
358.878 0.895
359.833 0.955
360.744 0.911
361.575 0.831
362.444 0.869
363.421 0.977
364.361 0.94
365.18 0.819
366.025 0.845
366.947 0.922
367.955 1.008
368.823 0.868
369.693 0.87
370.652 0.959
371.686 1.034
372.578 0.892
373.425 0.847
374.296 0.871
375.226 0.93
376.116 0.89
376.938 0.822
377.797 0.859
378.749 0.952
379.603 0.854
380.467 0.864
381.354 0.887
382.24 0.886
383.025 0.785
383.824 0.799
384.648 0.824
385.539 0.891
386.372 0.833
387.241 0.869
388.127 0.886
389.049 0.922
389.946 0.897
390.763 0.817
391.601 0.838
392.478 0.877
393.392 0.914
394.233 0.841
395.09 0.857
395.983 0.893
396.917 0.934
397.765 0.848
398.634 0.869
399.558 0.924
400.498 0.94
401.324 0.826
402.175 0.851
403.063 0.888
403.971 0.908
404.804 0.833
405.706 0.902
406.7 0.994
407.601 0.901
408.425 0.824
409.279 0.854
410.187 0.908
411.074 0.887
411.887 0.813
412.72 0.833
413.59 0.87
414.512 0.922
415.332 0.82
416.156 0.824
416.995 0.839
417.858 0.863
418.669 0.811
419.51 0.841
420.395 0.885
421.322 0.927
422.139 0.817
422.968 0.829
423.815 0.847
424.678 0.863
425.481 0.803
426.268 0.787
427.076 0.808
427.952 0.876
428.891 0.939
429.766 0.875
430.674 0.908
431.614 0.94
432.544 0.93
433.389 0.845
434.228 0.839
435.089 0.861
436.002 0.913
436.819 0.817
437.681 0.862
438.605 0.924
439.553 0.948
440.382 0.829
441.227 0.845
442.091 0.864
442.98 0.889
443.785 0.805
444.641 0.856
445.624 0.983
446.628 1.004
447.585 0.957
448.5 0.915
449.416 0.916
450.346 0.93
451.185 0.839
452.078 0.893
453.085 1.007
454.099 1.014
454.96 0.861
455.797 0.837
456.67 0.873
457.575 0.905
458.434 0.859
459.222 0.788
460.033 0.811
460.907 0.874
461.834 0.927
462.669 0.835
463.545 0.876
464.471 0.926
465.377 0.906
466.192 0.815
467.026 0.834
467.899 0.873
468.847 0.948
469.682 0.835
470.557 0.875
471.462 0.905
472.353 0.891
473.149 0.796
473.955 0.806
474.811 0.856
475.735 0.924
476.544 0.809
477.368 0.824
478.185 0.817
478.941 0.756
479.707 0.766
480.501 0.794
481.285 0.784
481.946 0.661
482.293 0.347
482.758 0.465
483.021 0.263
483.472 0.451
483.847 0.375
484.164 0.317
484.846 0.682
485.19 0.344
485.465 0.275
485.8 0.335
486.132 0.332
486.514 0.382
487.578 1.064
487.998 0.42
488.606 0.608
488.9 0.294
489.21 0.31
489.638 0.428
489.947 0.309
490.232 0.285
490.561 0.329
491.192 0.631
491.543 0.351
491.905 0.362
492.194 0.289
492.593 0.399
505.992 13.399
507.157 1.165
508.663 1.506
509.142 0.479
509.958 0.816
510.372 0.414
510.901 0.529
513.172 2.271
513.479 0.307
513.751 0.272
514.039 0.288
514.381 0.342