0.000 0.572
0.572 0.572
1.134 0.562
1.713 0.579
2.283 0.57
2.863 0.58
3.447 0.584
4.045 0.598
4.663 0.618
5.289 0.626
5.922 0.633
11.347 5.425
11.999 0.652
12.653 0.654
13.304 0.651
13.93 0.626
14.576 0.646
15.218 0.642
15.881 0.663
16.556 0.675
17.201 0.645
17.881 0.68
18.563 0.682
19.261 0.698
19.959 0.698
20.662 0.703
21.334 0.672
21.98 0.646
22.626 0.646
23.281 0.655
23.956 0.675
24.657 0.701
25.372 0.715
26.084 0.712
26.805 0.721
27.523 0.718
28.229 0.706
28.955 0.726
29.666 0.711
30.371 0.705
31.113 0.742
31.833 0.72
32.582 0.749
33.397 0.815
34.26 0.863
35.136 0.876
35.987 0.851
36.814 0.827
37.621 0.807
38.422 0.801
39.264 0.842
40.132 0.868
41.04 0.908
41.971 0.931
42.919 0.948
43.866 0.947
44.774 0.908
45.634 0.86
46.503 0.869
47.425 0.922
48.376 0.951
49.334 0.958
50.295 0.961
51.246 0.951
52.218 0.972
53.165 0.947
54.078 0.913
54.979 0.901
55.888 0.909
56.821 0.933
57.762 0.941
58.721 0.959
59.678 0.957
60.632 0.954
61.527 0.895
62.38 0.853
63.251 0.871
64.193 0.942
65.167 0.974
66.146 0.979
67.1 0.954
68.013 0.913
68.903 0.89
69.796 0.893
70.717 0.921
71.64 0.923
72.535 0.895
73.453 0.918
74.411 0.958
75.356 0.945
76.271 0.915
77.202 0.931
78.152 0.95
79.088 0.936
80.006 0.918
80.943 0.937
81.88 0.937
82.764 0.884
83.679 0.915
84.625 0.946
85.593 0.968
86.557 0.964
87.506 0.949
88.41 0.904
89.264 0.854
90.103 0.839
90.951 0.848
91.849 0.898
92.773 0.924
93.72 0.947
94.676 0.956
95.608 0.932
96.51 0.902
97.352 0.842
98.188 0.836
99.051 0.863
99.959 0.908
100.897 0.938
101.841 0.944
102.775 0.934
103.687 0.912
104.56 0.873
105.377 0.817
106.184 0.807
106.981 0.797
107.817 0.836
108.722 0.905
109.695 0.973
110.676 0.981
111.629 0.953
112.568 0.939
113.48 0.912
114.368 0.888
115.28 0.912
116.23 0.95
117.197 0.967
118.155 0.958
119.095 0.94
120.006 0.911
120.899 0.893
121.783 0.884
122.652 0.869
123.528 0.876
124.417 0.889
125.306 0.889
126.17 0.864
127.03 0.86
127.898 0.868
128.785 0.887
129.674 0.889
130.521 0.847
131.313 0.792
132.09 0.777
132.9 0.81
133.687 0.787
134.51 0.823
135.368 0.858
136.256 0.888
137.151 0.895
138.002 0.851
138.852 0.85
139.698 0.846
140.55 0.852
141.417 0.867
142.254 0.837
143.11 0.856
144.001 0.891
144.918 0.917
145.841 0.923
146.745 0.904
147.674 0.929
148.601 0.927
149.498 0.897
150.381 0.883
151.26 0.879
152.133 0.873
153.007 0.874
153.87 0.863
154.738 0.868
155.614 0.876
156.488 0.874
157.386 0.898
158.298 0.912
159.19 0.892
160.083 0.893
160.982 0.899
161.853 0.871
162.738 0.885
163.635 0.897
164.549 0.914
165.457 0.908
166.327 0.87
167.199 0.872
168.065 0.866
168.933 0.868
169.784 0.851
170.644 0.86
171.511 0.867
172.379 0.868
173.231 0.852
174.12 0.889
175.036 0.916
175.96 0.924
176.856 0.896
177.745 0.889
178.644 0.899
179.543 0.899
180.446 0.903
181.319 0.873
182.16 0.841
183.008 0.848
183.88 0.872
184.777 0.897
185.685 0.908
186.592 0.907
187.467 0.875
188.332 0.865
189.201 0.869
190.084 0.883
191.004 0.92
191.941 0.937
192.85 0.909
193.732 0.882
194.605 0.873
195.489 0.884
196.371 0.882
197.254 0.883
198.13 0.876
198.98 0.85
199.849 0.869
200.723 0.874
201.595 0.872
202.43 0.835
203.276 0.846
204.13 0.854
204.981 0.851
205.849 0.868
206.714 0.865
207.56 0.846
208.412 0.852
209.271 0.859
210.151 0.88
211.028 0.877
211.908 0.88
212.786 0.878
213.664 0.878
214.514 0.85
215.376 0.862
216.235 0.859
217.105 0.87
217.982 0.877
218.873 0.891
219.765 0.892
220.659 0.894
221.55 0.891
222.454 0.904
223.36 0.906
224.262 0.902
225.164 0.902
226.061 0.897
226.959 0.898
227.864 0.905
228.761 0.897
229.646 0.885
230.536 0.89
231.388 0.852
232.229 0.841
233.066 0.837
233.915 0.849
234.754 0.839
235.617 0.863
236.493 0.876
237.373 0.88
238.229 0.856
239.09 0.861
239.951 0.861
240.802 0.851
241.629 0.827
242.488 0.859
243.357 0.869
244.239 0.882
245.115 0.876
245.981 0.866
246.848 0.867
247.717 0.869
248.572 0.855
249.423 0.851
250.29 0.867
251.162 0.872
252.019 0.857
252.909 0.89
253.8 0.891
254.694 0.894
255.586 0.892
256.43 0.844
257.288 0.858
258.146 0.858
259.013 0.867
259.88 0.867
260.745 0.865
261.613 0.868
262.478 0.865
263.339 0.861
264.195 0.856
265.059 0.864
265.931 0.872
266.822 0.891
267.71 0.888
268.598 0.888
269.489 0.891
270.372 0.883
271.263 0.891
272.153 0.89
273.039 0.886
273.927 0.888
274.819 0.892
275.721 0.902
276.614 0.893
277.491 0.877
278.369 0.878
279.275 0.906
280.208 0.933
281.107 0.899
282.004 0.897
282.91 0.906
283.81 0.9
284.694 0.884
285.596 0.902
286.491 0.895
287.375 0.884
288.242 0.867
289.073 0.831
289.932 0.859
290.807 0.875
291.736 0.929
292.694 0.958
293.652 0.958
294.58 0.928
295.488 0.908
296.392 0.904
297.289 0.897
298.184 0.895
299.08 0.896
299.957 0.877
300.823 0.866
301.689 0.866
302.571 0.882
303.477 0.906
304.385 0.908
305.261 0.876
306.135 0.874
307.031 0.896
307.947 0.916
308.89 0.943
309.841 0.951
310.795 0.954
311.743 0.948
312.657 0.914
313.547 0.89
314.358 0.811
315.131 0.773
315.868 0.737
316.618 0.75
317.45 0.832
318.365 0.915
319.305 0.94
320.253 0.948
321.19 0.937
322.111 0.921
323.015 0.904
323.881 0.866
324.692 0.811
325.464 0.772
326.241 0.777
327.061 0.82
327.953 0.892
328.892 0.939
329.861 0.969
330.796 0.935
331.731 0.935
332.637 0.906
333.486 0.849
334.313 0.827
335.118 0.805
335.938 0.82
336.818 0.88
337.715 0.897
338.602 0.887
339.499 0.897
340.381 0.882
341.236 0.855
342.086 0.85
342.906 0.82
343.701 0.795
344.485 0.784
345.254 0.769
346.059 0.805
346.825 0.766
347.6 0.775
348.389 0.789
349.165 0.776
349.959 0.794
350.78 0.821
351.604 0.824
352.433 0.829
353.244 0.811
354.012 0.768
354.725 0.713
355.424 0.699
356.118 0.694
356.791 0.673
357.484 0.693
358.184 0.7
358.906 0.722
359.62 0.714
360.345 0.725
361.079 0.734
361.848 0.769
362.632 0.784
363.397 0.765
364.184 0.787
364.983 0.799
365.779 0.796
366.55 0.771
367.333 0.783
368.143 0.81
368.922 0.779
369.718 0.796
370.514 0.796
371.293 0.779
372.019 0.726
372.758 0.739
373.487 0.729
374.175 0.688
374.871 0.696
375.542 0.671
376.207 0.665
376.849 0.642
377.486 0.637
378.136 0.65
378.775 0.639
379.404 0.629
380.037 0.633
380.681 0.644
381.475 0.794
382.34 0.865
383.23 0.89
384.151 0.921
385.063 0.912
385.977 0.914
386.882 0.905
387.78 0.898
388.664 0.884
389.539 0.875
390.372 0.833
391.191 0.819
392.011 0.82
392.769 0.758
393.52 0.751
394.309 0.789
395.187 0.878
396.075 0.888
396.925 0.85
397.827 0.902
398.779 0.952
399.749 0.97
400.75 1.001
401.748 0.998
402.711 0.963
403.648 0.937
404.554 0.906
405.432 0.878
406.262 0.83
407.058 0.796
407.805 0.747
408.56 0.755
409.262 0.702
409.969 0.707
410.644 0.675
411.323 0.679
411.991 0.668
412.668 0.677
413.355 0.687
414.041 0.686
414.684 0.643
415.348 0.664
416.006 0.658
416.669 0.663
417.323 0.654
418.028 0.705
418.797 0.769
419.638 0.841
420.529 0.891
421.416 0.887
422.278 0.862
423.149 0.871
424.017 0.868
424.917 0.9
425.833 0.916
426.744 0.911
427.633 0.889
428.474 0.841
429.293 0.819
430.103 0.81
430.871 0.768
431.64 0.769
432.439 0.799
433.292 0.853
434.11 0.818
434.877 0.767
435.69 0.813
436.519 0.829
437.381 0.862
438.266 0.885
439.114 0.848
439.986 0.872
440.902 0.916
441.843 0.941
442.698 0.855
443.586 0.888
444.46 0.874
445.315 0.855
446.145 0.83
446.992 0.847
447.783 0.791
448.505 0.722
449.238 0.733
449.986 0.748
450.792 0.806
451.553 0.761
452.371 0.818
453.232 0.861
454.121 0.889
455.02 0.899
455.909 0.889
456.813 0.904
457.689 0.876
458.57 0.881
459.463 0.893
460.397 0.934
461.296 0.899
462.178 0.882
463.046 0.868
463.938 0.892
464.862 0.924
465.773 0.911
466.7 0.927
467.624 0.924
468.568 0.944
469.479 0.911
470.406 0.927
471.325 0.919
472.216 0.891
473.143 0.927
474.057 0.914
474.943 0.886
475.91 0.967
476.904 0.994
477.83 0.926
478.789 0.959
479.722 0.933
480.587 0.865
481.449 0.862
482.238 0.789
482.985 0.747
483.803 0.818
484.659 0.856
485.44 0.781
486.271 0.831
487.17 0.899
488.094 0.924
488.986 0.892
489.907 0.921
490.859 0.952
491.826 0.967
492.709 0.883
493.628 0.919
494.591 0.963
495.585 0.994
496.553 0.968
497.474 0.921
498.4 0.926
499.289 0.889
500.147 0.858
501.015 0.868
501.919 0.904
502.819 0.9
503.726 0.907
504.616 0.89
505.504 0.888
506.399 0.895
507.32 0.921
508.231 0.911
509.144 0.913
510.067 0.923
511.008 0.941
511.915 0.907
512.834 0.919
513.777 0.943
514.741 0.964
515.642 0.901
516.513 0.871
517.415 0.902
518.279 0.864
519.094 0.815
519.931 0.837
520.818 0.887
521.762 0.944
522.69 0.928
523.605 0.915
524.545 0.94
525.478 0.933
526.402 0.924
527.358 0.956
528.322 0.964
529.265 0.943
530.25 0.985
531.226 0.976
532.187 0.961
533.155 0.968
534.143 0.988
535.097 0.954
536.032 0.935
536.967 0.935
537.885 0.918
538.799 0.914
539.751 0.952
540.702 0.951
541.588 0.886
542.52 0.932
543.461 0.941
544.35 0.889
545.283 0.933
546.205 0.922
547.082 0.877
548.005 0.923
548.9 0.895
549.759 0.859
550.651 0.892
551.455 0.804
552.261 0.806
553.074 0.813
553.892 0.818
554.745 0.853
555.641 0.896
556.544 0.903
557.433 0.889
558.358 0.925
559.282 0.924
560.174 0.892
561.078 0.904
561.985 0.907
562.894 0.909
563.763 0.869
564.658 0.895
565.576 0.918
566.505 0.929
567.365 0.86
568.269 0.904
569.217 0.948
570.184 0.967
571.107 0.923
572.047 0.94
572.999 0.952
573.943 0.944
574.874 0.931
575.821 0.947
576.796 0.975
577.726 0.93
578.67 0.944
579.589 0.919
580.464 0.875
581.327 0.863
582.179 0.852
583.045 0.866
583.86 0.815
584.645 0.785
585.415 0.77
586.26 0.845
587.181 0.921
588.13 0.949
589.091 0.961
590.031 0.94
590.964 0.933
591.895 0.931
592.836 0.941
593.777 0.941
594.698 0.921
595.617 0.919
596.528 0.911
597.427 0.899
598.311 0.884
599.203 0.892
600.105 0.902
600.97 0.865
601.851 0.881
602.744 0.893
603.641 0.897
604.525 0.884
605.446 0.921
606.39 0.944
607.301 0.911
608.249 0.948
609.218 0.969
610.155 0.937
611.098 0.943
612.058 0.96
613.001 0.943
613.894 0.893
614.818 0.924
615.705 0.887
616.585 0.88
617.393 0.808
618.225 0.832
619.102 0.877
619.955 0.853
620.89 0.935
621.822 0.932
622.734 0.912
623.689 0.955
624.66 0.971
625.608 0.948
626.548 0.94
627.491 0.943
628.418 0.927
629.316 0.898
630.25 0.934
631.2 0.95
632.112 0.912
633.018 0.906
633.935 0.917
634.811 0.876
635.696 0.885
636.616 0.92
637.571 0.955
638.486 0.915
639.405 0.919
640.324 0.919
641.201 0.877
642.107 0.906
643.038 0.931
644.018 0.98
644.948 0.93
645.869 0.921
646.779 0.91
647.614 0.835
648.49 0.876
649.365 0.875
650.201 0.836
650.987 0.786
651.797 0.81
652.624 0.827
653.412 0.788
654.271 0.859
655.168 0.897
656.064 0.896
656.936 0.872
657.829 0.893
658.734 0.905
659.599 0.865
660.399 0.8
661.241 0.842
662.111 0.87
663.015 0.904
663.892 0.877
664.767 0.875
665.648 0.881
666.494 0.846
667.368 0.874
668.268 0.9
669.213 0.945
670.096 0.883
670.98 0.884
671.859 0.879
672.68 0.821
673.528 0.848
674.402 0.874
675.284 0.882
676.131 0.847
677.009 0.878
677.891 0.882
678.769 0.878
679.628 0.859
680.476 0.848
681.347 0.871
682.186 0.839
683.056 0.87
683.934 0.878
684.792 0.858
685.698 0.906
686.645 0.947
687.613 0.968
688.528 0.915
689.467 0.939
690.417 0.95
691.329 0.912
692.263 0.934
693.193 0.93
694.119 0.926
695.008 0.889
695.936 0.928
696.872 0.936
697.758 0.886
698.668 0.91
699.59 0.922
700.48 0.89
701.396 0.916
702.311 0.915
703.218 0.907
704.119 0.901
705.019 0.9
705.914 0.895
706.781 0.867
707.653 0.872
708.501 0.848
709.299 0.798
710.143 0.844
711.023 0.88
711.84 0.817
712.652 0.812
713.415 0.763
714.232 0.817
715.018 0.786
715.78 0.762
716.586 0.806
717.43 0.844
718.329 0.899
719.247 0.918
720.081 0.834
720.949 0.868
721.842 0.893
722.753 0.911
723.638 0.885
724.551 0.913
725.483 0.932
726.413 0.93
727.349 0.936
728.261 0.912
729.122 0.861
730.006 0.884
730.91 0.904
731.847 0.937
732.739 0.892
733.632 0.893
734.538 0.906
735.464 0.926
736.35 0.886
737.223 0.873
738.123 0.9
739.055 0.932
740.014 0.959
740.957 0.943
741.89 0.933
742.8 0.91
743.717 0.917
744.602 0.885
745.496 0.894
746.368 0.872
747.255 0.887
748.15 0.895
749.037 0.887
749.855 0.818
750.686 0.831
751.46 0.774
752.173 0.713
752.857 0.684
753.561 0.704
754.257 0.696
754.98 0.723
755.75 0.77
756.554 0.804
757.37 0.816
758.194 0.824
758.999 0.805
759.766 0.767
760.54 0.774
761.317 0.777
762.097 0.78
762.868 0.771
763.669 0.801
764.488 0.819
765.322 0.834
766.162 0.84
767.004 0.842
767.812 0.808
768.631 0.819
769.467 0.836
770.333 0.866
771.233 0.9
772.102 0.869
773.006 0.904
773.912 0.906
774.819 0.907
775.694 0.875
776.573 0.879
777.381 0.808
778.211 0.83
779.043 0.832
779.91 0.867
780.786 0.876
781.618 0.832
782.467 0.849
783.306 0.839
784.085 0.779
784.826 0.741
785.59 0.764
786.367 0.777
787.201 0.834
788.054 0.853
788.908 0.854
789.781 0.873
790.682 0.901
791.59 0.908
792.434 0.844
793.295 0.861
794.161 0.866
795.053 0.892
795.908 0.855
796.801 0.893
797.718 0.917
798.64 0.922
799.547 0.907
800.432 0.885
801.315 0.883
802.186 0.871
803.077 0.891
803.994 0.917
804.909 0.915
805.822 0.913
806.749 0.927
807.613 0.864
808.439 0.826
809.271 0.832
810.109 0.838
810.973 0.864
811.885 0.912
812.766 0.881
813.646 0.88
814.54 0.894
815.445 0.905
816.289 0.844
817.193 0.904
818.118 0.925
819.01 0.892
819.839 0.829
820.719 0.88
821.623 0.904
822.544 0.921
823.454 0.91
824.374 0.92
825.296 0.922
826.184 0.888
827.088 0.904
827.997 0.909
828.815 0.818
829.556 0.741
830.348 0.792
831.117 0.769
831.834 0.717
832.6 0.766
833.422 0.822
834.197 0.775
835.041 0.844
835.917 0.876
836.796 0.879
837.677 0.881
838.559 0.882
839.469 0.91
840.329 0.86
841.205 0.876
842.125 0.92
843.043 0.918
843.92 0.877
844.76 0.84
845.615 0.855
846.482 0.867
847.339 0.857
848.222 0.883
849.095 0.873
849.959 0.864
850.83 0.871
851.698 0.868
852.545 0.847
853.397 0.852
854.271 0.874
855.161 0.89
856.002 0.841
856.871 0.869
857.751 0.88
858.605 0.854
859.482 0.877
860.365 0.883
861.252 0.887
862.15 0.898
863.028 0.878
863.908 0.88
864.824 0.916
865.698 0.874
866.569 0.871
867.454 0.885
868.351 0.897
869.252 0.901
870.159 0.907
871.059 0.9
871.952 0.893
872.858 0.906
873.762 0.904
874.629 0.867
875.558 0.929
876.465 0.907
877.342 0.877
878.162 0.82
879.005 0.843
879.887 0.882
880.781 0.894
881.676 0.895
882.568 0.892
883.457 0.889
884.351 0.894
885.225 0.874
886.13 0.905
887.053 0.923
887.954 0.901
888.807 0.853
889.691 0.884
890.635 0.944
891.591 0.956
892.552 0.961
893.465 0.913
894.394 0.929
895.329 0.935
896.276 0.947
897.207 0.931
898.158 0.951
899.108 0.95
900.052 0.944
900.974 0.922
901.914 0.94
902.864 0.95
903.826 0.962
904.804 0.978
905.785 0.981
906.773 0.988
907.687 0.914
908.645 0.958
909.609 0.964
910.578 0.969
911.515 0.937
912.456 0.941
913.402 0.946
914.32 0.918
915.27 0.95
916.226 0.956
917.167 0.941
918.111 0.944
919.085 0.974
920.027 0.942
920.96 0.933
921.899 0.939
922.871 0.972
923.78 0.909
924.724 0.944
925.683 0.959
926.645 0.962
927.611 0.966
928.573 0.962
929.431 0.858
930.326 0.895
931.297 0.971
932.275 0.978
933.209 0.934
934.155 0.946
935.039 0.884
935.921 0.882
936.737 0.816
937.532 0.795
938.358 0.826
939.135 0.777
939.845 0.71
940.503 0.658
941.184 0.681
941.89 0.706
942.615 0.725
943.372 0.757
944.138 0.766
944.83 0.692
945.511 0.681
946.222 0.711
946.932 0.71
947.667 0.735
948.439 0.772
949.246 0.807
950.094 0.848
950.936 0.842
951.788 0.852
952.65 0.862
953.518 0.868
954.379 0.861
955.244 0.865
956.123 0.879
956.989 0.866
957.881 0.892
958.769 0.888
959.662 0.893
960.522 0.86
961.429 0.907
962.348 0.919
963.281 0.933
963.557 0.276
964.209 0.652
965.136 0.927
966.035 0.899
966.98 0.945
967.924 0.944
968.882 0.958
969.828 0.946
970.754 0.926
971.699 0.945
972.642 0.943
973.577 0.935
974.48 0.903
975.419 0.939
976.346 0.927
977.236 0.89
978.151 0.915
979.082 0.931
979.975 0.893
980.891 0.916
981.822 0.931
982.753 0.931
983.649 0.896
984.558 0.909
985.494 0.936
986.388 0.894
987.307 0.919
988.231 0.924
989.144 0.913
990.062 0.918
991.001 0.939
991.923 0.922
992.814 0.891
993.736 0.922
994.648 0.912
995.559 0.911
996.451 0.892
997.352 0.901
998.271 0.919
999.184 0.913
1000.054 0.87
1000.954 0.9
1001.875 0.921
1002.77 0.895
1003.666 0.896
1004.575 0.909
1005.477 0.902
1006.39 0.913
1007.264 0.874
1008.189 0.925
1009.115 0.926
1010.06 0.945
1011.02 0.96
1011.951 0.931
1012.918 0.967
1013.879 0.961
1014.806 0.927
1015.694 0.888
1016.614 0.92
1017.522 0.908
1018.394 0.872
1019.267 0.873
1020.162 0.895
1021.053 0.891
1021.921 0.868
1022.86 0.939
1023.795 0.935
1024.702 0.907
1025.606 0.904
1026.534 0.928
1027.473 0.939
1028.364 0.891
1029.274 0.91
1030.199 0.925
1031.122 0.923
1032.051 0.929
1032.962 0.911
1033.88 0.918
1034.788 0.908
1035.731 0.943
1036.665 0.934
1037.565 0.9
1038.5 0.935
1039.444 0.944
1040.356 0.912
1041.261 0.905
1042.167 0.906
1043.086 0.919
1043.986 0.9
1044.863 0.877
1045.757 0.894
1046.641 0.884
1047.47 0.829
1048.308 0.838
1049.143 0.835
1049.945 0.802
1050.708 0.763
1051.493 0.785
1052.301 0.808
1053.124 0.823
1053.893 0.769
1054.671 0.778
1055.403 0.732
1056.134 0.731
1056.852 0.718
1057.546 0.694
1058.266 0.72
1059.003 0.737
1059.757 0.754
1060.515 0.758
1061.274 0.759
1062.013 0.739
1062.767 0.754
1063.535 0.768
1064.328 0.793
1065.144 0.816
1065.982 0.838
1066.716 0.734
1067.633 0.917
1068.45 0.817
1069.237 0.787
1070.033 0.796
1070.858 0.825
1071.712 0.854
1072.572 0.86
1073.398 0.826
1074.213 0.815
1075.014 0.801
1075.766 0.752
1076.53 0.764
1077.315 0.785
1078.131 0.816
1078.958 0.827
1079.827 0.869
1080.717 0.89
1081.602 0.885
1082.49 0.888
1083.353 0.863
1084.146 0.793
1084.944 0.798
1085.757 0.813
1086.612 0.855
1087.499 0.887
1088.406 0.907
1089.321 0.915
1090.222 0.901
1099.855 0.87
1100.747 0.892
1101.662 0.915
1102.571 0.909
1103.453 0.882
1104.424 0.971
1105.401 0.977
1106.373 0.972
1107.332 0.959
1108.257 0.925
1109.165 0.908
1110.057 0.892
1110.938 0.881
1111.819 0.881
1112.688 0.869
1113.569 0.881
1114.455 0.886
1115.355 0.9
1116.229 0.874
1117.127 0.898
1118.037 0.91
1118.948 0.911
1119.834 0.886
1120.74 0.906
1121.658 0.918
1122.563 0.905
1123.488 0.925
1124.429 0.941
1125.348 0.919
1126.228 0.88
1127.125 0.897
1128.041 0.916
1128.972 0.931
1129.864 0.892
1130.765 0.901
1131.674 0.909
1132.561 0.887
1133.456 0.895
1134.35 0.894
1135.254 0.904
1136.147 0.893
1137.054 0.907
1137.962 0.908
1138.866 0.904
1139.728 0.862
1140.612 0.884
1141.507 0.895
1142.402 0.895
1143.3 0.898
1144.226 0.926
1145.172 0.946
1146.134 0.962
1147.061 0.927
1148.002 0.941
1148.937 0.935
1149.871 0.934
1150.776 0.905
1151.675 0.899
1152.564 0.889
1153.436 0.872
1154.303 0.867
1155.197 0.894
1156.112 0.915
1157.04 0.928
1157.94 0.9
1158.859 0.919
1159.794 0.935
1160.71 0.916
1161.586 0.876
1162.472 0.886
1163.365 0.893
1164.252 0.887
1165.144 0.892
1166.044 0.9
1166.927 0.883
1167.812 0.885
1168.72 0.908
1169.608 0.888
1170.502 0.894
1171.42 0.918
1172.336 0.916
1173.264 0.928
1174.213 0.949
1175.153 0.94
1176.081 0.928
1177.012 0.931
1177.957 0.945
1178.864 0.907
1179.78 0.916
1180.71 0.93
1181.609 0.899
1182.52 0.911
1183.423 0.903
1184.326 0.903
1185.19 0.864
1186.065 0.875
1186.941 0.876
1187.801 0.86
1188.677 0.876
1189.561 0.884
1190.468 0.907
1191.341 0.873
1192.229 0.888
1193.119 0.89
1194.012 0.893
1194.874 0.862
1195.754 0.88
1196.648 0.894
1197.548 0.9
1198.415 0.867
1199.296 0.881
1200.186 0.89
1201.086 0.9
1201.962 0.876
1202.846 0.884
1203.735 0.889
1204.621 0.886
1205.473 0.852
1206.348 0.875
1207.254 0.906
1208.187 0.933
1209.089 0.902
1210.008 0.919
1210.931 0.923
1211.836 0.905
1212.737 0.901
1213.633 0.896
1214.521 0.888
1215.381 0.86
1216.257 0.876
1217.139 0.882
1218.03 0.891
1218.916 0.886
1219.828 0.912
1220.744 0.916
1221.652 0.908
1222.511 0.859
1223.392 0.881
1224.28 0.888
1225.154 0.874
1226.036 0.882
1226.913 0.877
1227.761 0.848
1228.608 0.847
1229.467 0.859
1230.306 0.839
1231.137 0.831
1231.994 0.857
1232.872 0.878
1233.746 0.874
1234.638 0.892
1235.526 0.888
1236.347 0.821
1237.182 0.835
1238.016 0.834
1238.845 0.829
1239.702 0.857
1240.568 0.866
1241.424 0.856
1242.207 0.783
1243.022 0.815
1243.841 0.819
1244.664 0.823
1245.44 0.776
1246.234 0.794
1247.038 0.804
1247.867 0.829
1248.69 0.823
1249.535 0.845
1250.381 0.846
1251.231 0.85
1252.068 0.837
1252.902 0.834
1253.748 0.846
1254.578 0.83
1255.412 0.834
1256.255 0.843
1257.128 0.873
1257.997 0.869
1258.835 0.838
1259.686 0.851
1260.528 0.842
1261.41 0.882
1262.306 0.896
1263.208 0.902
1264.075 0.867
1264.928 0.853
1265.748 0.82
1266.516 0.768
1267.298 0.782
1268.086 0.788
1268.869 0.783
1269.716 0.847
1270.599 0.883
1271.442 0.843
1272.331 0.889
1273.186 0.855
1273.99 0.804
1274.835 0.845
1275.698 0.863
1276.512 0.814
1277.315 0.803
1278.151 0.836
1278.963 0.812
1279.832 0.869
1280.748 0.916
1281.705 0.957
1282.664 0.959
1283.611 0.947
1284.494 0.883
1285.384 0.89
1286.282 0.898
1287.209 0.927
1288.135 0.926
1289.039 0.904
1289.917 0.878
1290.799 0.882
1291.716 0.917
1292.672 0.956
1293.635 0.963
1294.59 0.955
1295.53 0.94
1296.464 0.934
1297.37 0.906
1298.257 0.887
1299.164 0.907
1300.07 0.906
1300.975 0.905
1301.869 0.894
1302.746 0.877
1303.61 0.864
1304.473 0.863
1305.342 0.869
1306.19 0.848
1307.017 0.827
1307.837 0.82
1308.693 0.856
1309.604 0.911
1310.557 0.953
1311.517 0.96
1312.489 0.972
1313.445 0.956
1314.391 0.946
1315.331 0.94
1316.251 0.92
1317.159 0.908
1318.047 0.888
1318.914 0.867
1319.772 0.858
1320.616 0.844
1321.429 0.813
1322.237 0.808
1323.056 0.819
1323.9 0.844
1324.806 0.906
1325.747 0.941
1326.698 0.951
1327.633 0.935
1328.547 0.914
1329.446 0.899
1330.318 0.872
1331.163 0.845
1331.993 0.83
1332.81 0.817
1333.607 0.797
1334.404 0.797
1335.23 0.826
1336.146 0.916
1337.087 0.941
1338.044 0.957
1339.003 0.959
1339.946 0.943
1340.876 0.93
1341.791 0.915
1342.695 0.904
1343.587 0.892
1344.474 0.887
1345.355 0.881
1346.245 0.89
1347.143 0.898
1348.001 0.858
1348.834 0.833
1349.667 0.833
1350.523 0.856
1351.394 0.871
1352.309 0.915
1353.235 0.926
1354.147 0.912
1355.057 0.91
1355.959 0.902
1356.837 0.878
1357.691 0.854
1358.54 0.849
1359.383 0.843
1360.22 0.837
1361.0 0.78
1361.767 0.767
1362.552 0.785
1363.383 0.831
1364.271 0.888
1365.184 0.913
1366.108 0.924
1367.042 0.934
1367.965 0.923
1368.87 0.905
1369.75 0.88
1370.61 0.86
1371.406 0.796
1372.17 0.764
1372.92 0.75
1373.671 0.751
1374.478 0.807
1375.37 0.892
1376.274 0.904
1377.18 0.906
1378.091 0.911
1378.993 0.902
1379.897 0.904
1380.768 0.871
1381.641 0.873
1382.505 0.864
1383.326 0.821
1384.112 0.786
1384.882 0.77
1385.664 0.782
1386.508 0.844
1387.414 0.906
1388.335 0.921
1389.239 0.904
1390.141 0.902
1391.042 0.901
1391.95 0.908
1392.84 0.89
1393.73 0.89
1394.606 0.876
1395.465 0.859
1396.316 0.851
1397.144 0.828
1397.964 0.82
1398.789 0.825
1399.662 0.873
1400.58 0.918
1401.484 0.904
1402.39 0.906
1403.283 0.893
1404.162 0.879
1405.028 0.866
1405.88 0.852
1406.7 0.82
1407.509 0.809
1408.327 0.818
1409.175 0.848
1410.071 0.896
1410.966 0.895
1411.874 0.908
1412.782 0.908
1413.688 0.906
1414.558 0.87
1415.412 0.854
1416.241 0.829
1417.066 0.825
1417.908 0.842
1418.799 0.891
1419.693 0.894
1420.573 0.88
1421.448 0.875
1422.301 0.853
1423.138 0.837
1423.977 0.839
1424.818 0.841
1425.67 0.852
1426.538 0.868
1427.412 0.874
1428.258 0.846
1429.106 0.848
1429.956 0.85
1430.833 0.877
1431.762 0.929
1432.731 0.969
1433.675 0.944
1434.585 0.91
1435.494 0.909
1436.389 0.895
1437.266 0.877
1438.119 0.853
1438.962 0.843
1439.814 0.852
1440.657 0.843
1441.493 0.836
1442.327 0.834
1443.206 0.879
1444.133 0.927
1445.078 0.945
1446.03 0.952
1446.97 0.94
1447.894 0.924
1448.814 0.92
1449.718 0.904
1450.587 0.869
1451.42 0.833
1452.213 0.793
1453.011 0.798
1453.831 0.82
1454.716 0.885
1455.633 0.917
1456.553 0.92
1457.481 0.928
1458.401 0.92
1459.319 0.918
1460.208 0.889
1461.062 0.854
1461.9 0.838
1462.734 0.834
1463.602 0.868
1464.516 0.914
1465.435 0.919
1466.359 0.924
1467.266 0.907
1468.168 0.902
1469.068 0.9
1469.967 0.899
1470.824 0.857
1471.693 0.869
1472.556 0.863
1473.433 0.877
1474.332 0.899
1475.269 0.937
1476.19 0.921
1477.079 0.889
1477.968 0.889
1478.88 0.912
1479.812 0.932
1480.736 0.924
1481.67 0.934
1482.608 0.938
1483.517 0.909
1484.381 0.864
1485.224 0.843
1486.033 0.809
1486.828 0.795
1487.649 0.821
1488.5 0.851
1489.402 0.902
1490.35 0.948
1491.261 0.911
1492.141 0.88
1493.007 0.866
1493.817 0.81
1494.624 0.807
1495.392 0.768
1496.155 0.763
1496.941 0.786
1497.812 0.871
1498.711 0.899
1499.612 0.901
1500.529 0.917
1501.445 0.916
1502.358 0.913
1503.267 0.909
1504.152 0.885
1505.016 0.864
1505.852 0.836
1506.632 0.78
1507.424 0.792
1508.243 0.819
1509.104 0.861
1509.981 0.877
1510.861 0.88
1511.752 0.891
1512.632 0.88
1513.512 0.88
1514.399 0.887
1515.258 0.859
1516.107 0.849
1516.972 0.865
1517.853 0.881
1518.748 0.895
1519.66 0.912
1520.564 0.904
1521.464 0.9
1522.369 0.905
1523.277 0.908
1524.18 0.903
1525.055 0.875
1525.917 0.862
1526.789 0.872
1527.663 0.874
1528.537 0.874
1529.401 0.864
1530.256 0.855
1531.102 0.846
1531.972 0.87
1532.859 0.887
1533.761 0.902
1534.651 0.89
1535.535 0.884
1536.428 0.893
1537.339 0.911
1538.25 0.911
1539.129 0.879
1539.996 0.867
1540.866 0.87
1541.738 0.872
1542.596 0.858
1543.44 0.844
1544.302 0.862
1545.181 0.879
1546.08 0.899
1546.968 0.888
1547.836 0.868
1548.695 0.859
1549.562 0.867
1550.452 0.89
1551.387 0.935
1552.321 0.934
1553.227 0.906
1554.126 0.899
1554.97 0.844
1555.784 0.814
1556.581 0.797
1557.391 0.81
1558.225 0.834
1559.049 0.824
1559.905 0.856
1560.763 0.858
1561.616 0.853
1562.459 0.843
1563.302 0.843
1564.094 0.792
1564.883 0.789
1565.683 0.8
1566.493 0.81
1567.326 0.833
1568.148 0.822
1568.974 0.826
1569.779 0.805
1570.512 0.733
1571.237 0.725
1571.968 0.731
1572.703 0.735
1573.471 0.768
1574.268 0.797
1574.992 0.724
1575.695 0.703
1576.401 0.706
1577.152 0.751
1577.926 0.774
1578.746 0.82
1579.584 0.838
1580.438 0.854
1581.25 0.812
1582.027 0.777
1582.773 0.746