0.000 6.999
6.999 6.999
9.148 2.149
10.16 1.012
12.776 2.616
15.611 2.835
16.44 0.829
19.978 3.538
20.237 0.259
20.526 0.289
20.777 0.251
21.51 0.733
34.999 13.489
35.833 0.834
36.727 0.894
37.681 0.954
38.528 0.847
39.38 0.852
40.267 0.887
40.603 0.336
41.147 0.544
41.445 0.298
41.906 0.461
42.22 0.314
42.669 0.449
43.056 0.387
43.444 0.388
44.167 0.723
44.431 0.264
44.691 0.26
44.972 0.281
45.237 0.265
45.531 0.294
45.791 0.26
46.073 0.282
46.535 0.462
46.854 0.319
47.122 0.268
47.506 0.384
47.824 0.318
48.143 0.319
49.869 1.726
50.268 0.399
50.564 0.296
53.148 2.584
53.55 0.402
54.004 0.454
54.413 0.409
54.72 0.307
55.514 0.794
56.183 0.669
56.682 0.499
57.059 0.377
57.851 0.792
69.246 11.395
69.999 0.753
70.799 0.8
71.604 0.805
72.132 0.528
88.999 16.867
89.857 0.858
90.671 0.814
91.443 0.772
92.202 0.759
92.941 0.739
93.686 0.745
94.465 0.779
95.256 0.791
96.068 0.812
96.821 0.753
97.623 0.802
98.429 0.806
98.706 0.277
99.207 0.501
99.966 0.759
100.603 0.637
101.399 0.796
101.669 0.27
102.113 0.444
102.818 0.705
103.402 0.584
103.806 0.404
104.484 0.678
105.251 0.767
105.615 0.364
106.137 0.522
106.47 0.333
106.883 0.413
107.635 0.752
108.196 0.561
109.067 0.871
109.78 0.713
110.532 0.752
111.193 0.661
111.962 0.769
112.701 0.739
113.496 0.795
114.229 0.733
114.996 0.767
115.795 0.799
116.624 0.829
117.392 0.768
118.203 0.811
119.093 0.89
119.928 0.835
120.704 0.776
121.511 0.807
122.319 0.808
123.109 0.79
123.917 0.808
124.776 0.859
125.651 0.875
126.467 0.816
127.328 0.861
128.154 0.826
128.939 0.785
129.757 0.818
130.601 0.844
131.398 0.797
132.237 0.839
133.102 0.865
133.923 0.821
134.716 0.793
135.559 0.843
136.435 0.876
137.257 0.822
138.074 0.817
138.943 0.869
139.835 0.892
140.636 0.801
141.44 0.804
142.225 0.785
143.036 0.811
143.812 0.776
144.625 0.813
145.431 0.806
146.207 0.776
147.031 0.824
147.835 0.804
148.644 0.809
149.471 0.827
150.286 0.815
151.037 0.751
151.804 0.767
152.591 0.787
153.381 0.79
154.138 0.757
154.924 0.786
155.755 0.831
156.518 0.763
157.317 0.799
158.123 0.806
158.913 0.79
159.689 0.776
160.505 0.816
161.335 0.83
162.104 0.769
162.902 0.798
163.748 0.846
164.519 0.771
165.326 0.807
166.186 0.86
166.979 0.793
167.778 0.799
168.602 0.824
169.442 0.84
170.225 0.783
171.048 0.823
171.937 0.889
172.737 0.8
173.54 0.803
174.361 0.821
175.178 0.817
175.936 0.758
176.748 0.812
177.602 0.854
178.427 0.825
179.219 0.792
180.047 0.828
180.88 0.833
181.657 0.777
182.463 0.806
183.287 0.824
184.071 0.784
184.882 0.811
185.741 0.859
186.634 0.893
187.439 0.805
188.238 0.799
189.082 0.844
189.968 0.886
190.761 0.793
191.565 0.804
192.386 0.821
193.235 0.849
194.02 0.785
194.831 0.811
195.68 0.849
196.53 0.85
197.308 0.778
198.122 0.814
198.969 0.847
199.818 0.849
200.612 0.794
201.424 0.812
202.273 0.849
203.146 0.873
203.94 0.794
204.785 0.845
205.676 0.891
206.559 0.883
207.402 0.843
208.292 0.89
209.186 0.894
210.053 0.867
210.841 0.788
211.66 0.819
212.512 0.852
213.384 0.872
214.174 0.79
215.001 0.827
215.878 0.877
216.757 0.879
217.567 0.81
218.339 0.772
219.131 0.792
219.937 0.806
220.752 0.815
221.51 0.758
222.311 0.801
223.155 0.844
223.984 0.829
224.765 0.781
225.592 0.827
226.446 0.854
227.253 0.807
228.028 0.775
228.813 0.785
229.624 0.811
230.436 0.812
231.206 0.77
232.016 0.81
232.883 0.867
233.755 0.872
234.577 0.822
235.429 0.852
236.288 0.859
237.138 0.85
237.93 0.792
238.745 0.815
239.594 0.849
240.432 0.838
241.212 0.78
242.036 0.824
242.897 0.861
243.704 0.807
244.52 0.816
245.364 0.844
246.176 0.812
246.952 0.776
247.757 0.805
248.591 0.834
249.39 0.799
250.201 0.811
251.018 0.817
251.84 0.822
252.601 0.761
253.397 0.796
254.224 0.827
255.006 0.782
255.836 0.83
256.66 0.824
257.448 0.788
258.243 0.795
259.046 0.803
259.83 0.784
260.618 0.788
261.452 0.834
262.301 0.849
263.077 0.776
263.879 0.802
264.721 0.842
265.547 0.826
266.311 0.764
267.066 0.755
267.871 0.805
268.715 0.844
269.514 0.799
270.284 0.77
271.089 0.805
271.923 0.834
272.756 0.833
273.513 0.757
274.232 0.719
274.94 0.708
275.674 0.734
276.431 0.757
277.528 1.097
278.484 0.956
279.295 0.811
280.064 0.769
280.84 0.776
281.655 0.815
282.465 0.81
283.209 0.744
283.999 0.79
284.827 0.828
285.669 0.842
286.516 0.847
287.304 0.788
288.105 0.801
288.921 0.816
289.758 0.837
290.596 0.838
291.369 0.773
292.179 0.81
293.013 0.834
293.866 0.853
294.667 0.801
295.496 0.829
296.346 0.85
297.195 0.849
297.98 0.785
298.787 0.807
299.603 0.816
300.406 0.803
301.172 0.766
301.966 0.794
302.789 0.823
303.571 0.782
304.374 0.803
305.192 0.818
306.014 0.822
306.777 0.763
307.568 0.791
308.388 0.82
309.201 0.813
309.961 0.76
310.749 0.788
311.569 0.82
312.41 0.841
313.178 0.768
313.978 0.8
314.797 0.819
315.629 0.832
316.398 0.769
317.196 0.798
318.029 0.833
318.853 0.824
319.63 0.777
320.462 0.832
321.314 0.852
322.099 0.785
322.886 0.787
323.698 0.812
324.529 0.831
325.296 0.767
326.093 0.797
326.93 0.837
327.771 0.841
328.538 0.767
329.326 0.788
330.149 0.823
330.994 0.845
331.783 0.789
332.576 0.793
333.413 0.837
334.0 0.587
334.275 0.275
334.732 0.457
335.006 0.274
335.906 0.9
336.253 0.347
336.703 0.45
337.475 0.772
338.279 0.804
339.092 0.813
339.733 0.641
339.997 0.264
340.663 0.666
341.171 0.508
341.517 0.346
342.327 0.81
343.081 0.754
343.345 0.264
343.819 0.474
344.552 0.733
345.258 0.706
346.019 0.761
346.827 0.808
347.729 0.902
348.023 0.294
348.525 0.502
348.98 0.455
349.331 0.351
350.125 0.794
350.89 0.765
351.658 0.768
352.255 0.597
353.243 0.988
354.056 0.813
354.898 0.842
355.708 0.81
356.492 0.784
357.307 0.815
358.145 0.838
358.911 0.766
359.695 0.784
360.509 0.814
361.226 0.717
362.107 0.881
362.928 0.821
363.677 0.749
364.583 0.906
365.39 0.807
366.197 0.807
366.992 0.795
367.767 0.775
368.568 0.801
369.386 0.818
370.152 0.766
370.946 0.794
371.772 0.826
372.554 0.782
373.366 0.812
374.18 0.814
375.025 0.845
375.795 0.77
376.601 0.806
377.452 0.851
378.256 0.804
379.037 0.781
379.849 0.812
380.711 0.862
381.506 0.795
382.317 0.811
383.179 0.862
384.055 0.876
384.852 0.797
385.623 0.771
386.396 0.773
387.169 0.773
387.945 0.776
388.773 0.828
389.87 1.097
391.129 1.259
392.008 0.879
392.807 0.799
393.639 0.832
394.398 0.759
395.166 0.768
395.983 0.817
396.833 0.85
397.522 0.689
397.798 0.276
398.472 0.674
399.293 0.821
400.143 0.85
400.968 0.825
401.849 0.881
402.656 0.807
403.483 0.827
404.347 0.864
405.222 0.875
406.022 0.8
406.866 0.844
407.756 0.89
408.639 0.883
409.456 0.817
410.262 0.806
411.091 0.829
411.934 0.843
412.788 0.854
413.609 0.821
414.45 0.841
415.279 0.829
416.129 0.85
416.967 0.838
417.774 0.807
418.568 0.794
419.357 0.789
420.104 0.747
420.85 0.746
421.623 0.773
422.433 0.81
423.223 0.79
424.005 0.782
424.837 0.832
425.714 0.877
426.492 0.778
427.262 0.77
428.016 0.754
428.762 0.746
429.502 0.74
430.225 0.723
431.006 0.781
431.841 0.835
432.655 0.814
433.083 0.428
433.396 0.313
434.147 0.751
434.897 0.75
435.577 0.68
436.296 0.719
436.989 0.693
437.678 0.689
438.328 0.65
439.018 0.69
439.727 0.709
440.542 0.815
441.313 0.771
442.082 0.769
442.867 0.785
443.694 0.827
444.433 0.739
445.185 0.752
445.995 0.81
446.787 0.792
447.552 0.765
448.357 0.805
449.202 0.845
450.058 0.856
450.826 0.768
451.629 0.803
452.452 0.823
453.222 0.77
454.025 0.803
454.871 0.846
455.712 0.841
456.448 0.736
457.196 0.748
457.939 0.743
458.712 0.773
459.438 0.726
460.256 0.818
461.08 0.824
461.868 0.788
462.618 0.75
463.385 0.767
463.875 0.49
464.131 0.256
464.84 0.709
465.51 0.67
466.181 0.671
466.89 0.709
467.613 0.723
468.416 0.803
469.275 0.859
470.081 0.806
470.877 0.796
471.62 0.743
472.364 0.744
473.104 0.74
473.844 0.74
474.565 0.721
475.218 0.653
475.937 0.719
476.642 0.705
477.36 0.718
478.099 0.739
478.845 0.746
479.576 0.731
480.337 0.761
481.116 0.779
481.925 0.809
482.747 0.822
483.524 0.777
484.327 0.803
485.145 0.818
485.967 0.822
486.747 0.78
487.575 0.828
488.424 0.849
489.285 0.861
490.074 0.789
490.884 0.81
491.668 0.784
492.429 0.761
493.18 0.751
493.972 0.792
494.715 0.743
495.476 0.761
496.251 0.775
497.031 0.78
497.893 0.862
498.716 0.823
499.469 0.753
500.254 0.785
501.046 0.792
501.852 0.806
502.613 0.761
503.4 0.787
504.247 0.847
505.084 0.837
505.863 0.779
506.657 0.794
507.486 0.829
508.336 0.85
509.116 0.78
509.913 0.797
510.718 0.805
511.527 0.809
512.294 0.767
513.11 0.816
514.005 0.895
514.884 0.879
515.731 0.847
516.526 0.795
517.341 0.815
518.11 0.769
518.877 0.767
519.6 0.723
520.341 0.741
521.128 0.787
522.037 0.909
522.944 0.907
523.831 0.887
524.648 0.817
525.491 0.843
526.311 0.82
527.137 0.826
527.927 0.79
528.736 0.809
529.591 0.855
530.49 0.899
531.302 0.812
532.127 0.825
532.985 0.858
533.808 0.823
534.59 0.782
535.352 0.762
536.147 0.795
536.959 0.812
537.763 0.804
538.5 0.737
539.247 0.747
540.036 0.789
540.889 0.853
541.74 0.851
542.511 0.771
543.286 0.775
544.077 0.791
544.86 0.783
545.627 0.767
546.374 0.747
547.155 0.781
547.976 0.821
548.753 0.777
549.536 0.783
550.352 0.816
551.153 0.801
551.976 0.823
552.736 0.76
553.523 0.787
554.351 0.828
555.194 0.843
555.977 0.783
556.786 0.809
557.125 0.339
557.585 0.46
558.064 0.479
558.376 0.312
559.016 0.64
559.287 0.271
559.654 0.367
559.919 0.265
560.724 0.805
561.52 0.796
562.326 0.806
563.217 0.891
564.07 0.853
564.85 0.78
565.681 0.831
566.506 0.825
567.302 0.796
568.069 0.767
568.866 0.797
569.702 0.836
570.47 0.768
571.299 0.829
572.115 0.816
572.908 0.793
573.656 0.748
574.426 0.77
575.254 0.828
576.095 0.841
576.876 0.781
577.704 0.828
578.57 0.866
579.355 0.785
580.124 0.769
580.882 0.758
581.627 0.745
582.417 0.79
583.172 0.755
583.941 0.769
584.769 0.828
585.629 0.86
586.452 0.823
587.226 0.774
588.055 0.829
588.923 0.868
589.719 0.796
590.56 0.841
591.445 0.885
592.317 0.872
593.12 0.803
593.979 0.859
594.854 0.875
595.68 0.826
596.468 0.788
597.285 0.817
598.119 0.834
598.884 0.765
599.677 0.793
600.521 0.844
601.348 0.827
602.134 0.786
602.941 0.807
603.833 0.892
604.649 0.816
605.467 0.818
606.316 0.849
607.124 0.808
607.885 0.761
608.684 0.799
609.524 0.84
610.324 0.8
611.112 0.788
611.958 0.846
612.838 0.88
618.186 5.348
618.991 0.805
619.809 0.818
620.599 0.79
621.378 0.779
622.21 0.832
623.039 0.829
623.806 0.767
624.622 0.816
625.469 0.847
626.292 0.823
627.067 0.775
627.883 0.816
628.733 0.85
629.508 0.775
630.312 0.804
631.141 0.829
631.93 0.789
632.703 0.773
633.53 0.827
634.371 0.841
635.142 0.771
635.952 0.81
636.75 0.798
637.541 0.791
638.293 0.752
639.064 0.771
639.911 0.847
640.769 0.858
641.556 0.787
642.373 0.817
643.225 0.852
644.089 0.864
644.864 0.775
645.66 0.796
646.454 0.794
647.215 0.761
647.987 0.772
648.774 0.787
649.536 0.762
650.326 0.79
651.174 0.848
651.956 0.782
652.712 0.756
653.503 0.791
654.316 0.813
655.125 0.809
655.889 0.764
656.794 0.905
657.747 0.953
658.6 0.853
659.401 0.801
660.143 0.742
660.898 0.755
661.675 0.777
662.468 0.793
663.238 0.77
664.041 0.803
664.916 0.875
665.758 0.842
666.541 0.783
667.363 0.822
668.182 0.819
668.949 0.767
669.743 0.794
670.561 0.818
671.377 0.816
672.123 0.746
672.853 0.73
673.539 0.686
674.426 0.887
674.741 0.315
675.037 0.296
675.72 0.683
676.478 0.758
676.843 0.365
677.829 0.986
678.816 0.987
679.749 0.933
680.393 0.644
681.151 0.758
681.435 0.284
681.737 0.302
682.259 0.522
683.118 0.859
683.995 0.877
684.837 0.842
685.653 0.816
686.443 0.79
687.2 0.757
687.969 0.769
688.757 0.788
689.568 0.811
690.4 0.832
691.173 0.773
691.939 0.766
692.727 0.788
693.538 0.811
694.371 0.833
695.221 0.85
695.999 0.778
696.768 0.769
697.533 0.765
698.3 0.767
699.072 0.772
699.815 0.743
700.586 0.771
701.416 0.83
702.254 0.838
703.027 0.773
703.825 0.798
704.66 0.835
705.504 0.844
706.281 0.777
707.035 0.754
707.797 0.762
708.607 0.81
709.466 0.859
710.24 0.774
711.058 0.818
711.896 0.838
712.686 0.79
713.466 0.78
714.262 0.796
715.03 0.768
715.768 0.738
716.493 0.725
717.216 0.723
717.917 0.701
718.674 0.757
719.475 0.801
720.291 0.816
721.056 0.765
721.841 0.785
722.659 0.818
723.483 0.824
724.245 0.762
725.012 0.767
725.801 0.789
726.628 0.827
727.399 0.771
728.197 0.798
729.027 0.83
729.873 0.846
730.651 0.778
731.472 0.821
732.306 0.834
733.111 0.805
733.871 0.76
734.662 0.791
735.475 0.813
736.323 0.848
737.11 0.787
737.902 0.792
738.729 0.827
739.585 0.856
740.395 0.81
741.202 0.807
742.015 0.813
742.835 0.82
743.599 0.764
744.397 0.798
745.231 0.834
746.083 0.852
746.868 0.785
747.679 0.811
748.494 0.815
749.287 0.793
750.039 0.752
750.827 0.788
751.653 0.826
752.44 0.787
753.273 0.833
754.087 0.814
754.853 0.766
755.652 0.799
756.474 0.822
757.263 0.789
758.022 0.759
758.794 0.772
759.578 0.784
760.346 0.768
761.073 0.727
761.821 0.748
762.594 0.773
763.37 0.776
764.111 0.741
764.869 0.758
765.646 0.777
766.383 0.737
767.121 0.738
767.835 0.714
768.544 0.709
769.339 0.795
770.143 0.804
770.898 0.755
771.649 0.751
772.411 0.762
773.181 0.77
773.923 0.742
774.657 0.734
775.411 0.754
776.202 0.791
777.001 0.799
777.783 0.782
778.604 0.821
779.469 0.865
780.304 0.835
781.079 0.775
781.868 0.789
782.657 0.789
783.461 0.804
784.203 0.742
784.926 0.723
785.66 0.734
786.429 0.769
787.264 0.835
788.158 0.894
789.009 0.851
789.789 0.78
790.605 0.816
791.413 0.808
792.199 0.786
792.934 0.735
793.698 0.764
794.504 0.806
795.333 0.829
796.124 0.791
796.934 0.81
797.783 0.849
798.613 0.83
799.451 0.838
800.279 0.828
801.058 0.779
801.836 0.778
802.626 0.79
803.4 0.774
804.138 0.738
804.913 0.775
805.713 0.8
806.517 0.804
807.29 0.773
808.082 0.792
808.876 0.794
809.618 0.742
810.386 0.768
811.157 0.771
811.942 0.785
812.686 0.744
813.455 0.769
814.246 0.791
814.999 0.753
815.755 0.756
816.511 0.756
817.286 0.775
818.024 0.738
818.778 0.754
819.551 0.773
820.292 0.741
821.051 0.759
821.835 0.784
822.606 0.771
823.353 0.747
824.114 0.761
824.888 0.774
825.629 0.741
826.376 0.747
827.127 0.751
827.844 0.717
828.564 0.72
829.288 0.724
830.024 0.736
830.715 0.691
831.435 0.72
832.171 0.736
832.96 0.789
833.686 0.726
834.43 0.744
835.192 0.762
835.951 0.759
836.665 0.714
837.398 0.733
838.175 0.777
838.947 0.772
839.7 0.753
840.477 0.777
841.224 0.747
841.923 0.699
842.59 0.667
843.281 0.691
844.0 0.719
844.85 0.85
845.688 0.838
846.487 0.799
847.242 0.755
847.984 0.742
848.726 0.742
849.502 0.776
850.247 0.745
850.96 0.713
851.65 0.69
852.383 0.733
853.183 0.8
854.011 0.828
854.811 0.8
855.562 0.751
856.337 0.775
857.117 0.78
857.91 0.793
858.671 0.761
859.421 0.75
860.235 0.814
861.023 0.788
861.795 0.772
862.522 0.727
863.257 0.735
863.993 0.736
864.73 0.737
865.434 0.704
866.169 0.735
866.944 0.775
867.703 0.759
868.467 0.764
869.222 0.755
869.992 0.77
870.75 0.758
871.447 0.697
872.153 0.706
872.873 0.72
873.616 0.743
874.307 0.691
875.04 0.733
875.826 0.786
876.708 0.882
877.465 0.757
878.219 0.754
878.983 0.764
879.726 0.743
880.429 0.703
881.153 0.724
881.909 0.756
882.678 0.769
883.363 0.685
884.054 0.691
884.802 0.748
885.631 0.829
886.426 0.795
887.157 0.731
887.898 0.741
888.648 0.75
889.398 0.75
890.094 0.696
890.798 0.704
891.527 0.729
892.318 0.791
893.018 0.7
893.769 0.751
894.57 0.801
895.349 0.779
896.058 0.709
896.815 0.757
897.547 0.732
898.311 0.764
899.042 0.731
899.747 0.705
900.534 0.787
901.328 0.794
902.068 0.74
902.811 0.743
903.612 0.801
904.445 0.833
905.209 0.764
905.914 0.705
906.653 0.739
907.384 0.731
908.081 0.697
908.788 0.707
909.511 0.723
910.245 0.734
910.937 0.692
911.666 0.729
912.43 0.764
913.198 0.768
913.903 0.705
914.638 0.735
915.38 0.742
916.106 0.726
916.769 0.663
917.445 0.676
918.113 0.668
918.78 0.667
919.438 0.658
920.208 0.77
920.927 0.719
921.669 0.742
922.492 0.823
923.362 0.87
924.131 0.769
924.901 0.77
925.674 0.773
926.443 0.769
927.176 0.733
927.916 0.74
928.7 0.784
929.529 0.829
930.278 0.749
931.057 0.779
931.876 0.819
932.656 0.78
933.409 0.753
934.183 0.774
934.976 0.793
935.745 0.769
936.503 0.758
937.288 0.785
938.137 0.849
938.888 0.751
939.635 0.747
940.423 0.788
941.209 0.786
941.984 0.775
942.753 0.769
943.566 0.813
944.416 0.85
945.192 0.776
945.965 0.773
946.777 0.812
947.568 0.791
948.31 0.742
949.057 0.747
949.809 0.752
950.555 0.746
951.255 0.7
951.926 0.671
952.59 0.664
953.277 0.687
954.328 1.051
955.33 1.002
956.274 0.944
957.218 0.944
958.05 0.832
958.823 0.773
959.611 0.788
960.408 0.797
961.235 0.827
962.081 0.846
962.853 0.772
963.63 0.777
964.435 0.805
965.231 0.796
966.041 0.81
966.804 0.763
967.569 0.765
968.35 0.781
969.18 0.83
970.021 0.841
970.801 0.78
971.587 0.786
972.396 0.809
973.271 0.875
974.113 0.842
974.928 0.815
975.764 0.836
976.646 0.882
977.498 0.852
978.293 0.795
979.121 0.828
979.957 0.836
980.835 0.878
981.695 0.86
982.506 0.811
983.341 0.835
984.11 0.769
984.849 0.739
985.574 0.725
986.35 0.776
987.179 0.829
988.001 0.822
988.774 0.773
989.537 0.763
990.327 0.79
991.172 0.845
991.923 0.751
992.682 0.759
993.478 0.796
994.288 0.81
995.055 0.767
995.841 0.786
996.67 0.829
997.495 0.825
998.282 0.787
999.064 0.782
999.877 0.813
1000.674 0.797
1001.428 0.754
1002.208 0.78
1003.036 0.828
1003.815 0.779
1004.579 0.764
1005.371 0.792
1006.178 0.807
1006.943 0.765
1007.704 0.761
1008.484 0.78
1009.288 0.804
1010.037 0.749
1010.801 0.764
1011.604 0.803
1012.402 0.798
1013.14 0.738
1013.912 0.772
1014.693 0.781
1015.42 0.727
1016.186 0.766
1016.976 0.79
1017.807 0.831
1018.576 0.769
1019.364 0.788
1020.174 0.81
1020.964 0.79
1021.705 0.741
1022.469 0.764
1023.256 0.787
1023.984 0.728
1024.723 0.739
1025.434 0.711
1026.146 0.712
1026.822 0.676
1027.54 0.718
1028.321 0.781
1029.062 0.741
1029.763 0.701
1030.521 0.758
1031.33 0.809
1032.06 0.73
1032.818 0.758
1033.605 0.787
1034.365 0.76
1035.063 0.698
1035.794 0.731
1036.534 0.74
1037.217 0.683
1037.951 0.734
1038.708 0.757
1039.447 0.739
1040.136 0.689
1040.875 0.739
1041.662 0.787
1042.414 0.752
1043.108 0.694
1043.859 0.751
1044.603 0.744
1045.292 0.689
1046.016 0.724
1046.752 0.736
1047.532 0.78
1048.22 0.688
1048.946 0.726
1049.677 0.731
1050.436 0.759
1051.161 0.725
1051.882 0.721
1052.673 0.791
1053.471 0.798
1054.202 0.731
1054.98 0.778
1055.789 0.809
1056.55 0.761
1057.28 0.73
1058.025 0.745
1058.795 0.77
1059.539 0.744
1060.263 0.724
1061.064 0.801
1061.89 0.826
1062.641 0.751
1063.407 0.766
1064.188 0.781
1064.968 0.78
1065.713 0.745
1066.467 0.754
1067.22 0.753
1067.96 0.74
1068.704 0.744
1069.502 0.798
1070.324 0.822
1071.08 0.756
1071.847 0.767
1072.612 0.765
1073.36 0.748
1074.127 0.767
1074.918 0.791
1075.68 0.762
1076.468 0.788
1077.275 0.807
1078.057 0.782
1078.846 0.789
1079.678 0.832
1080.483 0.805
1081.222 0.739
1081.982 0.76
1082.762 0.78
1083.517 0.755
1084.288 0.771
1085.121 0.833
1086.002 0.881
1086.813 0.811
1087.593 0.78
1088.393 0.8
1089.17 0.777
1089.893 0.723
1090.626 0.733
1091.368 0.742
1092.148 0.78
1092.885 0.737
1093.563 0.678
1094.309 0.746
1095.114 0.805
1095.943 0.829
1096.812 0.869
1097.66 0.848
1098.456 0.796
1099.222 0.766
1099.999 0.777
1100.8 0.801
1101.571 0.771
1102.368 0.797
1103.187 0.819
1104.01 0.823
1104.833 0.823
1105.686 0.853
1106.51 0.824
1107.294 0.784
1108.097 0.803
1108.876 0.779
1109.629 0.753
1110.401 0.772
1111.207 0.806
1111.983 0.776
1112.781 0.798
1113.612 0.831
1114.442 0.83
1115.227 0.785
1116.04 0.813
1116.862 0.822
1117.674 0.812
1118.479 0.805
1119.314 0.835
1120.153 0.839
1120.935 0.782
1121.713 0.778
1122.45 0.737
1123.168 0.718
1123.916 0.748
1124.637 0.721
1125.397 0.76
1126.184 0.787
1126.982 0.798
1127.737 0.755
1128.505 0.768
1129.291 0.786
1130.121 0.83
1130.916 0.795
1131.696 0.78
1132.499 0.803
1133.33 0.831
1134.112 0.782
1134.901 0.789
1135.708 0.807
1136.524 0.816
1137.286 0.762
1138.07 0.784
1138.893 0.823
1139.699 0.806
1140.509 0.81
1141.35 0.841
1142.21 0.86
1142.989 0.779
1143.744 0.755
1144.498 0.754
1145.191 0.693
1145.905 0.714
1146.611 0.706
1147.371 0.76
1148.113 0.742
1148.833 0.72
1149.582 0.749
1150.357 0.775
1151.128 0.771
1151.84 0.712
1152.568 0.728
1153.306 0.738
1154.075 0.769
1154.873 0.798
1155.671 0.798
1156.412 0.741
1157.115 0.703
1157.799 0.684
1158.591 0.792
1159.515 0.924
1160.433 0.918
1161.317 0.884
1162.178 0.861
1163.017 0.839
1163.848 0.831
1164.65 0.802
1165.425 0.775
1166.151 0.726
1166.89 0.739
1167.699 0.809
1168.536 0.837
1169.363 0.827
1170.194 0.831
1170.958 0.764
1171.741 0.783
1172.533 0.792
1173.346 0.813
1174.157 0.811
1174.96 0.803
1175.729 0.769
1176.527 0.798
1177.356 0.829
1178.196 0.84
1179.001 0.805
1179.776 0.775
1180.557 0.781
1181.354 0.797
1182.157 0.803
1182.909 0.752
1183.655 0.746
1184.415 0.76
1185.197 0.782
1185.981 0.784
1186.72 0.739
1187.467 0.747
1188.228 0.761
1189.004 0.776
1189.77 0.766
1190.497 0.727
1191.242 0.745
1192.016 0.774
1192.833 0.817
1193.662 0.829
1194.465 0.803
1195.28 0.815
1196.122 0.842
1196.965 0.843
1197.81 0.845
1198.621 0.811
1199.413 0.792
1200.204 0.791
1201.0 0.796
1201.754 0.754
1202.506 0.752
1203.286 0.78
1204.108 0.822
1204.945 0.837
1205.696 0.751
1206.432 0.736
1207.15 0.718
1207.856 0.706
1208.579 0.723
1209.302 0.723
1210.023 0.721
1210.713 0.69
1211.409 0.696
1212.106 0.697
1212.753 0.647
1213.455 0.702
1214.192 0.737
1215.058 0.866
1215.821 0.763
1216.588 0.767
1217.402 0.814
1218.278 0.876
1219.04 0.762
1219.839 0.799
1220.662 0.823
1221.489 0.827
1222.238 0.749
1223.022 0.784
1223.829 0.807
1224.575 0.746
1225.371 0.796
1226.199 0.828
1227.081 0.882
1227.912 0.831
1228.712 0.8
1229.535 0.823
1230.373 0.838
1231.163 0.79
1231.926 0.763
1232.709 0.783
1233.543 0.834
1234.402 0.859
1235.168 0.766
1235.968 0.8
1236.783 0.815
1237.605 0.822
1238.375 0.77
1239.16 0.785
1239.977 0.817
1240.844 0.867
1241.627 0.783
1242.419 0.792
1243.223 0.804
1244.045 0.822
1244.804 0.759
1245.582 0.778
1246.394 0.812
1247.232 0.838
1248.017 0.785
1248.781 0.764
1249.566 0.785
1250.387 0.821
1251.224 0.837
1251.987 0.763
1252.765 0.778
1253.571 0.806
1254.388 0.817
1255.177 0.789
1255.925 0.748
1256.7 0.775
1257.505 0.805
1258.317 0.812
1259.069 0.752
1259.839 0.77
1260.629 0.79
1261.434 0.805
1262.176 0.742
1262.931 0.755
1263.684 0.753
1264.455 0.771
1265.195 0.74
1265.935 0.74
1266.707 0.772
1267.52 0.813
1268.349 0.829
1269.111 0.762
1269.866 0.755
1270.624 0.758
1271.403 0.779
1272.136 0.733
1272.854 0.718
1273.575 0.721
1274.303 0.728
1275.087 0.784
1275.89 0.803
1276.678 0.788
1277.471 0.793
1278.206 0.735
1278.954 0.748
1279.702 0.748
1280.416 0.714
1281.147 0.731
1281.904 0.757
1282.653 0.749
1283.303 0.65
1284.069 0.766
1284.797 0.728
1285.582 0.785
1286.323 0.741
1286.995 0.672
1287.816 0.821
1288.618 0.802
1289.367 0.749
1290.126 0.759
1290.881 0.755
1291.637 0.756
1292.3 0.663
1293.038 0.738
1293.748 0.71
1294.469 0.721
1295.168 0.699
1295.842 0.674
1296.552 0.71
1297.252 0.7
1297.999 0.747
1298.745 0.746
1299.125 0.38
1299.462 0.337
1299.791 0.329
1303.283 3.492
1304.043 0.76
1304.83 0.787
1305.574 0.744
1306.384 0.81
1307.261 0.877
1308.124 0.863
1308.925 0.801
1309.769 0.844
1310.642 0.873
1311.463 0.821
1312.268 0.805
1313.106 0.838
1314.01 0.904
1314.838 0.828
1315.737 0.899
1316.696 0.959
1317.597 0.901
1318.407 0.81
1319.233 0.826
1320.076 0.843
1320.859 0.783
1321.673 0.814
1322.504 0.831
1323.362 0.858
1324.149 0.787
1324.948 0.799
1325.73 0.782
1326.482 0.752
1327.23 0.748
1327.958 0.728
1328.629 0.671
1329.323 0.694
1330.046 0.723
1330.809 0.763
1331.617 0.808
1332.419 0.802
1333.211 0.792
1334.0 0.789
1334.785 0.785
1335.571 0.786
1336.348 0.777
1337.141 0.793
1337.89 0.749
1338.615 0.725
1339.36 0.745
1340.183 0.823
1341.042 0.859
1341.892 0.85
1342.736 0.844
1343.494 0.758
1344.21 0.716
1344.907 0.697
1345.621 0.714
1346.864 1.243
1348.017 1.153
1349.09 1.073
1350.146 1.056
1351.15 1.004
1351.99 0.84
1352.796 0.806
1353.589 0.793
1354.385 0.796
1355.182 0.797
1355.98 0.798
1356.778 0.798
1357.583 0.805
1358.355 0.772
1359.068 0.713
1359.745 0.677
1360.414 0.669
1361.1 0.686
1362.037 0.937
1362.847 0.81
1363.694 0.847
1364.645 0.951
1365.631 0.986
1366.675 1.044
1367.658 0.983
1368.551 0.893
1369.378 0.827
1370.176 0.798
1370.954 0.778
1371.693 0.739
1372.413 0.72
1373.113 0.7
1373.777 0.664
1374.429 0.652
1375.128 0.699
1375.888 0.76
1376.717 0.829
1377.53 0.813
1378.356 0.826
1379.164 0.808
1379.974 0.81
1380.779 0.805
1381.579 0.8
1382.382 0.803
1383.184 0.802
1383.978 0.794
1384.759 0.781
1385.557 0.798
1386.373 0.816
1387.185 0.812
1388.007 0.822
1388.846 0.839
1389.685 0.839
1390.487 0.802
1391.227 0.74
1391.974 0.747
1392.776 0.802
1393.693 0.917
1394.566 0.873
1395.392 0.826
1396.154 0.762
1396.931 0.777
1397.721 0.79
1398.544 0.823
1399.382 0.838
1400.191 0.809
1400.963 0.772
1401.678 0.715
1402.409 0.731
1403.132 0.723
1403.925 0.793
1404.753 0.828
1405.593 0.84
1406.42 0.827
1407.225 0.805
1407.975 0.75
1408.701 0.726
1409.46 0.759
1410.236 0.776
1411.065 0.829
1411.916 0.851
1412.758 0.842
1413.591 0.833
1414.42 0.829
1415.225 0.805
1415.964 0.739
1416.703 0.739
1417.443 0.74
1418.24 0.797
1419.1 0.86
1419.949 0.849
1420.78 0.831
1421.608 0.828
1422.392 0.784
1423.128 0.736
1423.879 0.751
1424.643 0.764
1425.487 0.844
1426.35 0.863
1427.187 0.837
1427.952 0.765
1428.686 0.734
1429.385 0.699
1430.147 0.762
1430.976 0.829
1431.873 0.897
1432.744 0.871
1433.592 0.848
1434.412 0.82
1435.226 0.814
1436.028 0.802
1436.817 0.789
1437.584 0.767
1438.34 0.756
1439.092 0.752
1439.787 0.695
1440.455 0.668
1441.122 0.667
1441.785 0.663
1442.999 1.214
1444.056 1.057
1445.088 1.032
1446.131 1.043
1447.016 0.885
1447.843 0.827
1448.649 0.806
1449.394 0.745
1450.135 0.741
1450.906 0.771
1451.718 0.812
1452.573 0.855
1453.421 0.848
1454.252 0.831
1455.072 0.82
1455.868 0.796
1456.652 0.784
1457.445 0.793
1458.232 0.787
1459.026 0.794
1459.826 0.8
1460.601 0.775
1461.354 0.753
1462.111 0.757
1462.871 0.76
1463.667 0.796
1464.469 0.802
1465.263 0.794
1466.022 0.759
1466.741 0.719
1467.47 0.729
1468.199 0.729
1469.0 0.801
1469.811 0.811
1470.63 0.819
1471.437 0.807
1472.246 0.809
1473.039 0.793
1473.834 0.795
1474.589 0.755
1475.301 0.712
1476.033 0.732
1476.754 0.721
1477.613 0.859
1478.462 0.849
1479.305 0.843
1480.144 0.839
1480.963 0.819
1481.787 0.824
1482.612 0.825
1483.392 0.78
1484.155 0.763
1484.922 0.767
1485.718 0.796
1486.545 0.827
1487.382 0.837
1488.21 0.828
1489.055 0.845
1489.922 0.867
1490.702 0.78
1491.463 0.761
1492.24 0.777
1493.059 0.819
1493.902 0.843
1494.73 0.828
1495.524 0.794
1496.284 0.76
1497.075 0.791
1497.868 0.793
1498.672 0.804
1499.419 0.747
1500.1 0.681
1500.778 0.678
1501.47 0.692
1502.192 0.722
1502.995 0.803
1503.842 0.847
1504.668 0.826
1505.491 0.823
1506.286 0.795
1507.062 0.776
1507.828 0.766
1508.582 0.754
1509.327 0.745
1510.044 0.717
1510.682 0.638
1511.34 0.658
1512.027 0.687
1512.877 0.85
1513.806 0.929
1514.708 0.902
1515.588 0.88
1516.445 0.857
1517.304 0.859
1518.161 0.857
1518.965 0.804
1519.744 0.779
1520.538 0.794
1521.332 0.794
1522.109 0.777
1522.863 0.754
1523.542 0.679
1524.283 0.741
1525.049 0.766
1525.957 0.908
1526.855 0.898
1527.744 0.889
1528.61 0.866
1529.464 0.854
1530.296 0.832
1531.091 0.795
1531.853 0.762
1532.644 0.791
1533.473 0.829
1534.302 0.829
1535.105 0.803
1535.838 0.733
1536.539 0.701
1537.234 0.695
1537.957 0.723
1539.076 1.119
1540.144 1.068
1541.172 1.028
1542.153 0.981
1543.035 0.882
1543.825 0.79
1544.584 0.759
1545.318 0.734
1545.982 0.664
1546.742 0.76
1547.53 0.788
1548.445 0.915
1549.323 0.878
1550.198 0.875
1551.05 0.852
1551.876 0.826
1552.713 0.837
1553.532 0.819
1554.361 0.829
1555.183 0.822
1555.974 0.791
1556.704 0.73
1557.396 0.692
1558.089 0.693
1558.817 0.728
1559.802 0.985
1560.675 0.873
1561.572 0.897
1562.435 0.863
1563.269 0.834
1564.075 0.806
1564.877 0.802
1565.65 0.773
1566.412 0.762
1567.17 0.758
1567.928 0.758
1568.699 0.771
1569.5 0.801
1570.307 0.807
1571.128 0.821
1571.934 0.806
1572.694 0.76
1573.395 0.701
1574.079 0.684
1574.764 0.685
1575.477 0.713
1576.602 1.125
1577.637 1.035
1578.702 1.065
1579.643 0.941
1580.471 0.828
1581.26 0.789
1582.018 0.758
1582.77 0.752
1583.532 0.762
1584.294 0.762
1585.068 0.774
1585.854 0.786
1586.646 0.792
1587.43 0.784
1588.21 0.78
1588.957 0.747
1589.684 0.727
1590.339 0.655
1590.999 0.66
1591.661 0.662
1592.316 0.655
1593.061 0.745
1594.105 1.044
1595.017 0.912
1595.897 0.88
1596.82 0.923
1597.755 0.935
1598.64 0.885
1599.473 0.833
1600.294 0.821
1601.055 0.761
1601.774 0.719
1602.522 0.748
1603.318 0.796
1604.106 0.788
1604.826 0.72
1605.479 0.653
1606.249 0.77
1607.032 0.783
1607.854 0.822
1608.675 0.821
1609.464 0.789
1610.233 0.769
1610.939 0.706
1611.61 0.671
1612.247 0.637
1612.886 0.639
1613.512 0.626
1614.13 0.618
1614.744 0.614
1615.352 0.608
1615.948 0.596
1616.552 0.604
1617.148 0.596
1617.74 0.592
1618.329 0.589
1618.909 0.58
1619.487 0.578
1619.889 0.402
1620.599 0.71
1621.213 0.614
1621.779 0.566
1622.342 0.563
1622.898 0.556
1623.454 0.556
1624.008 0.554
1624.498 0.49
1625.12 0.622
1625.679 0.559
1626.236 0.557
1626.799 0.563
1627.364 0.565
1627.932 0.568
1628.511 0.579
1629.101 0.59
1629.688 0.587
1630.311 0.623
1630.925 0.614
1631.557 0.632
1631.825 0.268
1632.127 0.302