0.000 0.86
0.86 0.86
1.727 0.867
2.531 0.804
3.301 0.77
4.072 0.771
4.809 0.737
5.594 0.785
6.483 0.889
7.371 0.888
8.334 0.963
9.336 1.002
10.261 0.925
11.132 0.871
12.046 0.914
12.978 0.932
13.823 0.845
14.64 0.817
15.535 0.895
16.54 1.005
17.531 0.991
18.531 1.0
19.641 1.11
20.756 1.115
21.86 1.104
23.011 1.151
24.188 1.177
25.332 1.144
26.346 1.014
27.277 0.931
28.188 0.911
29.547 1.359
30.9 1.353
32.289 1.389
33.573 1.284
34.688 1.115
35.715 1.027
36.776 1.061
37.955 1.179
39.224 1.269
40.472 1.248
41.646 1.174
42.755 1.109
43.897 1.142
45.182 1.285
46.516 1.334
47.812 1.296
48.968 1.156
50.088 1.12
51.334 1.246
52.748 1.414
54.147 1.399
55.412 1.265
56.643 1.231
57.811 1.168
63.999 6.188
65.268 1.269
66.486 1.218
67.618 1.132
68.728 1.11
69.898 1.17
71.152 1.254
72.359 1.207
73.632 1.273
74.918 1.286
76.109 1.191
77.189 1.08
78.257 1.068
79.575 1.318
81.022 1.447
82.403 1.381
83.671 1.268
84.84 1.169
85.943 1.103
87.039 1.096
88.208 1.169
89.386 1.178
90.491 1.105
91.655 1.164
92.936 1.281
94.226 1.29
95.448 1.222
96.545 1.097
97.61 1.065
98.748 1.138
100.015 1.267
101.258 1.243
102.356 1.098
103.351 0.995
104.281 0.93
105.262 0.981
106.466 1.204
107.718 1.252
108.864 1.146
109.923 1.059
110.975 1.052
112.05 1.075
113.126 1.076
114.126 1.0
115.066 0.94
116.116 1.05
117.438 1.322
118.689 1.251
119.851 1.162
120.974 1.123
122.126 1.152
123.263 1.137
124.279 1.016
125.22 0.941
126.119 0.899
127.091 0.972
128.457 1.366
129.708 1.251
130.83 1.122
131.866 1.036
132.879 1.013
133.955 1.076
135.161 1.206
136.291 1.13
137.395 1.104
138.565 1.17
139.75 1.185
140.923 1.173
142.016 1.093
143.067 1.051
144.151 1.084
145.296 1.145
146.448 1.152
147.691 1.243
148.982 1.291
150.231 1.249
151.443 1.212
152.611 1.168
153.768 1.157
154.899 1.131
155.997 1.098
157.176 1.179
158.472 1.296
159.711 1.239
160.874 1.163
162.02 1.146
163.192 1.172
164.347 1.155
165.476 1.129
166.674 1.198
167.895 1.221
169.046 1.151
170.188 1.142
171.34 1.152
172.519 1.179
173.57 1.051
174.672 1.102
175.851 1.179
177.259 1.408
178.581 1.322
179.736 1.155
180.854 1.118
182.064 1.21
183.295 1.231
184.459 1.164
185.558 1.099
186.699 1.141
187.942 1.243
189.142 1.2
190.329 1.187
191.561 1.232
192.778 1.217
193.937 1.159
195.023 1.086
196.137 1.114
197.302 1.165
198.54 1.238
199.727 1.187
200.923 1.196
202.124 1.201
203.348 1.224
204.507 1.159
205.697 1.19
206.985 1.288
208.161 1.176
209.368 1.207
210.576 1.208
211.807 1.231
212.923 1.116
214.012 1.089
215.178 1.166
216.402 1.224
217.559 1.157
218.724 1.165
219.933 1.209
221.174 1.241
222.303 1.129
223.308 1.005
224.247 0.939
225.192 0.945
226.199 1.007
227.326 1.127
228.43 1.104
229.454 1.024
230.467 1.013
231.543 1.076
232.758 1.215
233.825 1.067
234.779 0.954
235.674 0.895
236.563 0.889
237.604 1.041
238.884 1.28
240.085 1.201
241.264 1.179
242.334 1.07
243.354 1.02
244.433 1.079
245.631 1.198
246.801 1.17
247.916 1.115
248.973 1.057
250.094 1.121
251.313 1.219
252.506 1.193
253.59 1.084
254.69 1.1
255.995 1.305
257.201 1.206
258.317 1.116
259.379 1.062
260.67 1.291
261.917 1.247
263.053 1.136
264.187 1.134
265.326 1.139
266.552 1.226
267.685 1.133
268.786 1.101
269.887 1.101
271.164 1.277
272.375 1.211
273.562 1.187
274.793 1.231
276.043 1.25
277.211 1.168
278.255 1.044
279.279 1.024
280.663 1.384
281.898 1.235
283.161 1.263
284.494 1.333
285.834 1.34
287.042 1.208
288.115 1.073
289.172 1.057
290.442 1.27
291.647 1.205
292.832 1.185
294.032 1.2
295.185 1.153
296.365 1.18
297.642 1.277
298.937 1.295
300.107 1.17
301.165 1.058
302.244 1.079
303.359 1.115
304.513 1.154
305.665 1.152
306.986 1.321
308.297 1.311
309.58 1.283
310.795 1.215
311.859 1.064
312.909 1.05
314.025 1.116
315.446 1.421
316.592 1.146
317.726 1.134
318.817 1.091
319.828 1.011
320.77 0.942
321.699 0.929
322.645 0.946
323.556 0.911
324.439 0.883
325.282 0.843
326.106 0.824
326.89 0.784
327.669 0.779
328.445 0.776
329.26 0.815
330.164 0.904
331.076 0.912
331.988 0.912
332.876 0.888
333.771 0.895
334.685 0.914
335.567 0.882
336.446 0.879
337.346 0.9
338.243 0.897
339.17 0.927
340.127 0.957
341.117 0.99
342.095 0.978
343.119 1.024
344.229 1.11
345.386 1.157
346.494 1.108
347.648 1.154
348.729 1.081
349.667 0.938
350.585 0.918
351.44 0.855
352.272 0.832
353.097 0.825
353.899 0.802
354.67 0.771
355.425 0.755
356.164 0.739
356.928 0.764
357.767 0.839
358.675 0.908
359.606 0.931
360.498 0.892
361.409 0.911
362.362 0.953
363.373 1.011
364.33 0.957
365.233 0.903
366.144 0.911
367.08 0.936
368.075 0.995
368.997 0.922
369.963 0.966
371.037 1.074
372.038 1.001
373.211 1.173
374.393 1.182
375.489 1.096
376.536 1.047
377.594 1.058
378.74 1.146
379.846 1.106
380.825 0.979
381.814 0.989
382.865 1.051
384.074 1.209
385.275 1.201
386.488 1.213
387.586 1.098
388.689 1.103
389.761 1.072
390.877 1.116
391.955 1.078
392.908 0.953
393.863 0.955
394.821 0.958
395.953 1.132
397.066 1.113
398.164 1.098
399.268 1.104
400.302 1.034
401.295 0.993
402.313 1.018
403.407 1.094
404.438 1.031
405.457 1.019
406.476 1.019
407.426 0.95
408.38 0.954
409.36 0.98
410.409 1.049
411.419 1.01
412.384 0.965
413.318 0.934
414.298 0.98
415.298 1.0
416.219 0.921
417.145 0.926
418.053 0.908
419.143 1.09
420.188 1.045
421.365 1.177
422.52 1.155
423.624 1.104
424.624 1.0
425.538 0.914
426.457 0.919
427.391 0.934
428.34 0.949
429.258 0.918
430.254 0.996
431.438 1.184
432.61 1.172
433.765 1.155
434.877 1.112
435.949 1.072
436.939 0.99
437.884 0.945
438.773 0.889
439.713 0.94
440.781 1.068
441.979 1.198
443.069 1.09
444.184 1.115
445.34 1.156
446.428 1.088
447.503 1.075
448.646 1.143
449.706 1.06
450.75 1.044
451.742 0.992
452.721 0.979
453.878 1.157
455.121 1.243
456.218 1.097
457.356 1.138
458.579 1.223
459.765 1.186
460.856 1.091
461.946 1.09
463.1 1.154
464.265 1.165
465.288 1.023
466.294 1.006
467.343 1.049
468.679 1.336
469.811 1.132
471.008 1.197
472.155 1.147
473.269 1.114
474.362 1.093
475.491 1.129
476.582 1.091
477.673 1.091
478.846 1.173
480.077 1.231
481.1 1.023
482.118 1.018
483.12 1.002
484.204 1.084
485.287 1.083
486.399 1.112
487.617 1.218
488.794 1.177
489.947 1.153
491.046 1.099
492.046 1.0
492.985 0.939
493.907 0.922
494.9 0.993
496.069 1.169
497.249 1.18
498.415 1.166
499.568 1.153
500.711 1.143
501.804 1.093
502.869 1.065
503.978 1.109
505.08 1.102
506.11 1.03
507.159 1.049
508.2 1.041
509.23 1.03
510.196 0.966
511.143 0.947
512.196 1.053
513.306 1.11
514.297 0.991
515.243 0.946
516.2 0.957
517.185 0.985
518.142 0.957
519.042 0.9
519.988 0.946
521.032 1.044
522.112 1.08
523.175 1.063
524.248 1.073
525.317 1.069
526.387 1.07
527.459 1.072
528.649 1.19
529.803 1.154
530.87 1.067
531.859 0.989
532.877 1.018
533.956 1.079
535.045 1.089
536.242 1.197
537.5 1.258
538.693 1.193
539.756 1.063
540.703 0.947
541.609 0.906
542.548 0.939
543.771 1.223
544.982 1.211
546.142 1.16
547.264 1.122
548.366 1.102
549.412 1.046
550.367 0.955
551.266 0.899
552.162 0.896
553.176 1.014
554.301 1.125
555.39 1.089
556.599 1.209
557.865 1.266
559.086 1.221
560.287 1.201
561.425 1.138
562.525 1.1
563.549 1.024
564.549 1.0
565.517 0.968
566.426 0.909
567.253 0.827
568.09 0.837
568.923 0.833
569.775 0.852
570.728 0.953
571.631 0.903
572.478 0.847
573.335 0.857
574.28 0.945
575.287 1.007
576.221 0.934
577.133 0.912
578.119 0.986
579.133 1.014
580.107 0.974
581.101 0.994
582.281 1.18
583.345 1.064
584.331 0.986
585.381 1.05
586.447 1.066
587.599 1.152
588.681 1.082
589.749 1.068
590.803 1.054
591.952 1.149
593.201 1.249
594.355 1.154
595.431 1.076
596.51 1.079
597.639 1.129
598.716 1.077
599.679 0.963
600.608 0.929
601.548 0.94
602.534 0.986
603.494 0.96
604.777 1.283
605.935 1.158
607.086 1.151
608.202 1.116
609.161 0.959
610.079 0.918
611.044 0.965
612.045 1.001
613.117 1.072
614.419 1.302
615.649 1.23
616.78 1.131
617.942 1.162
619.064 1.122
620.096 1.032
621.068 0.972
622.065 0.997
623.299 1.234
624.554 1.255
625.713 1.159
626.715 1.002
627.731 1.016
628.916 1.185
630.083 1.167
631.193 1.11
632.306 1.113
633.423 1.117
634.535 1.112
635.658 1.123
636.736 1.078
637.799 1.063
638.829 1.03
639.792 0.963
640.682 0.89
641.594 0.912
642.673 1.079
643.885 1.212
645.034 1.149
646.151 1.117
647.269 1.118
648.348 1.079
649.386 1.038
650.477 1.091
651.701 1.224
652.896 1.195
654.004 1.108
655.064 1.06
656.013 0.949
656.984 0.971
658.066 1.082
659.129 1.063
660.104 0.975
661.079 0.975
662.029 0.95
662.92 0.891
663.809 0.889
664.697 0.888
665.545 0.848
666.392 0.847
667.25 0.858
668.061 0.811
668.879 0.818
669.733 0.854
670.628 0.895
671.475 0.847
672.351 0.876
673.302 0.951
674.218 0.916
675.09 0.872
675.996 0.906
677.007 1.011
678.011 1.004
679.023 1.012
680.117 1.094
681.256 1.139
682.331 1.075
683.465 1.134
684.644 1.179
685.72 1.076
686.68 0.96
687.569 0.889
688.447 0.878
689.384 0.937
690.253 0.869
691.132 0.879
692.168 1.036
693.203 1.035
694.302 1.099
695.298 0.996
696.265 0.967
697.237 0.972
698.138 0.901
698.974 0.836
699.795 0.821
700.656 0.861
701.586 0.93
702.593 1.007
703.658 1.065
704.676 1.018
705.652 0.976
706.593 0.941
707.459 0.866
708.323 0.864
709.219 0.896
710.195 0.976
711.238 1.043
712.303 1.065
713.367 1.064
714.414 1.047
715.503 1.089
716.597 1.094
717.653 1.056
718.685 1.032
719.685 1.0
720.639 0.954
721.653 1.014
722.664 1.011
723.587 0.923
724.534 0.947
725.596 1.062
726.682 1.086
727.745 1.063
728.829 1.084
730.079 1.25
731.154 1.075
732.149 0.995
733.114 0.965
734.099 0.985
735.027 0.928
735.979 0.952
736.951 0.972
738.012 1.061
739.191 1.179
740.354 1.163
741.576 1.222
742.716 1.14
743.853 1.137
744.963 1.11
746.008 1.045
747.117 1.109
748.24 1.123
749.272 1.032
750.286 1.014
751.327 1.041
752.433 1.106
753.575 1.142
754.671 1.096
755.727 1.056
756.733 1.006
757.742 1.009
758.851 1.109
759.874 1.023
760.928 1.054
762.044 1.116
763.18 1.136
764.261 1.081
765.336 1.075
766.38 1.044
767.383 1.003
768.402 1.019
769.416 1.014
770.488 1.072
771.566 1.078
772.68 1.114
773.839 1.159
774.886 1.047
775.955 1.069
777.037 1.082
778.206 1.169
779.238 1.032
780.301 1.063
781.47 1.169
782.666 1.196
783.809 1.143
784.991 1.182
786.149 1.158
787.222 1.073
788.186 0.964
789.153 0.967
790.205 1.052
791.512 1.307
792.682 1.17
793.886 1.204
795.008 1.122
796.111 1.103
797.249 1.138
798.339 1.09
799.332 0.993
800.325 0.993
801.467 1.142
802.577 1.11
803.682 1.105
804.838 1.156
805.927 1.089
806.953 1.026
807.863 0.91
808.787 0.924
809.804 1.017
810.882 1.078
811.928 1.046
812.988 1.06
814.06 1.072
815.119 1.059
816.081 0.962
817.005 0.924
817.957 0.952
818.975 1.018
819.954 0.979
821.047 1.093
822.358 1.311
823.583 1.225
824.78 1.197
825.989 1.209
827.182 1.193
828.19 1.008
829.097 0.907
829.975 0.878
830.799 0.824
831.659 0.86
832.5 0.841
833.307 0.807
834.134 0.827
834.996 0.862
835.942 0.946
837.008 1.066
838.109 1.101
839.195 1.086
840.163 0.968
841.123 0.96
842.05 0.927
842.941 0.891
843.827 0.886
844.834 1.007
846.089 1.255
847.255 1.166
848.407 1.152
849.612 1.205
850.808 1.196
851.957 1.149
853.093 1.136
854.173 1.08
855.216 1.043
856.313 1.097
857.481 1.168
858.627 1.146
859.712 1.085
860.787 1.075
861.926 1.139
863.092 1.166
864.269 1.177
865.374 1.105
866.479 1.105
867.581 1.102
868.629 1.048
869.798 1.169
871.092 1.294
872.325 1.233
873.516 1.191
874.63 1.114
875.743 1.113
876.839 1.096
877.897 1.058
878.974 1.077
880.163 1.189
881.305 1.142
882.278 0.973
883.262 0.984
884.558 1.296
885.753 1.195
886.959 1.206
888.184 1.225
889.413 1.229
890.529 1.116
891.536 1.007
892.546 1.01
893.567 1.021
894.543 0.976
895.645 1.102
896.845 1.2
897.974 1.129
899.098 1.124
900.216 1.118
901.313 1.097
902.349 1.036
903.313 0.964
904.288 0.975
905.324 1.036
906.727 1.403
907.968 1.241
909.186 1.218
910.393 1.207
911.532 1.139
912.68 1.148
913.754 1.074
914.856 1.102
915.897 1.041
917.113 1.216
918.481 1.368
919.711 1.23
920.801 1.09
921.873 1.072
922.932 1.059
923.943 1.011
924.99 1.047
926.042 1.052
927.282 1.24
928.422 1.14
929.622 1.2
930.782 1.16
931.913 1.131
932.836 0.923
933.707 0.871
934.546 0.839
935.394 0.848
936.207 0.813
937.008 0.801
937.823 0.815
938.642 0.819
939.449 0.807
940.234 0.785
941.029 0.795
941.834 0.805
942.655 0.821
943.459 0.804
944.298 0.839
945.188 0.89
946.075 0.887
947.005 0.93
948.046 1.041
949.111 1.065
950.13 1.019
951.108 0.978
952.002 0.894
952.933 0.931
953.898 0.965
954.853 0.955
955.875 1.022
956.883 1.008
957.946 1.063
959.061 1.115
960.144 1.083
961.155 1.011
962.248 1.093
963.433 1.185
964.602 1.169
965.725 1.123
966.909 1.184
968.06 1.151
969.207 1.147
970.334 1.127
971.439 1.105
972.439 1.0
973.303 0.864
974.12 0.817
974.924 0.804
975.72 0.796
976.644 0.924
978.123 1.479
979.387 1.264
980.603 1.216
981.764 1.161
982.834 1.07
983.778 0.944
984.769 0.991
985.913 1.144
987.208 1.295
988.576 1.368
989.822 1.246
991.045 1.223
992.335 1.29
993.566 1.231
994.797 1.231
996.027 1.23
997.255 1.228
998.369 1.114
999.378 1.009
1000.328 0.95
1001.292 0.964
1002.554 1.262
1003.904 1.35
1005.325 1.421
1006.653 1.328
1007.837 1.184
1008.992 1.155
1010.079 1.087
1011.163 1.084
1012.421 1.258
1013.757 1.336
1015.081 1.324
1016.337 1.256
1017.52 1.183
1018.772 1.252
1020.04 1.268
1021.32 1.28
1022.517 1.197
1023.727 1.21
1025.008 1.281
1026.356 1.348
1027.561 1.205
1028.74 1.179
1029.961 1.221
1031.264 1.303
1032.545 1.281
1033.743 1.198
1034.834 1.091
1035.918 1.084
1037.085 1.167
1038.318 1.233
1039.579 1.261
1040.759 1.18
1041.946 1.187
1043.108 1.162
1044.282 1.174
1045.513 1.231
1046.844 1.331
1048.054 1.21
1049.196 1.142
1050.382 1.186
1051.602 1.22
1052.679 1.077
1053.738 1.059
1054.712 0.974
1055.611 0.899
1056.49 0.879
1057.343 0.853
1058.182 0.839
1059.051 0.869
1060.044 0.993
1061.177 1.133
1062.296 1.119
1063.315 1.019
1064.322 1.007
1065.398 1.076
1066.525 1.127
1067.544 1.019
1068.544 1.0
1069.653 1.109
1070.835 1.182
1071.919 1.084
1073.146 1.227
1074.363 1.217
1075.469 1.106
1076.452 0.983
1077.412 0.96
1078.441 1.029
1079.505 1.064
1080.506 1.001
1081.471 0.965
1082.438 0.967
1083.523 1.085
1084.869 1.346
1086.122 1.253
1087.276 1.154
1088.352 1.076
1089.374 1.022
1090.37 0.996
1091.351 0.981
1092.266 0.915
1093.155 0.889
1094.126 0.971
1095.433 1.307
1096.652 1.219
1097.861 1.209
1099.019 1.158
1100.195 1.176
1101.367 1.172
1102.532 1.165
1103.665 1.133
1104.775 1.11
1105.854 1.079
1106.838 0.984
1107.8 0.962
1108.819 1.019
1109.864 1.045
1110.783 0.919
1111.741 0.958
1112.882 1.141
1113.938 1.056
1114.853 0.915
1115.798 0.945
1116.802 1.004
1117.857 1.055
1118.93 1.073
1120.075 1.145
1121.16 1.085
1122.15 0.99
1123.111 0.961
1124.069 0.958
1124.985 0.916
1125.835 0.85
1126.73 0.895
1127.668 0.938
1128.763 1.095
1129.961 1.198
1131.094 1.133
1132.227 1.133
1133.366 1.139
1134.45 1.084
1135.564 1.114
1136.705 1.141
1137.815 1.11
1138.915 1.1
1140.045 1.13
1141.173 1.128
1142.331 1.158
1143.506 1.175
1144.616 1.11
1145.695 1.079
1146.853 1.158
1148.059 1.206
1149.272 1.213
1150.392 1.12
1151.473 1.081
1152.579 1.106
1153.684 1.105
1154.736 1.052
1155.913 1.177
1157.167 1.254
1158.429 1.262
1159.474 1.045
1160.506 1.032
1161.553 1.047
1162.702 1.149
1163.825 1.123
1164.889 1.064
1165.878 0.989
1166.806 0.928
1167.77 0.964
1168.801 1.031
1169.897 1.096
1170.991 1.094
1172.099 1.108
1173.295 1.196
1174.485 1.19
1175.713 1.228
1176.81 1.097
1177.882 1.072
1178.948 1.066
1179.996 1.048
1181.022 1.026
1182.027 1.005
1182.966 0.939
1183.917 0.951
1184.871 0.954
1185.88 1.009
1187.053 1.173
1188.248 1.195
1189.355 1.107
1190.465 1.11
1191.53 1.065
1192.592 1.062
1193.75 1.158
1195.023 1.273
1196.265 1.242
1197.448 1.183
1198.481 1.033
1199.422 0.941
1200.301 0.879
1201.187 0.886
1202.166 0.979
1203.423 1.257
1204.67 1.247
1205.973 1.303
1207.191 1.218
1208.369 1.178
1209.518 1.149
1210.547 1.029
1211.492 0.945
1212.409 0.917
1213.364 0.955
1214.814 1.45
1216.241 1.427
1217.603 1.362
1218.77 1.167
1219.856 1.086
1220.887 1.031
1221.872 0.985
1222.941 1.069
1224.077 1.136
1225.224 1.147
1226.378 1.154
1227.506 1.128
1228.558 1.052
1229.537 0.979
1230.484 0.947
1231.48 0.996
1232.791 1.311
1234.034 1.243
1235.334 1.3
1236.588 1.254
1237.733 1.145
1238.765 1.032
1239.742 0.977
1240.659 0.917
1241.558 0.899
1242.58 1.022
1243.759 1.179
1245.007 1.248
1246.256 1.249
1247.434 1.178
1248.505 1.071
1249.498 0.993
1250.44 0.942
1251.354 0.914
1252.396 1.042
1253.521 1.125
1254.686 1.165
1255.908 1.222
1257.086 1.178
1258.155 1.069
1259.17 1.015
1260.132 0.962
1261.055 0.923
1262.046 0.991
1263.223 1.177
1264.368 1.145
1265.614 1.246
1266.829 1.215
1267.984 1.155
1269.046 1.062
1270.043 0.997
1270.996 0.953
1271.989 0.993
1273.103 1.114
1274.283 1.18
1275.492 1.209
1276.683 1.191
1277.796 1.113
1278.835 1.039
1279.828 0.993
1280.775 0.947
1281.716 0.941
1282.742 1.026
1283.802 1.06
1284.917 1.115
1286.146 1.229
1287.307 1.161
1288.37 1.063
1289.415 1.045
1290.394 0.979
1291.37 0.976
1292.399 1.029
1293.59 1.191
1294.764 1.174
1295.886 1.122
1296.965 1.079
1298.018 1.053
1299.038 1.02
1300.023 0.985
1300.984 0.961
1302.026 1.042
1303.129 1.103
1304.341 1.212
1305.557 1.216
1306.741 1.184
1307.869 1.128
1308.901 1.032
1309.884 0.983
1310.798 0.914
1311.709 0.911
1312.707 0.998
1313.89 1.183
1315.131 1.241
1316.338 1.207
1317.52 1.182
1318.635 1.115
1319.658 1.023
1320.601 0.943
1321.529 0.928
1322.539 1.01
1323.697 1.158
1324.916 1.219
1326.126 1.21
1327.283 1.157
1328.356 1.073
1329.342 0.986
1330.276 0.934
1331.167 0.891
1332.087 0.92
1333.108 1.021
1334.246 1.138
1335.514 1.268
1336.761 1.247
1337.948 1.187
1339.045 1.097
1340.033 0.988
1340.95 0.917
1341.842 0.892
1342.747 0.905
1343.874 1.127
1345.057 1.183
1346.229 1.172
1347.381 1.152
1348.464 1.083
1349.475 1.011
1350.415 0.94
1351.335 0.92
1352.282 0.947
1353.343 1.061
1354.516 1.173
1355.705 1.189
1356.887 1.182
1358.027 1.14
1359.059 1.032
1360.021 0.962
1360.973 0.952
1361.952 0.979
1363.136 1.184
1364.372 1.236
1365.544 1.172
1366.68 1.136
1367.787 1.107
1368.827 1.04
1369.811 0.984
1370.755 0.944
1371.721 0.966
1372.91 1.189
1374.278 1.368
1375.596 1.318
1376.856 1.26
1377.964 1.108
1378.96 0.996
1379.894 0.934
1380.819 0.925
1381.771 0.952
1382.812 1.041
1384.084 1.272
1385.375 1.291
1386.631 1.256
1387.79 1.159
1388.907 1.117
1389.96 1.053
1390.953 0.993
1391.944 0.991
1393.024 1.08
1394.228 1.204
1395.493 1.265
1396.731 1.238
1397.865 1.134
1398.925 1.06
1399.938 1.013
1400.882 0.944
1401.801 0.919
1402.74 0.939
1403.836 1.096
1405.064 1.228
1406.242 1.178
1407.371 1.129
1408.431 1.06
1409.423 0.992
1410.344 0.921
1411.242 0.898
1412.147 0.905
1413.159 1.012
1414.363 1.204
1415.57 1.207
1416.785 1.215
1417.898 1.113
1418.938 1.04
1419.915 0.977
1420.865 0.95
1421.819 0.954
1422.859 1.04
1424.15 1.291
1425.369 1.219
1426.573 1.204
1427.708 1.135
1428.784 1.076
1429.809 1.025
1430.779 0.97
1431.715 0.936
1432.68 0.965
1433.782 1.102
1434.999 1.217
1436.201 1.202
1437.362 1.161
1438.465 1.103
1439.52 1.055
1440.498 0.978
1441.438 0.94
1442.405 0.967
1443.449 1.044
1444.674 1.225
1445.929 1.255
1447.13 1.201
1448.235 1.105
1449.282 1.047
1450.281 0.999
1451.265 0.984
1452.276 1.011
1453.371 1.095
1454.541 1.17
1455.714 1.173
1456.849 1.135
1457.923 1.074
1458.937 1.014
1459.916 0.979
1460.882 0.966
1461.917 1.035
1463.232 1.315
1464.583 1.351
1465.852 1.269
1467.085 1.233
1468.179 1.094
1469.173 0.994
1470.083 0.91
1470.952 0.869
1471.821 0.869
1472.923 1.102
1474.306 1.383
1475.592 1.286
1476.831 1.239
1478.005 1.174
1479.047 1.042
1479.972 0.925
1480.855 0.883
1481.708 0.853
1482.576 0.868
1483.531 0.955
1484.612 1.081
1485.862 1.25
1487.038 1.176
1488.131 1.093
1489.141 1.01
1490.089 0.948
1491.038 0.949
1491.995 0.957
1492.992 0.997
1494.249 1.257
1495.462 1.213
1496.645 1.183
1497.732 1.087
1498.791 1.059
1499.804 1.013
1500.822 1.018
1501.868 1.046
1502.899 1.031
1503.897 0.998
1504.84 0.943
1505.79 0.95
1506.706 0.916
1507.606 0.9
1508.494 0.888
1509.409 0.915
1510.323 0.914
1511.239 0.916
1512.175 0.936
1513.105 0.93
1514.021 0.916
1514.899 0.878
1515.78 0.881
1516.666 0.886
1517.636 0.97
1518.734 1.098
1519.738 1.004
1520.761 1.023
1521.732 0.971
1522.629 0.897
1523.513 0.884
1524.373 0.86
1525.213 0.84
1526.04 0.827
1526.845 0.805
1527.628 0.783
1528.39 0.762
1528.698 0.308