0.000 6.999
6.999 6.999
8.127 1.128
8.48 0.353
9.208 0.728
9.503 0.295
11.09 1.587
11.885 0.795
12.168 0.283
12.738 0.57
13.592 0.854
13.895 0.303
14.456 0.561
14.929 0.473
15.511 0.582
16.536 1.025
17.517 0.981
18.395 0.878
18.754 0.359
19.174 0.42
20.064 0.89
21.045 0.981
22.069 1.024
22.963 0.894
23.853 0.89
24.116 0.263
24.661 0.545
25.481 0.82
25.836 0.355
26.339 0.503
27.202 0.863
28.171 0.969
29.074 0.903
29.938 0.864
30.913 0.975
31.923 1.01
32.861 0.938
33.772 0.911
34.737 0.965
35.722 0.985
36.643 0.921
37.487 0.844
37.861 0.374
38.224 0.363
38.553 0.329
38.898 0.345
39.254 0.356
39.711 0.457
40.028 0.317
40.353 0.325
40.686 0.333
41.12 0.434
41.4 0.28
42.064 0.664
42.432 0.368
42.719 0.287
43.375 0.656
44.007 0.632
44.645 0.638
44.906 0.261
45.268 0.362
45.882 0.614
46.523 0.641
47.089 0.566
47.691 0.602
48.252 0.561
48.557 0.305
48.89 0.333
49.495 0.605
49.987 0.492
50.689 0.702
51.087 0.398
51.484 0.397
51.83 0.346
52.092 0.262
52.376 0.284
52.763 0.387
53.016 0.253
53.323 0.307
53.943 0.62
54.417 0.474
54.762 0.345
55.505 0.743
56.233 0.728
56.983 0.75
57.688 0.705
58.441 0.753
59.13 0.689
59.838 0.708
60.59 0.752
61.334 0.744
61.724 0.39
62.033 0.309
62.726 0.693
63.425 0.699
64.224 0.799
65.142 0.918
66.017 0.875
66.853 0.836
67.804 0.951
68.762 0.958
69.639 0.877
70.428 0.789
71.221 0.793
72.012 0.791
72.765 0.753
73.582 0.817
74.358 0.776
75.12 0.762
75.985 0.865
76.896 0.911
77.788 0.892
78.593 0.805
79.423 0.83
80.257 0.834
81.063 0.806
81.782 0.719
82.311 0.529
83.179 0.868
83.533 0.354
83.852 0.319
84.106 0.254
84.54 0.434
85.225 0.685
85.89 0.665
86.574 0.684
87.332 0.758
88.168 0.836
88.972 0.804
89.723 0.751
90.238 0.515
90.53 0.292
91.142 0.612
92.203 1.061
92.966 0.763
93.788 0.822
94.669 0.881
95.49 0.821
96.311 0.821
96.958 0.647
97.225 0.267
98.113 0.888
98.899 0.786
99.433 0.534
99.744 0.311
100.075 0.331
100.641 0.566
101.302 0.661
102.26 0.958
103.244 0.984
104.129 0.885
104.959 0.83
105.859 0.9
106.774 0.915
107.596 0.822
108.234 0.638
109.335 1.101
110.184 0.849
110.959 0.775
111.793 0.834
112.666 0.873
113.444 0.778
114.321 0.877
114.682 0.361
115.194 0.512
116.075 0.881
116.797 0.722
117.662 0.865
118.48 0.818
119.291 0.811
120.055 0.764
120.813 0.758
121.085 0.272
121.65 0.565
121.94 0.29
122.385 0.445
123.264 0.879
123.997 0.733
124.725 0.728
125.013 0.288
125.502 0.489
125.97 0.468
126.312 0.342
126.66 0.348
127.071 0.411
127.866 0.795
128.148 0.282
128.686 0.538
129.516 0.83
129.781 0.265
130.274 0.493
131.045 0.771
131.428 0.383
131.827 0.399
132.584 0.757
132.89 0.306
133.385 0.495
134.181 0.796
135.039 0.858
135.667 0.628
136.656 0.989
137.471 0.815
138.395 0.924
138.799 0.404
139.19 0.391
139.994 0.804
140.275 0.281
140.834 0.559
141.555 0.721
142.0 0.445
142.49 0.49
143.314 0.824
144.18 0.866
144.813 0.633
145.066 0.253
145.845 0.779
146.711 0.866
147.638 0.927
148.432 0.794
149.426 0.994
150.307 0.881
150.659 0.352
151.018 0.359
151.87 0.852
152.544 0.674
153.596 1.052
153.94 0.344
154.352 0.412
155.27 0.918
155.935 0.665
157.023 1.088
157.33 0.307
158.649 1.319
159.328 0.679
160.097 0.769
161.091 0.994
161.899 0.808
162.759 0.86
163.643 0.884
164.463 0.82
165.324 0.861
166.199 0.875
166.456 0.257
167.019 0.563
167.573 0.554
167.855 0.282
168.625 0.77
168.953 0.328
169.265 0.312
169.652 0.387
170.215 0.563
170.887 0.672
171.746 0.859
172.493 0.747
172.744 0.251
173.284 0.54
174.113 0.829
175.754 1.641
176.273 0.519
176.621 0.348
177.426 0.805
178.313 0.887
179.138 0.825
179.99 0.852
180.834 0.844
181.598 0.764
181.938 0.34
182.33 0.392
182.614 0.284
183.062 0.448
183.688 0.626
184.021 0.333
184.959 0.938
185.867 0.908
186.309 0.442
186.707 0.398
187.322 0.615
188.184 0.862
189.292 1.108
190.162 0.87
190.975 0.813
191.757 0.782
192.553 0.796
193.36 0.807
193.74 0.38
194.133 0.393
194.939 0.806
195.805 0.866
196.725 0.92
197.619 0.894
198.438 0.819
199.303 0.865
199.829 0.526
200.193 0.364
201.071 0.878
201.682 0.611
202.667 0.985
203.469 0.802
204.297 0.828
205.082 0.785
205.844 0.762
206.104 0.26
206.516 0.412
207.555 1.039
208.375 0.82
209.153 0.778
209.956 0.803
210.753 0.797
211.503 0.75
212.23 0.727
212.995 0.765
213.792 0.797
214.779 0.987
215.347 0.568
216.111 0.764
216.502 0.391
216.91 0.408
217.714 0.804
218.068 0.354
218.488 0.42
219.219 0.731
219.989 0.77
220.779 0.79
221.574 0.795
222.311 0.737
223.049 0.738
223.833 0.784
224.649 0.816
225.457 0.808
226.214 0.757
227.017 0.803
227.842 0.825
228.684 0.842
229.467 0.783
230.193 0.726
230.914 0.721
231.65 0.736
232.395 0.745
233.151 0.756
233.513 0.362
233.873 0.36
234.635 0.762
235.121 0.486
235.379 0.258
236.244 0.865
236.99 0.746
237.734 0.744
238.029 0.295
238.608 0.579
239.259 0.651
239.606 0.347
240.13 0.524
240.886 0.756
241.66 0.774
242.012 0.352
242.332 0.32
243.143 0.811
243.903 0.76
244.692 0.789
245.081 0.389
245.474 0.393
246.214 0.74
247.011 0.797
247.404 0.393
247.843 0.439
248.664 0.821
249.413 0.749
250.192 0.779
250.974 0.782
251.414 0.44
251.728 0.314
252.436 0.708
253.162 0.726
253.923 0.761
254.723 0.8
255.276 0.553
256.266 0.99
257.083 0.817
257.922 0.839
258.715 0.793
259.502 0.787
259.868 0.366
260.329 0.461
261.024 0.695
261.928 0.904
262.633 0.705
263.506 0.873
263.839 0.333
264.212 0.373
264.514 0.302
264.832 0.318
265.123 0.291
265.56 0.437
265.995 0.435
266.599 0.604
267.172 0.573
267.426 0.254
267.742 0.316
268.132 0.39
268.565 0.433
268.998 0.433
269.581 0.583
270.206 0.625
270.497 0.291
270.754 0.257
271.191 0.437
271.618 0.427
272.202 0.584
273.032 0.83
273.594 0.562
273.872 0.278
274.571 0.699
275.287 0.716
275.625 0.338
276.19 0.565
276.948 0.758
277.72 0.772
278.52 0.8
279.061 0.541
279.319 0.258
280.068 0.749
280.843 0.775
281.635 0.792
281.99 0.355
282.307 0.317
283.15 0.843
283.931 0.781
284.72 0.789
285.333 0.613
285.589 0.256
285.891 0.302
286.182 0.291
286.455 0.273
286.912 0.457
288.4 1.488
288.654 0.254
288.95 0.296
289.251 0.301
289.554 0.303
289.889 0.335
291.536 1.647
291.806 0.27
292.081 0.275
298.299 0.658
298.957 0.658
299.655 0.698
300.389 0.734
301.131 0.742
301.835 0.704
302.25 0.415
302.58 0.33
303.353 0.773
304.136 0.783
304.867 0.731
305.595 0.728
306.324 0.729
307.051 0.727
307.751 0.7
308.444 0.693
309.157 0.713
309.907 0.75
310.659 0.752
311.394 0.735
312.188 0.794
313.004 0.816
313.817 0.813
314.596 0.779
315.395 0.799
315.916 0.521
316.175 0.259
316.475 0.3
316.844 0.369
317.331 0.487
317.643 0.312
318.401 0.758
318.765 0.364
319.129 0.364
319.449 0.32
319.816 0.367
320.405 0.589
320.669 0.264
321.184 0.515
321.845 0.661
322.519 0.674
322.992 0.473
323.269 0.277
323.911 0.642
324.167 0.256
324.592 0.425
325.297 0.705
325.563 0.266
325.957 0.394
326.619 0.662
327.263 0.644
327.904 0.641
328.206 0.302
328.485 0.279
328.746 0.261
329.163 0.417
329.601 0.438
330.333 0.732
331.029 0.696
331.549 0.52
332.003 0.454
332.306 0.303
332.935 0.629
333.547 0.612
334.158 0.611
334.768 0.61
335.181 0.413
335.507 0.326
335.963 0.456
336.245 0.282
336.563 0.318
337.172 0.609
337.799 0.627
338.183 0.384
338.449 0.266
338.754 0.305
339.111 0.357
339.738 0.627
340.396 0.658
341.109 0.713
341.854 0.745
342.606 0.752
343.388 0.782
344.115 0.727
344.825 0.71
345.556 0.731
346.282 0.726
347.099 0.817
347.928 0.829
348.714 0.786
349.481 0.767
350.247 0.766
350.975 0.728
351.7 0.725
351.99 0.29
352.485 0.495
353.286 0.801
354.068 0.782
354.852 0.784
355.419 0.567
355.679 0.26
356.489 0.81
357.273 0.784
358.108 0.835
358.949 0.841
359.465 0.516
359.736 0.271
360.539 0.803
361.381 0.842
362.223 0.842
363.003 0.78
363.782 0.779
364.607 0.825
365.475 0.868
366.245 0.77
367.014 0.769
367.863 0.849
368.705 0.842
369.475 0.77
370.222 0.747
371.043 0.821
371.867 0.824
372.614 0.747
373.379 0.765
374.205 0.826
374.961 0.756
375.666 0.705
376.38 0.714
377.12 0.74
377.82 0.7
378.506 0.686
379.217 0.711
379.544 0.327
379.952 0.408
380.702 0.75
381.389 0.687
382.098 0.709
382.804 0.706
383.505 0.701
384.16 0.655
384.812 0.652
385.5 0.688
386.266 0.766
387.105 0.839
387.883 0.778
388.662 0.779
389.533 0.871
390.414 0.881
391.249 0.835
392.089 0.84
392.954 0.865
393.821 0.867
394.626 0.805
395.403 0.777
396.19 0.787
396.927 0.737
397.541 0.614
398.258 0.717
398.937 0.679
399.33 0.393
399.616 0.286
400.343 0.727
401.033 0.69
401.749 0.716
402.516 0.767
403.317 0.801
404.066 0.749
404.796 0.73
405.565 0.769
406.347 0.782
407.068 0.721
407.77 0.702
408.486 0.716
409.227 0.741
409.963 0.736
410.672 0.709
411.433 0.761
412.242 0.809
413.067 0.825
413.827 0.76
414.623 0.796
415.526 0.903
416.387 0.861
417.156 0.769
417.89 0.734
418.643 0.753
419.425 0.782
420.174 0.749
420.9 0.726
421.716 0.816
422.593 0.877
423.428 0.835
424.261 0.833
425.126 0.865
425.984 0.858
426.372 0.388
426.769 0.397
427.531 0.762
428.077 0.546
429.114 1.037
429.874 0.76
430.628 0.754
431.444 0.816
432.295 0.851
433.092 0.797
433.889 0.797
434.747 0.858
435.602 0.855
436.396 0.794
437.234 0.838
438.093 0.859
438.913 0.82
439.686 0.773
440.472 0.786
441.284 0.812
442.096 0.812
442.896 0.8
443.653 0.757
444.482 0.829
445.318 0.836
446.127 0.809
446.878 0.751
447.642 0.764
448.415 0.773
449.163 0.748
449.891 0.728
450.655 0.764
451.442 0.787
452.236 0.794
452.976 0.74
453.766 0.79
454.58 0.814
455.397 0.817
455.885 0.488
456.159 0.274
456.911 0.752
457.701 0.79
458.509 0.808
459.281 0.772
460.036 0.755
460.812 0.776
461.595 0.783
462.32 0.725
463.052 0.732
463.813 0.761
464.616 0.803
465.41 0.794
466.164 0.754
466.993 0.829
467.854 0.861
468.674 0.82
469.456 0.782
470.247 0.791
471.047 0.8
471.772 0.725
472.473 0.701
473.193 0.72
473.939 0.746
474.717 0.778
475.448 0.731
476.211 0.763
477.044 0.833
477.913 0.869
478.739 0.826
479.526 0.787
480.303 0.777
481.063 0.76
481.767 0.704
482.476 0.709
483.166 0.69
483.885 0.719
484.626 0.741
485.378 0.752
486.11 0.732
486.838 0.728
487.604 0.766
488.389 0.785
489.122 0.733
489.854 0.732
490.62 0.766
491.4 0.78
492.155 0.755
492.873 0.718
493.629 0.756
494.42 0.791
495.25 0.83
496.036 0.786
496.785 0.749
497.548 0.763
498.292 0.744
499.004 0.712
499.697 0.693
500.426 0.729
501.16 0.734
501.879 0.719
502.572 0.693
503.304 0.732
504.097 0.793
504.873 0.776
505.599 0.726
506.336 0.737
507.12 0.784
507.917 0.797
508.719 0.802
509.453 0.734
510.182 0.729
510.911 0.729
511.668 0.757
512.398 0.73
513.093 0.695
513.84 0.747
514.628 0.788
515.384 0.756
516.086 0.702
516.811 0.725
517.554 0.743
518.326 0.772
519.084 0.758
519.848 0.764
520.644 0.796
521.41 0.766
522.135 0.725
522.873 0.738
523.618 0.745
524.387 0.769
525.104 0.717
525.807 0.703
526.529 0.722
527.287 0.758
528.012 0.725
528.707 0.695
529.424 0.717
530.172 0.748
530.936 0.764
531.637 0.701
532.346 0.709
533.081 0.735
533.819 0.738
534.534 0.715
535.243 0.709
535.998 0.755
536.771 0.773
537.542 0.771
538.283 0.741
539.013 0.73
539.739 0.726
540.43 0.691
541.084 0.654
541.72 0.636
542.339 0.619
542.952 0.613
543.585 0.633
544.289 0.704
544.941 0.652
545.315 0.374
545.704 0.389
546.408 0.704
546.981 0.573
547.861 0.88
548.561 0.7
549.263 0.702
549.967 0.704
550.693 0.726
551.419 0.726
552.143 0.724
552.882 0.739
553.646 0.764
554.383 0.737
555.107 0.724
555.876 0.769
556.709 0.833
557.47 0.761
558.184 0.714
558.91 0.726
559.346 0.436
559.645 0.299
560.356 0.711
561.051 0.695
561.776 0.725
562.538 0.762
563.312 0.774
564.046 0.734
564.773 0.727
565.541 0.768
566.331 0.79
567.11 0.779
567.842 0.732
568.632 0.79
569.433 0.801
570.183 0.75
570.891 0.708
571.602 0.711
572.324 0.722
573.064 0.74
573.779 0.715
574.497 0.718
575.23 0.733
575.954 0.724
576.64 0.686
577.328 0.688
578.045 0.717
578.803 0.758
579.523 0.72
580.244 0.721
581.017 0.773
581.81 0.793
582.617 0.807
583.374 0.757
584.175 0.801
584.996 0.821
585.777 0.781
586.504 0.727
587.239 0.735
587.975 0.736
588.73 0.755
589.444 0.714
590.205 0.761
590.92 0.715
591.629 0.709
592.289 0.66
592.942 0.653
593.583 0.641
594.265 0.682
595.041 0.776
595.839 0.798
596.609 0.77
597.379 0.77
598.169 0.79
598.938 0.769
599.646 0.708
600.331 0.685
601.031 0.7
601.762 0.731
602.486 0.724
603.177 0.691
603.899 0.722
604.634 0.735
605.379 0.745
606.087 0.708
606.813 0.726
607.566 0.753
608.33 0.764
609.055 0.725
609.796 0.741
610.54 0.744
611.253 0.713
611.942 0.689
612.646 0.704
613.361 0.715
614.094 0.733
614.791 0.697
615.527 0.736
616.278 0.751
617.031 0.753
617.744 0.713
618.476 0.732
619.224 0.748
619.974 0.75
620.683 0.709
621.397 0.714
622.138 0.741
622.883 0.745
623.584 0.701
624.308 0.724
625.045 0.737
625.425 0.38
625.765 0.34
626.166 0.401
626.679 0.513
627.063 0.384
627.707 0.644
628.357 0.65
628.871 0.514
629.145 0.274
629.494 0.349
630.215 0.721
630.866 0.651
631.48 0.614
632.079 0.599
632.669 0.59
633.245 0.576
633.817 0.572
634.377 0.56
634.933 0.556
635.486 0.553
636.039 0.553
636.584 0.545
637.136 0.552
637.688 0.552
638.262 0.574
639.011 0.749
639.75 0.739
640.596 0.846
641.511 0.915
642.383 0.872
643.362 0.979
644.388 1.026
645.366 0.978
646.343 0.977
647.316 0.973
648.191 0.875
648.481 0.29
648.738 0.257
649.01 0.272
649.788 0.778
650.533 0.745
651.334 0.801
652.183 0.849
652.988 0.805
653.708 0.72
654.406 0.698
655.07 0.664
656.444 1.374
656.792 0.348
657.116 0.324
657.782 0.666
658.496 0.714
659.226 0.73
659.942 0.716
660.615 0.673
661.326 0.711
662.058 0.732
662.801 0.743
663.548 0.747
664.275 0.727
665.028 0.753
665.781 0.753
666.491 0.71
667.18 0.689
667.908 0.728
668.686 0.778
669.505 0.819
670.271 0.766
671.0 0.729
671.779 0.779
672.551 0.772
673.284 0.733
673.992 0.708
674.734 0.742
675.497 0.763
676.274 0.777
677.015 0.741
677.767 0.752
678.553 0.786
679.345 0.792
680.103 0.758
680.816 0.713
681.569 0.753
682.387 0.818
683.167 0.78
683.896 0.729
684.651 0.755
685.43 0.779
686.216 0.786
686.935 0.719
687.699 0.764
688.478 0.779
689.254 0.776
689.969 0.715
690.717 0.748
691.507 0.79
692.249 0.742
692.991 0.742
693.748 0.757
694.477 0.729
695.182 0.705
695.918 0.736
696.69 0.772
697.457 0.767
698.187 0.73
698.966 0.779
699.81 0.844
700.545 0.735
701.278 0.733
702.005 0.727
702.728 0.723
703.442 0.714
704.177 0.735
705.01 0.833
705.895 0.885
706.721 0.826
707.576 0.855
708.483 0.907
709.359 0.876
710.142 0.783
710.955 0.813
711.783 0.828
712.548 0.765
713.331 0.783
714.165 0.834
714.983 0.818
715.802 0.819
716.652 0.85
717.453 0.801
718.194 0.741
718.966 0.772
719.754 0.788
720.566 0.812
721.29 0.724
722.06 0.77
722.885 0.825
723.723 0.838
724.489 0.766
725.326 0.837
726.166 0.84
726.972 0.806
727.759 0.787
728.623 0.864
729.463 0.84
730.262 0.799
731.095 0.833
731.928 0.833
732.771 0.843
733.57 0.799
734.379 0.809
735.188 0.809
735.955 0.767
736.71 0.755
737.515 0.805
738.35 0.835
739.11 0.76
739.898 0.788
740.721 0.823
741.515 0.794
742.294 0.779
743.085 0.791
743.888 0.803
744.687 0.799
745.414 0.727
746.18 0.766
746.992 0.812
747.748 0.756
748.465 0.717
749.219 0.754
749.974 0.755
750.741 0.767
751.463 0.722
752.222 0.759
753.018 0.796
753.781 0.763
754.524 0.743
755.305 0.781
756.067 0.762
756.788 0.721
757.471 0.683
758.15 0.679
758.866 0.716
759.573 0.707
760.312 0.739
761.087 0.775
761.867 0.78
762.646 0.779
763.435 0.789
764.232 0.797
765.032 0.8
765.745 0.713
766.455 0.71
767.195 0.74
767.961 0.766
768.689 0.728
769.385 0.696
770.151 0.766
770.963 0.812
771.749 0.786
772.484 0.735
773.266 0.782
774.073 0.807
774.891 0.818
775.68 0.789
776.473 0.793
777.303 0.83
778.044 0.741
778.783 0.739
779.563 0.78
780.344 0.781
781.079 0.735
781.787 0.708
782.487 0.7
783.189 0.702
783.854 0.665
784.535 0.681
785.212 0.677
785.863 0.651
786.542 0.679
787.244 0.702
787.949 0.705
788.62 0.671
789.275 0.655
789.933 0.658
790.601 0.668
791.266 0.665
791.915 0.649
792.542 0.627
793.189 0.647
793.854 0.665
794.579 0.725
795.32 0.741
796.039 0.719
796.793 0.754
797.57 0.777
798.377 0.807
799.161 0.784
799.926 0.765
800.704 0.778
801.469 0.765
802.206 0.737
802.966 0.76
803.727 0.761
804.488 0.761
805.215 0.727
805.94 0.725
806.7 0.76
807.473 0.773
808.212 0.739
808.955 0.743
809.726 0.771
810.509 0.783
811.272 0.763
811.979 0.707
812.719 0.74
813.493 0.774
814.26 0.767
815.001 0.741
815.769 0.768
816.55 0.781
817.345 0.795
818.077 0.732
818.848 0.771
819.658 0.81
820.46 0.802
821.233 0.773
822.067 0.834
822.913 0.846
823.727 0.814
824.567 0.84
825.454 0.887
826.292 0.838
827.166 0.874
828.068 0.902
828.946 0.878
829.856 0.91
830.762 0.906
831.584 0.822
832.419 0.835
833.299 0.88
834.208 0.909
835.039 0.831
835.889 0.85
836.759 0.87
837.626 0.867
838.46 0.834
839.288 0.828
840.118 0.83
840.929 0.811
841.701 0.772
842.508 0.807
843.329 0.821
844.085 0.756
844.855 0.77
845.645 0.79
846.4 0.755
847.139 0.739
847.924 0.785
848.696 0.772
849.467 0.771
850.205 0.738
850.999 0.794
851.811 0.812
852.558 0.747
853.298 0.74
854.075 0.777
854.833 0.758
855.552 0.719
856.291 0.739
857.078 0.787
857.881 0.803
858.632 0.751
859.39 0.758
860.2 0.81
861.002 0.802
861.746 0.744
862.492 0.746
863.246 0.754
864.011 0.765
864.742 0.731
865.471 0.729
866.267 0.796
867.078 0.811
867.831 0.753
868.602 0.771
869.372 0.77
870.143 0.771
870.883 0.74
871.627 0.744
872.412 0.785
873.193 0.781
873.936 0.743
874.696 0.76
875.425 0.729
876.162 0.737
876.834 0.672
877.49 0.656
878.114 0.624
878.745 0.631
879.441 0.696
880.151 0.71
880.823 0.672
881.501 0.678
882.224 0.723
882.989 0.765
883.714 0.725
884.437 0.723
884.694 0.257
885.15 0.456
885.546 0.396
885.846 0.3
886.124 0.278
886.507 0.383
887.173 0.666
887.83 0.657
888.481 0.651
889.121 0.64
889.745 0.624
890.362 0.617
890.983 0.621
891.597 0.614
892.202 0.605
892.812 0.61
893.426 0.614
894.028 0.602
894.631 0.603
895.249 0.618
895.917 0.668
896.65 0.733
897.403 0.753
897.74 0.337
898.132 0.392
898.87 0.738
899.208 0.338
899.603 0.395
900.327 0.724
901.012 0.685
901.697 0.685
902.396 0.699
903.11 0.714
903.78 0.67
904.176 0.396
904.461 0.285
905.138 0.677
905.805 0.667
906.449 0.644
907.092 0.643
907.762 0.67
908.482 0.72
909.202 0.72
909.912 0.71
910.669 0.757
911.441 0.772
912.17 0.729
912.909 0.739
913.61 0.701
914.316 0.706
914.978 0.662
915.648 0.67
916.182 0.534
917.03 0.848
917.998 0.968
918.778 0.78
919.602 0.824
920.412 0.81
921.169 0.757
921.904 0.735
922.663 0.759
923.448 0.785
924.216 0.768
924.959 0.743
925.77 0.811
926.653 0.883
927.522 0.869
928.313 0.791
929.106 0.793
929.912 0.806
930.737 0.825
931.528 0.791
932.266 0.738
933.038 0.772
933.872 0.834
934.742 0.87
935.56 0.818
936.38 0.82
937.238 0.858
938.098 0.86
938.886 0.788
939.712 0.826
940.571 0.859
941.383 0.812
942.131 0.748
942.938 0.807
943.787 0.849
944.606 0.819
945.44 0.834
946.359 0.919
947.226 0.867
948.026 0.8
948.897 0.871
949.805 0.908
950.664 0.859
951.434 0.77
952.206 0.772
952.994 0.788
953.812 0.818
954.598 0.786
955.413 0.815
956.295 0.882
957.179 0.884
958.009 0.83
958.852 0.843
959.722 0.87
960.566 0.844
961.349 0.783
962.138 0.789
962.94 0.802
963.753 0.813
964.528 0.775
965.352 0.824
966.235 0.883
967.11 0.875
967.964 0.854
968.858 0.894
969.759 0.901
970.597 0.838
971.425 0.828
972.269 0.844
973.106 0.837
973.903 0.797
974.726 0.823
975.608 0.882
976.455 0.847
977.26 0.805
978.135 0.875
979.03 0.895
979.848 0.818
980.647 0.799
981.475 0.828
982.34 0.865
983.163 0.823
984.03 0.867
984.906 0.876
985.759 0.853
986.594 0.835
987.374 0.78
988.168 0.794
989.013 0.845
989.902 0.889
990.771 0.869
991.579 0.808
992.454 0.875
993.324 0.87
994.132 0.808
994.945 0.813
995.752 0.807
996.512 0.76
997.261 0.749
997.97 0.709
998.698 0.728
999.433 0.735
1000.166 0.733
1000.866 0.7
1001.593 0.727
1002.363 0.77
1003.141 0.778
1003.874 0.733
1004.645 0.771
1005.453 0.808
1006.253 0.8
1007.02 0.767
1007.831 0.811
1008.664 0.833
1009.458 0.794
1010.223 0.765
1011.02 0.797
1011.844 0.824
1012.644 0.8
1013.409 0.765
1014.232 0.823
1015.076 0.844
1015.891 0.815
1016.677 0.786
1017.51 0.833
1018.353 0.843
1019.133 0.78
1019.931 0.798
1020.733 0.802
1021.566 0.833
1022.344 0.778
1023.102 0.758
1023.902 0.8
1024.703 0.801
1025.459 0.756
1026.207 0.748
1026.995 0.788
1027.807 0.812
1028.583 0.776
1029.343 0.76
1030.157 0.814
1030.993 0.836
1031.79 0.797
1032.569 0.779
1033.37 0.801
1034.176 0.806
1034.938 0.762
1035.673 0.735
1036.422 0.749
1037.168 0.746
1037.871 0.703
1038.596 0.725
1039.333 0.737
1040.102 0.769
1040.821 0.719
1041.512 0.691
1042.214 0.702
1042.954 0.74
1043.686 0.732
1044.402 0.716
1045.128 0.726
1045.842 0.714
1046.54 0.698
1047.208 0.668
1047.874 0.666
1048.558 0.684
1049.257 0.699
1049.948 0.691
1050.648 0.7
1051.391 0.743
1052.152 0.761
1052.488 0.336
1052.879 0.391
1053.577 0.698
1053.919 0.342
1054.274 0.355
1054.961 0.687
1055.64 0.679
1056.363 0.723
1057.104 0.741
1057.866 0.762
1058.273 0.407
1058.565 0.292
1059.245 0.68
1059.556 0.311
1059.997 0.441
1060.471 0.474
1060.82 0.349
1061.615 0.795
1062.391 0.776
1063.137 0.746
1063.854 0.717
1064.566 0.712
1065.241 0.675
1065.898 0.657
1066.533 0.635
1067.163 0.63
1067.787 0.624
1068.439 0.652
1069.165 0.726
1069.912 0.747
1070.649 0.737
1070.927 0.278
1071.48 0.553
1072.365 0.885
1073.242 0.877
1074.024 0.782
1074.493 0.469
1074.804 0.311
1075.528 0.724
1076.251 0.723
1076.97 0.719
1077.639 0.669
1078.306 0.667
1078.597 0.291
1078.875 0.278
1079.126 0.251
1079.555 0.429
1079.984 0.429
1080.258 0.274
1080.535 0.277
1080.841 0.306
1081.63 0.789
1081.907 0.277
1082.307 0.4
1082.909 0.602
1083.216 0.307
1083.555 0.339
1084.056 0.501
1084.435 0.379
1084.872 0.437
1085.519 0.647
1086.179 0.66
1086.866 0.687
1087.153 0.287
1087.602 0.449
1088.345 0.743
1088.763 0.418
1089.055 0.292
1089.792 0.737
1090.326 0.534
1091.335 1.009
1092.119 0.784
1092.915 0.796
1093.717 0.802
1094.073 0.356
1094.339 0.266
1094.876 0.537
1095.207 0.331
1095.909 0.702
1096.623 0.714
1097.377 0.754
1097.671 0.294
1098.228 0.557
1098.614 0.386
1099.14 0.526
1100.089 0.949
1101.033 0.944
1102.005 0.972
1102.975 0.97
1103.932 0.957
1104.846 0.914
1105.135 0.289
1105.752 0.617
1106.661 0.909
1107.326 0.665
1107.653 0.327
1108.346 0.693
1108.668 0.322
1109.12 0.452
1109.866 0.746
1110.593 0.727
1110.931 0.338
1111.238 0.307
1111.939 0.701
1112.572 0.633
1113.198 0.626
1113.57 0.372
1113.834 0.264
1114.546 0.712
1115.339 0.793
1116.172 0.833
1117.06 0.888
1117.38 0.32
1117.972 0.592
1118.619 0.647
1118.891 0.272
1119.797 0.906
1120.653 0.856
1121.448 0.795
1122.175 0.727
1122.843 0.668
1123.481 0.638
1124.116 0.635
1124.775 0.659
1125.511 0.736
1126.239 0.728
1126.939 0.7
1127.617 0.678
1128.333 0.716
1129.002 0.669
1129.658 0.656
1130.339 0.681
1131.049 0.71
1131.767 0.718
1132.439 0.672
1133.132 0.693
1133.845 0.713
1134.591 0.746
1135.318 0.727
1136.043 0.725
1136.798 0.755
1137.561 0.763
1138.307 0.746
1139.016 0.709
1139.774 0.758
1140.551 0.777
1141.326 0.775
1142.044 0.718
1142.8 0.756
1143.558 0.758
1144.315 0.757
1145.051 0.736
1145.763 0.712
1146.533 0.77
1147.322 0.789
1148.128 0.806
1148.896 0.768
1149.62 0.724
1150.357 0.737
1151.109 0.752
1151.863 0.754
1152.599 0.736
1153.301 0.702
1153.996 0.695
1154.697 0.701
1155.433 0.736
1156.276 0.843
1157.138 0.862
1157.986 0.848
1158.773 0.787
1159.539 0.766
1160.299 0.76
1161.05 0.751
1161.785 0.735
1162.47 0.685
1163.13 0.66
1163.789 0.659
1164.454 0.665
1165.162 0.708
1165.958 0.796
1166.752 0.794
1167.559 0.807
1168.338 0.779
1169.075 0.737
1169.837 0.762
1170.584 0.747
1171.323 0.739
1172.035 0.712
1172.736 0.701
1173.447 0.711
1174.218 0.771
1174.97 0.752
1175.68 0.71
1176.401 0.721
1177.122 0.721
1177.848 0.726
1178.536 0.688
1179.235 0.699
1179.951 0.716
1180.7 0.749
1182.19 1.49
1182.955 0.765
1183.73 0.775
1184.496 0.766
1185.232 0.736
1185.921 0.689
1186.594 0.673
1187.271 0.677
1187.983 0.712
1188.708 0.725
1189.537 0.829
1190.295 0.758
1191.045 0.75
1191.818 0.773
1192.59 0.772
1193.315 0.725
1194.049 0.734
1194.785 0.736
1195.511 0.726
1196.208 0.697
1196.877 0.669
1197.544 0.667
1198.211 0.667
1198.898 0.687
1199.595 0.697
1200.267 0.672
1200.935 0.668
1201.626 0.691
1202.331 0.705
1203.107 0.776
1203.937 0.83
1204.778 0.841
1205.59 0.812
1206.339 0.749
1207.06 0.721
1207.78 0.72
1208.489 0.709
1209.172 0.683
1209.826 0.654
1210.489 0.663
1211.179 0.69
1211.898 0.719
1212.611 0.713
1213.324 0.713
1214.084 0.76
1214.871 0.787
1215.646 0.775
1216.378 0.732
1217.102 0.724
1217.852 0.75
1218.639 0.787
1219.444 0.805
1220.223 0.779
1220.937 0.714
1221.616 0.679
1222.286 0.67
1222.99 0.704
1223.78 0.79
1224.642 0.862
1225.315 0.673
1226.367 1.052
1227.82 1.453
1228.502 0.682
1229.184 0.682
1229.87 0.686
1230.565 0.695
1231.249 0.684
1231.939 0.69
1232.682 0.743
1233.401 0.719
1234.118 0.717
1234.749 0.631
1235.656 0.907
1236.47 0.814
1237.236 0.766
1237.97 0.734
1238.696 0.726
1239.431 0.735
1240.178 0.747
1240.929 0.751
1241.678 0.749
1242.392 0.714
1243.139 0.747
1243.89 0.751
1244.649 0.759
1245.37 0.721
1246.076 0.706
1246.785 0.709
1247.5 0.715
1248.223 0.723
1248.857 0.634
1249.619 0.762
1250.32 0.701
1251.026 0.706
1251.746 0.72
1252.446 0.7
1252.713 0.267
1253.118 0.405
1253.8 0.682
1254.511 0.711
1255.253 0.742
1256.076 0.823
1256.956 0.88
1257.833 0.877
1258.685 0.852
1259.486 0.801
1260.221 0.735
1260.897 0.676
1261.542 0.645
1262.178 0.636
1262.819 0.641
1263.469 0.65
1264.11 0.641
1264.743 0.633
1265.389 0.646
1266.048 0.659
1266.696 0.648
1267.355 0.659
1268.013 0.658
1268.651 0.638
1269.286 0.635
1269.933 0.647
1270.635 0.702
1271.381 0.746
1272.128 0.747
1272.849 0.721
1273.617 0.768
1274.4 0.783
1275.165 0.765
1275.879 0.714
1276.594 0.715
1277.318 0.724
1278.048 0.73
1278.77 0.722
1279.505 0.735
1280.269 0.764
1281.053 0.784
1281.8 0.747
1282.564 0.764
1283.338 0.774
1284.11 0.772
1284.839 0.729
1285.543 0.704
1286.268 0.725
1286.996 0.728
1287.729 0.733
1288.433 0.704
1289.145 0.712
1289.877 0.732
1290.628 0.751
1291.352 0.724
1292.034 0.682
1292.7 0.666
1293.367 0.667
1294.066 0.699
1294.85 0.784
1295.628 0.778
1296.416 0.788
1297.284 0.868
1298.158 0.874
1298.809 0.651
1299.825 1.016
1300.568 0.743
1301.273 0.705
1301.954 0.681
1302.638 0.684
1303.325 0.687
1304.022 0.697
1304.707 0.685
1305.36 0.653
1306.003 0.643
1306.67 0.667
1307.35 0.68
1308.044 0.694
1308.723 0.679
1309.42 0.697
1310.13 0.71
1310.87 0.74
1311.582 0.712
1312.288 0.706
1313.005 0.717
1313.747 0.742
1314.245 0.498
1315.157 0.912
1315.858 0.701
1316.566 0.708
1317.287 0.721
1318.012 0.725
1318.724 0.712
1319.459 0.735
1320.223 0.764
1320.977 0.754
1321.685 0.708
1322.389 0.704
1323.085 0.696
1323.774 0.689
1324.448 0.674
1325.107 0.659
1325.789 0.682
1326.507 0.718
1327.225 0.718
1327.943 0.718
1328.702 0.759
1329.484 0.782
1330.248 0.764
1330.954 0.706
1331.686 0.732
1332.406 0.72
1333.111 0.705
1333.783 0.672
1334.443 0.66
1335.103 0.66
1335.765 0.662
1336.421 0.656
1337.065 0.644
1337.733 0.668
1338.432 0.699
1339.153 0.721
1339.881 0.728
1340.595 0.714
1341.329 0.734
1342.06 0.731
1342.768 0.708
1343.445 0.677
1344.118 0.673
1344.793 0.675
1345.453 0.66
1346.098 0.645
1346.729 0.631
1347.332 0.603
1347.917 0.585
1348.503 0.586
1349.089 0.586
1349.69 0.601
1350.304 0.614
1350.917 0.613
1351.564 0.647
1352.253 0.689
1352.989 0.736
1353.705 0.716
1354.405 0.7
1355.104 0.699
1355.831 0.727
1356.604 0.773
1357.422 0.818
1358.26 0.838
1359.036 0.776
1359.806 0.77
1360.567 0.761
1361.289 0.722
1361.963 0.674
1362.633 0.67
1363.298 0.665
1363.948 0.65
1364.575 0.627
1365.208 0.633
1365.878 0.67
1366.593 0.715
1367.274 0.681
1367.579 0.305
1367.939 0.36
1368.616 0.677
1369.309 0.693
1369.569 0.26
1370.005 0.436
1370.673 0.668
1371.012 0.339
1371.334 0.322
1371.923 0.589
1372.624 0.701
1372.903 0.279
1373.244 0.341
1373.864 0.62
1374.479 0.615
1374.794 0.315
1375.094 0.3
1375.642 0.548
1376.038 0.396
1376.378 0.34
1376.692 0.314
1377.462 0.77
1378.046 0.584
1378.522 0.476
1379.016 0.494
1379.323 0.307
1380.921 1.598
1381.196 0.275
1381.63 0.434
1382.154 0.524
1382.432 0.278
1382.822 0.39
1383.309 0.487
1383.577 0.268
1384.189 0.612
1384.542 0.353
1384.97 0.428