0.000 0.769
0.769 0.769
7.997 0.998
8.956 0.959
9.886 0.93
10.762 0.876
11.683 0.921
12.578 0.895
13.387 0.809
14.13 0.743
14.856 0.726
15.608 0.752
16.41 0.802
17.22 0.81
17.963 0.743
18.735 0.772
19.537 0.802
20.358 0.821
21.197 0.839
22.04 0.843
22.897 0.857
23.637 0.74
24.343 0.706
25.114 0.771
26.001 0.887
26.896 0.895
27.721 0.825
28.518 0.797
29.41 0.892
30.319 0.909
31.115 0.796
31.843 0.728
32.595 0.752
33.41 0.815
34.294 0.884
35.214 0.92
36.131 0.917
36.958 0.827
37.718 0.76
38.443 0.725
39.214 0.771
40.176 0.962
41.176 1.0
42.186 1.01
43.173 0.987
44.094 0.921
44.959 0.865
45.754 0.795
46.496 0.742
47.208 0.712
47.94 0.732
48.64 0.7
49.36 0.72
50.187 0.827
51.066 0.879
51.969 0.903
52.767 0.798
53.618 0.851
54.547 0.929
55.482 0.935
56.428 0.946
57.221 0.793
57.949 0.728
58.64 0.691
59.496 0.856
60.501 1.005
61.509 1.008
62.502 0.993
63.487 0.985
64.489 1.002
65.475 0.986
66.443 0.968
67.387 0.944
68.226 0.839
68.982 0.756
69.758 0.776
70.622 0.864
71.532 0.91
72.462 0.93
73.385 0.923
74.208 0.823
74.99 0.782
75.811 0.821
76.756 0.945
77.72 0.964
78.709 0.989
79.711 1.002
80.673 0.962
81.53 0.857
82.369 0.839
83.22 0.851
84.085 0.865
84.948 0.863
85.809 0.861
86.65 0.841
87.407 0.757
88.127 0.72
88.835 0.708
89.612 0.777
90.592 0.98
91.569 0.977
92.556 0.987
93.564 1.008
94.553 0.989
95.531 0.978
96.479 0.948
97.296 0.817
98.134 0.838
98.975 0.841
99.817 0.842
100.694 0.877
101.587 0.893
102.411 0.824
103.176 0.765
103.916 0.74
104.664 0.748
105.696 1.032
106.701 1.005
107.712 1.011
108.723 1.011
109.712 0.989
110.682 0.97
111.626 0.944
112.541 0.915
113.353 0.812
114.188 0.835
115.034 0.846
115.917 0.883
116.82 0.903
117.74 0.92
118.674 0.934
119.556 0.882
120.375 0.819
121.234 0.859
122.11 0.876
122.998 0.888
123.888 0.89
124.689 0.801
125.514 0.825
126.415 0.901
127.343 0.928
128.236 0.893
129.004 0.768
129.737 0.733
130.466 0.729
131.44 0.974
132.369 0.929
133.303 0.934
134.244 0.941
135.168 0.924
136.063 0.895
136.921 0.858
137.745 0.824
138.561 0.816
139.359 0.798
140.158 0.799
140.937 0.779
141.66 0.723
142.37 0.71
143.12 0.75
143.925 0.805
144.771 0.846
145.644 0.873
146.519 0.875
147.319 0.8
148.091 0.772
148.912 0.821
149.778 0.866
150.679 0.901
151.592 0.913
152.504 0.912
153.376 0.872
154.173 0.797
154.961 0.788
155.769 0.808
156.586 0.817
157.339 0.753
158.072 0.733
158.838 0.766
159.906 1.068
160.912 1.006
161.912 1.0
162.869 0.957
163.802 0.933
164.651 0.849
165.412 0.761
166.194 0.782
166.998 0.804
167.843 0.845
168.71 0.867
169.56 0.85
170.326 0.766
171.066 0.74
171.805 0.739
172.782 0.977
173.757 0.975
174.719 0.962
175.684 0.965
176.64 0.956
177.559 0.919
178.44 0.881
179.293 0.853
180.121 0.828
180.934 0.813
181.738 0.804
182.542 0.804
183.358 0.816
184.105 0.747
184.911 0.806
185.747 0.836
186.613 0.866
187.492 0.879
188.33 0.838
189.08 0.75
189.805 0.725
190.544 0.739
191.764 1.22
192.803 1.039
193.829 1.026
194.825 0.996
195.806 0.981
196.764 0.958
197.674 0.91
198.533 0.859
199.368 0.835
200.199 0.831
200.962 0.763
201.744 0.782
202.551 0.807
203.399 0.848
204.268 0.869
205.04 0.772
205.776 0.736
206.504 0.728
207.367 0.863
208.321 0.954
209.313 0.992
210.292 0.979
211.241 0.949
212.184 0.943
213.1 0.916
213.988 0.888
214.856 0.868
215.698 0.842
216.474 0.776
217.257 0.783
218.057 0.8
218.848 0.791
219.604 0.756
220.344 0.74
221.122 0.778
221.959 0.837
222.827 0.868
223.633 0.806
224.46 0.827
225.31 0.85
226.091 0.781
226.835 0.744
227.576 0.741
228.621 1.045
229.589 0.968
230.585 0.996
231.58 0.995
232.556 0.976
233.519 0.963
234.459 0.94
235.361 0.902
236.227 0.866
237.067 0.84
237.877 0.81
238.611 0.734
239.365 0.754
240.143 0.778
240.975 0.832
241.848 0.873
242.73 0.882
243.538 0.808
244.402 0.864
245.29 0.888
246.181 0.891
247.069 0.888
247.939 0.87
248.721 0.782
249.462 0.741
250.193 0.731
251.137 0.944
252.11 0.973
253.097 0.987
254.086 0.989
255.066 0.98
256.012 0.946
256.935 0.923
257.819 0.884
258.671 0.852
259.496 0.825
260.293 0.797
261.024 0.731
261.788 0.764
262.573 0.785
263.382 0.809
264.213 0.831
264.987 0.774
265.734 0.747
266.462 0.728
267.265 0.803
268.272 1.007
269.242 0.97
270.208 0.966
271.177 0.969
272.132 0.955
273.077 0.945
273.98 0.903
274.868 0.888
275.686 0.818
276.452 0.766
277.236 0.784
278.042 0.806
278.866 0.824
279.704 0.838
280.495 0.791
281.243 0.748
281.981 0.738
282.782 0.801
283.746 0.964
284.75 1.004
285.746 0.996
286.725 0.979
287.696 0.971
288.655 0.959
289.588 0.933
290.436 0.848
291.267 0.831
292.081 0.814
292.902 0.821
293.725 0.823
294.539 0.814
295.292 0.753
296.007 0.715
296.701 0.694
297.376 0.675
298.046 0.67
298.723 0.677
299.47 0.747
300.34 0.87
301.224 0.884
302.15 0.926
303.089 0.939
304.048 0.959
305.009 0.961
305.958 0.949
306.884 0.926
307.768 0.884
308.574 0.806
309.313 0.739
310.023 0.71
310.726 0.703
311.422 0.696
312.126 0.704
312.855 0.729
313.607 0.752
314.316 0.709
315.069 0.753
315.822 0.753
316.603 0.781
317.314 0.711
318.028 0.714
318.598 0.57
319.126 0.528
319.497 0.371
320.231 0.734
320.966 0.735
321.688 0.722
322.366 0.678
323.041 0.675
323.403 0.362
323.717 0.314
324.389 0.672
325.07 0.681
325.759 0.689
326.422 0.663
327.112 0.69
327.81 0.698
328.514 0.704
329.12 0.606
329.89 0.77
330.571 0.681
331.227 0.656
331.876 0.649
332.504 0.628
333.141 0.637
333.765 0.624
334.388 0.623
334.987 0.599
335.583 0.596
336.171 0.588
336.757 0.586
337.343 0.586
337.612 0.269
337.912 0.3
338.475 0.563
339.043 0.568
339.609 0.566
340.189 0.58
340.79 0.601
341.391 0.601
341.977 0.586
342.568 0.591
343.175 0.607
343.829 0.654
344.556 0.727
345.243 0.687
345.982 0.739
346.699 0.717
347.381 0.682
348.083 0.702
348.803 0.72
349.584 0.781
350.313 0.729
351.038 0.725
351.804 0.766
352.072 0.268
352.528 0.456
353.277 0.749
353.968 0.691
354.64 0.672
355.323 0.683
355.977 0.654
356.638 0.661
357.314 0.676
358.006 0.692
358.688 0.682
359.34 0.652
360.014 0.674
360.712 0.698
361.444 0.732
362.139 0.695
362.857 0.718
363.656 0.799
364.499 0.843
365.356 0.857
366.114 0.758
366.843 0.729
367.642 0.799
368.491 0.849
369.369 0.878
370.27 0.901
371.171 0.901
372.038 0.867
372.864 0.826
373.665 0.801
374.469 0.804
375.304 0.835
376.144 0.84
376.926 0.782
377.703 0.777
378.516 0.813
379.344 0.828
380.194 0.85
381.025 0.831
381.767 0.742
382.547 0.78
383.392 0.845
384.228 0.836
385.003 0.775
385.761 0.758
386.563 0.802
387.371 0.808
388.226 0.855
389.052 0.826
389.793 0.741
390.543 0.75
391.31 0.767
392.114 0.804
392.847 0.733
393.557 0.71
394.248 0.691
395.02 0.772
395.97 0.95
396.875 0.905
397.775 0.9
398.657 0.882
399.532 0.875
400.354 0.822
401.12 0.766
401.877 0.757
402.663 0.786
403.477 0.814
404.339 0.862
405.206 0.867
406.067 0.861
406.87 0.803
407.717 0.847
408.574 0.857
409.412 0.838
410.255 0.843
411.084 0.829
411.855 0.771
412.658 0.803
413.464 0.806
414.292 0.828
415.157 0.865
415.935 0.778
416.741 0.806
417.583 0.842
418.459 0.876
419.285 0.826
420.079 0.794
420.914 0.835
421.77 0.856
422.657 0.887
423.497 0.84
424.318 0.821
425.171 0.853
426.059 0.888
426.862 0.803
427.629 0.767
428.441 0.812
429.27 0.829
430.061 0.791
430.826 0.765
431.647 0.821
432.52 0.873
433.359 0.839
434.13 0.771
434.935 0.805
435.767 0.832
436.601 0.834
437.38 0.779
438.193 0.813
439.013 0.82
439.832 0.819
440.595 0.763
441.316 0.721
442.019 0.703
442.772 0.753
443.638 0.866
444.555 0.917
445.475 0.92
446.397 0.922
447.332 0.935
448.179 0.847
449.048 0.869
449.921 0.873
450.785 0.864
451.655 0.87
452.476 0.821
453.275 0.799
454.132 0.857
454.972 0.84
455.729 0.757
456.47 0.741
457.251 0.781
458.175 0.924
459.096 0.921
460.048 0.952
460.983 0.935
461.922 0.939
462.838 0.916
463.745 0.907
464.639 0.894
465.507 0.868
466.275 0.768
467.026 0.751
467.823 0.797
468.643 0.82
469.503 0.86
470.392 0.889
471.234 0.842
472.104 0.87
473.048 0.944
474.009 0.961
474.964 0.955
475.86 0.896
476.749 0.889
477.641 0.892
478.538 0.897
479.454 0.916
480.286 0.832
481.051 0.765
481.791 0.74
482.549 0.758
483.545 0.996
484.492 0.947
485.439 0.947
486.395 0.956
487.352 0.957
488.211 0.859
489.016 0.805
489.83 0.814
490.649 0.819
491.483 0.834
492.34 0.857
493.211 0.871
494.058 0.847
494.883 0.825
495.733 0.85
496.592 0.859
497.457 0.865
498.313 0.856
499.133 0.82
499.914 0.781
500.725 0.811
501.538 0.813
502.333 0.795
503.07 0.737
503.818 0.748
504.569 0.751
505.345 0.776
506.072 0.727
506.812 0.74
507.61 0.798
508.413 0.803
509.243 0.83
510.005 0.762
510.756 0.751
511.526 0.77
512.312 0.786
513.139 0.827
513.898 0.759
514.644 0.746
515.42 0.776
516.207 0.787
516.978 0.771
517.709 0.731
518.446 0.737
519.261 0.815
520.102 0.841
520.975 0.873
521.852 0.877
522.74 0.888
523.539 0.799
524.351 0.812
525.158 0.807
526.025 0.867
526.921 0.896
527.789 0.868
528.579 0.79
529.397 0.818
530.237 0.84
531.108 0.871
531.973 0.865
532.737 0.764
533.463 0.726
534.175 0.712
535.001 0.826
535.993 0.992
536.94 0.947
537.911 0.971
538.873 0.962
539.807 0.934
540.696 0.889
541.572 0.876
542.338 0.766
543.135 0.797
543.931 0.796
544.767 0.836
545.634 0.867
546.522 0.888
547.415 0.893
548.251 0.836
549.064 0.813
549.892 0.828
550.75 0.858
551.622 0.872
552.482 0.86
553.275 0.793
554.088 0.813
554.931 0.843
555.766 0.835
556.564 0.798
557.316 0.752
558.055 0.739
558.814 0.759
559.591 0.777
560.392 0.801
561.152 0.76
561.974 0.822
562.803 0.829
563.667 0.864
564.552 0.885
565.339 0.787
566.118 0.779
566.885 0.767
567.651 0.766
568.36 0.709
569.101 0.741
569.885 0.784
570.677 0.792
571.444 0.767
572.213 0.769
573.031 0.818
573.875 0.844
574.732 0.857
575.496 0.764
576.293 0.797
577.125 0.832
577.963 0.838
578.752 0.789
579.524 0.772
580.289 0.765
581.083 0.794
581.867 0.784
582.617 0.75
583.402 0.785
584.227 0.825
585.089 0.862
585.896 0.807
586.696 0.8
587.521 0.825
588.356 0.835
589.14 0.784
589.899 0.759
590.682 0.783
591.509 0.827
592.333 0.824
593.088 0.755
593.857 0.769
594.629 0.772
595.431 0.802
596.262 0.831
597.023 0.761
597.857 0.834
598.686 0.829
599.539 0.853
600.339 0.8
601.152 0.813
601.99 0.838
602.842 0.852
603.656 0.814
604.448 0.792
605.277 0.829
606.116 0.839
606.968 0.852
607.758 0.79
608.527 0.769
609.336 0.809
610.142 0.806
610.998 0.856
611.752 0.754
612.504 0.752
613.244 0.74
613.968 0.724
614.658 0.69
615.351 0.693
616.098 0.747
616.814 0.716
617.535 0.721
618.304 0.769
619.137 0.833
620.009 0.872
620.827 0.818
621.659 0.832
622.53 0.871
623.406 0.876
624.217 0.811
624.973 0.756
625.771 0.798
626.59 0.819
627.465 0.875
628.261 0.796
629.052 0.791
629.898 0.846
630.781 0.883
631.639 0.858
632.46 0.821
633.319 0.859
634.199 0.88
635.088 0.889
635.915 0.827
636.714 0.799
637.54 0.826
638.391 0.851
639.195 0.804
639.994 0.799
640.828 0.834
641.624 0.796
642.381 0.757
643.119 0.738
643.993 0.874
645.023 1.03
646.047 1.024
647.045 0.998
647.99 0.945
648.939 0.949
649.832 0.893
650.62 0.788
651.432 0.812
652.262 0.83
653.08 0.818
653.849 0.769
654.596 0.747
655.374 0.778
656.169 0.795
656.943 0.774
657.695 0.752
658.388 0.693
659.101 0.713
659.839 0.738
660.618 0.779
661.417 0.799
662.192 0.775
662.99 0.798
663.803 0.813
664.654 0.851
665.528 0.874
666.408 0.88
667.192 0.784
668.003 0.811
668.836 0.833
669.712 0.876
670.589 0.877
671.418 0.829
672.315 0.897
673.196 0.881
673.986 0.79
674.784 0.798
675.577 0.793
676.361 0.784
677.16 0.799
677.915 0.755
678.681 0.766
679.44 0.759
680.198 0.758
680.953 0.755
681.653 0.7
682.35 0.697
683.065 0.715
683.847 0.782
684.661 0.814
685.439 0.778
686.198 0.759
686.98 0.782
687.775 0.795
688.567 0.792
689.293 0.726
690.065 0.772
690.878 0.813
691.721 0.843
692.495 0.774
693.305 0.81
694.143 0.838
694.998 0.855
695.863 0.865
696.644 0.781
697.484 0.84
698.322 0.838
699.174 0.852
699.948 0.774
700.745 0.797
701.583 0.838
702.454 0.871
703.345 0.891
704.122 0.777
704.864 0.742
705.604 0.74
706.666 1.062
707.673 1.007
708.661 0.988
709.642 0.981
710.613 0.971
711.51 0.897
712.274 0.764
713.025 0.751
713.767 0.742
714.557 0.79
715.374 0.817
716.225 0.851
717.011 0.786
717.879 0.868
718.796 0.917
719.708 0.912
720.599 0.891
721.485 0.886
722.305 0.82
723.129 0.824
723.94 0.811
724.737 0.797
725.516 0.779
726.268 0.752
727.065 0.797
727.89 0.825
728.722 0.832
729.503 0.781
730.285 0.782
731.107 0.822
731.959 0.852
732.815 0.856
733.599 0.784
734.38 0.781
735.158 0.778
735.946 0.788
736.748 0.802
737.552 0.804
738.279 0.727
739.021 0.742
739.801 0.78
740.625 0.824
741.498 0.873
742.272 0.774
743.135 0.863
744.025 0.89
744.918 0.893
745.723 0.805
746.557 0.834
747.416 0.859
748.269 0.853
749.12 0.851
749.895 0.775
750.673 0.778
751.472 0.799
752.341 0.869
753.166 0.825
753.914 0.748
754.764 0.85
755.626 0.862
756.48 0.854
757.283 0.803
758.135 0.852
758.992 0.857
759.826 0.834
760.617 0.791
761.449 0.832
762.302 0.853
763.201 0.899
764.093 0.892
764.944 0.851
765.82 0.876
766.697 0.877
767.469 0.772
768.293 0.824
769.155 0.862
770.013 0.858
770.792 0.779
771.605 0.813
772.43 0.825
773.251 0.821
774.031 0.78
774.769 0.738
775.558 0.789
776.392 0.834
777.209 0.817
777.986 0.777
778.795 0.809
779.593 0.798
780.458 0.865
781.264 0.806
782.017 0.753
782.85 0.833
783.726 0.876
784.581 0.855
785.372 0.791
786.203 0.831
787.036 0.833
787.865 0.829
788.632 0.767
789.406 0.774
790.21 0.804
791.065 0.855
791.886 0.821
792.697 0.811
793.562 0.865
794.409 0.847
795.18 0.771
795.997 0.817
796.819 0.822
797.642 0.823
798.45 0.808
799.265 0.815
800.095 0.83
800.942 0.847
801.789 0.847
802.566 0.777
803.384 0.818
804.216 0.832
805.021 0.805
805.786 0.765
806.603 0.817
807.447 0.844
808.3 0.853
809.107 0.807
809.91 0.803
810.741 0.831
811.52 0.779
812.244 0.724
812.94 0.696
813.638 0.698
814.333 0.695
815.045 0.712
815.836 0.791
816.635 0.799
817.372 0.737
818.117 0.745
818.881 0.764
819.679 0.798
820.443 0.764
821.153 0.71
821.849 0.696
822.561 0.712
823.626 1.065
824.564 0.938
825.501 0.937
826.434 0.933
827.338 0.904
828.209 0.871
828.993 0.784
829.747 0.754
830.526 0.779
831.355 0.829
832.168 0.813
833.0 0.832
833.806 0.806
834.628 0.822
835.45 0.822
836.29 0.84
837.146 0.856
837.972 0.826
838.784 0.812
839.633 0.849
840.462 0.829
841.282 0.82
842.066 0.784
842.891 0.825
843.751 0.86
844.631 0.88
845.428 0.797
846.268 0.84
847.122 0.854
847.988 0.866
848.797 0.809
849.63 0.833
850.477 0.847
851.324 0.847
852.112 0.788
852.968 0.856
853.814 0.846
854.637 0.823
855.402 0.765
856.173 0.771
856.989 0.816
857.864 0.875
858.76 0.896
859.57 0.81
860.422 0.852
861.297 0.875
862.199 0.902
862.997 0.798
863.852 0.855
864.715 0.863
865.598 0.883
866.438 0.84
867.3 0.862
868.213 0.913
869.167 0.954
870.085 0.918
870.918 0.833
871.807 0.889
872.743 0.936
873.655 0.912
874.456 0.801
875.275 0.819
876.122 0.847
876.964 0.842
877.728 0.764
878.536 0.808
879.386 0.85
880.228 0.842
881.036 0.808
881.886 0.85
882.726 0.84
883.582 0.856
884.363 0.781
885.181 0.818
886.05 0.869
886.94 0.89
887.743 0.803
888.549 0.806
889.4 0.851
890.247 0.847
891.015 0.768
891.838 0.823
892.677 0.839
893.535 0.858
894.317 0.782
895.129 0.812
895.963 0.834
896.822 0.859
897.644 0.822
898.449 0.805
899.278 0.829
900.167 0.889
900.994 0.827
901.776 0.782
902.591 0.815
903.404 0.813
904.224 0.82
904.982 0.758
905.755 0.773
906.573 0.818
907.425 0.852
908.219 0.794
908.985 0.766
909.819 0.834
910.639 0.82
911.442 0.803
912.19 0.748
912.948 0.758
913.728 0.78
914.503 0.775
915.256 0.753
915.975 0.719
916.645 0.67
917.331 0.686
918.033 0.702
918.71 0.677
919.393 0.683
920.069 0.676
920.72 0.651
921.356 0.636
922.011 0.655
922.716 0.705
923.42 0.704
924.12 0.7
924.848 0.728
925.623 0.775
926.432 0.809
927.202 0.77
928.007 0.805
928.796 0.789
929.578 0.782
930.336 0.758
931.025 0.689
931.694 0.669
932.353 0.659
933.03 0.677
933.823 0.793
934.687 0.864
935.588 0.901
936.518 0.93
937.445 0.927
938.39 0.945
939.299 0.909
940.201 0.902
941.107 0.906
941.935 0.828
942.727 0.792
943.455 0.728
944.206 0.751
945.031 0.825
945.903 0.872
946.801 0.898
947.729 0.928
948.69 0.961
949.631 0.941
950.459 0.828
951.325 0.866
952.221 0.896
953.15 0.929
954.052 0.902
954.845 0.793
955.7 0.855
956.59 0.89
957.507 0.917
958.422 0.915
959.331 0.909
960.143 0.812
960.966 0.823
961.821 0.855
962.67 0.849
963.544 0.874
964.411 0.867
965.293 0.882
966.078 0.785
966.84 0.762
967.643 0.803
968.473 0.83
969.321 0.848
970.179 0.858
971.014 0.835
971.771 0.757
972.529 0.758
973.295 0.766
974.105 0.81
974.951 0.846
975.788 0.837
976.651 0.863
977.478 0.827
978.246 0.768
979.047 0.801
979.842 0.795
980.649 0.807
981.425 0.776
982.164 0.739
982.956 0.792
983.774 0.818
984.609 0.835
985.406 0.797
986.174 0.768
987.008 0.834
987.858 0.85
988.702 0.844
989.445 0.743
990.188 0.743
990.98 0.792
991.797 0.817
992.6 0.803
993.329 0.729
994.099 0.77
994.879 0.78
995.681 0.802
996.508 0.827
997.352 0.844
998.133 0.781
998.916 0.783
999.734 0.818
1000.575 0.841
1001.416 0.841
1002.253 0.837
1003.012 0.759
1003.792 0.78
1004.607 0.815
1005.432 0.825
1006.229 0.797
1007.021 0.792
1007.746 0.725
1008.475 0.729
1009.228 0.753
1010.069 0.841
1010.984 0.915
1011.848 0.864
1012.657 0.809
1013.541 0.884
1014.451 0.91
1015.382 0.931
1016.292 0.91
1017.089 0.797
1017.981 0.892
1018.882 0.901
1019.682 0.8
1020.47 0.788
1021.264 0.794
1021.988 0.724
1022.71 0.722
1023.487 0.777
1024.327 0.84
1025.076 0.749
1025.828 0.752
1026.598 0.77
1027.35 0.752
1028.044 0.694
1028.716 0.672
1029.365 0.649
1030.007 0.642
1030.756 0.749
1031.685 0.929
1032.618 0.933
1033.566 0.948
1034.513 0.947
1035.469 0.956
1036.434 0.965
1037.378 0.944
1038.323 0.945
1039.24 0.917
1040.119 0.879
1040.881 0.762
1041.663 0.782
1042.47 0.807
1043.322 0.852
1044.21 0.888
1045.112 0.902
1045.998 0.886
1046.887 0.889
1047.773 0.886
1048.657 0.884
1049.487 0.83
1050.266 0.779
1051.054 0.788
1051.844 0.79
1052.671 0.827
1053.432 0.761
1054.228 0.796
1055.079 0.851
1055.96 0.881
1056.782 0.822
1057.553 0.771
1058.372 0.819
1059.232 0.86
1060.084 0.852
1060.869 0.785
1061.697 0.828
1062.531 0.834
1063.37 0.839
1064.22 0.85
1065.042 0.822
1065.807 0.765
1066.612 0.805
1067.43 0.818
1068.229 0.799
1068.981 0.752
1069.735 0.754
1070.523 0.788
1071.352 0.829
1072.178 0.826
1072.971 0.793
1073.732 0.761
1074.505 0.773
1075.288 0.783
1075.995 0.707
1076.692 0.697
1077.419 0.727
1078.178 0.759
1078.962 0.784
1079.674 0.712
1080.396 0.722
1081.135 0.739
1081.884 0.749
1082.635 0.751
1083.345 0.71
1084.104 0.759
1084.899 0.795
1085.73 0.831
1086.53 0.8
1087.27 0.74
1088.04 0.77
1088.816 0.776
1089.603 0.787
1090.335 0.732
1091.098 0.763
1091.896 0.798
1092.643 0.747
1093.413 0.77
1094.171 0.758
1094.913 0.742
1095.614 0.701
1096.285 0.671
1096.933 0.648
1097.556 0.623
1098.164 0.608
1098.448 0.284
1098.758 0.31
1099.362 0.604
1100.023 0.661
1100.739 0.716
1101.501 0.762
1102.253 0.752
1103.023 0.77
1103.743 0.72
1104.438 0.695
1105.142 0.704
1105.864 0.722
1106.603 0.739
1107.357 0.754
1108.137 0.78
1108.917 0.78
1109.721 0.804
1110.499 0.778
1111.204 0.705
1111.879 0.675
1112.296 0.417
1113.275 0.979
1114.371 1.096
1115.276 0.905
1116.276 1.0
1117.25 0.974
1118.221 0.971
1119.194 0.973
1120.137 0.943
1121.085 0.948
1122.031 0.946
1122.972 0.941
1123.812 0.84
1124.662 0.85
1125.553 0.891
1126.472 0.919
1127.387 0.915
1128.322 0.935
1129.269 0.947
1130.222 0.953
1131.095 0.873
1131.883 0.788
1132.705 0.822
1133.599 0.894
1134.567 0.968
1135.54 0.973
1136.489 0.949
1137.363 0.874
1138.306 0.943
1139.266 0.96
1140.207 0.941
1141.091 0.884
1141.864 0.773
1142.624 0.76
1143.448 0.824
1144.318 0.87
1145.271 0.953
1146.13 0.859
1146.907 0.777
1147.655 0.748
1148.471 0.816
1149.395 0.924
1150.401 1.006
1151.374 0.973
1152.322 0.948
1153.268 0.946
1154.164 0.896
1154.921 0.757
1155.637 0.716
1156.345 0.708
1157.099 0.754
1158.084 0.985
1159.076 0.992
1160.048 0.972
1161.002 0.954
1161.945 0.943
1162.835 0.89
1163.689 0.854
1164.505 0.816
1165.299 0.794
1166.035 0.736
1166.792 0.757
1167.586 0.794
1168.436 0.85
1169.323 0.887
1170.217 0.894
1171.009 0.792
1171.758 0.749
1172.483 0.725
1173.248 0.765
1174.099 0.851
1175.1 1.001
1176.148 1.048
1177.151 1.003
1178.121 0.97
1179.072 0.951
1179.978 0.906
1180.854 0.876
1181.71 0.856
1182.552 0.842
1183.397 0.845
1184.232 0.835
1185.078 0.846
1185.886 0.808
1186.642 0.756
1187.449 0.807
1188.305 0.856
1189.194 0.889
1190.072 0.878
1190.868 0.796
1191.601 0.733
1192.314 0.713
1193.041 0.727
1193.929 0.888
1194.971 1.042
1195.973 1.002
1196.974 1.001
1197.933 0.959
1198.871 0.938
1199.766 0.895
1200.62 0.854
1201.449 0.829
1202.268 0.819
1203.014 0.746
1203.722 0.708
1204.416 0.694
1205.121 0.705
1206.018 0.897
1206.969 0.951
1207.934 0.965
1208.915 0.981
1209.864 0.949
1210.818 0.954
1211.75 0.932
1212.665 0.915
1213.549 0.884
1214.431 0.882
1215.304 0.873
1216.186 0.882
1217.064 0.878
1217.945 0.881
1218.833 0.888
1219.737 0.904
1220.576 0.839
1221.382 0.806
1222.208 0.826
1223.039 0.831
1223.858 0.819
1224.641 0.783
1225.376 0.735
1226.116 0.74
1226.92 0.804
1227.755 0.835
1228.605 0.85
1229.473 0.868
1230.298 0.825
1231.05 0.752
1231.772 0.722
1232.491 0.719
1233.264 0.773
1234.152 0.888
1235.101 0.949
1236.061 0.96
1237.021 0.96
1237.958 0.937
1238.877 0.919
1239.781 0.904
1240.661 0.88
1241.525 0.864
1242.365 0.84
1243.191 0.826
1244.017 0.826
1244.832 0.815
1245.658 0.826
1246.507 0.849
1247.356 0.849
1248.204 0.848
1248.972 0.768
1249.718 0.746
1250.512 0.794
1251.345 0.833
1252.205 0.86
1252.997 0.792
1253.814 0.817
1254.715 0.901
1255.643 0.928
1256.553 0.91
1257.454 0.901
1258.248 0.794
1259.05 0.802
1259.88 0.83
1260.729 0.849
1261.605 0.876
1262.487 0.882
1263.305 0.818
1264.084 0.779
1264.883 0.799
1265.711 0.828
1266.571 0.86
1267.432 0.861
1268.241 0.809
1269.019 0.778
1269.816 0.797
1270.628 0.812
1271.432 0.804
1272.168 0.736
1272.873 0.705
1273.57 0.697
1274.312 0.742
1275.143 0.831
1276.026 0.883
1276.915 0.889
1277.791 0.876
1278.615 0.824
1279.393 0.778
1280.152 0.759
1280.95 0.798
1281.766 0.816
1282.595 0.829
1283.444 0.849
1284.291 0.847
1285.067 0.776
1285.885 0.818
1286.719 0.834
1287.572 0.853
1288.431 0.859
1289.292 0.861
1290.142 0.85
1290.918 0.776
1291.642 0.724
1292.351 0.709
1293.083 0.732
1293.925 0.842
1294.848 0.923
1295.784 0.936
1296.728 0.944
1297.667 0.939
1298.585 0.918
1299.492 0.907
1300.38 0.888
1301.212 0.832
1302.008 0.796
1302.809 0.801
1303.618 0.809
1304.459 0.841
1305.313 0.854
1306.151 0.838
1307.011 0.86
1307.831 0.82
1308.597 0.766
1309.403 0.806
1310.24 0.837
1311.109 0.869
1311.977 0.868
1312.797 0.82
1313.539 0.742
1314.259 0.72
1314.987 0.728
1315.877 0.89
1316.87 0.993
1317.838 0.968
1318.801 0.963
1319.745 0.944
1320.675 0.93
1321.566 0.891
1322.429 0.863
1323.27 0.841
1324.034 0.764
1324.747 0.713
1325.435 0.688
1326.114 0.679
1326.856 0.742
1327.847 0.991
1328.761 0.914
1329.699 0.938
1330.66 0.961
1331.614 0.954
1332.525 0.911
1333.427 0.902
1334.292 0.865
1335.128 0.836
1335.963 0.835
1336.787 0.824
1337.577 0.79
1338.354 0.777
1339.148 0.794
1339.976 0.828
1340.842 0.866
1341.691 0.849
1342.486 0.795
1343.316 0.83
1344.16 0.844
1344.997 0.837
1345.834 0.837
1346.678 0.844
1347.491 0.813
1348.269 0.778
1349.013 0.744
1349.752 0.739
1350.52 0.768
1351.482 0.962
1352.436 0.954
1353.389 0.953
1354.34 0.951
1355.269 0.929
1356.184 0.915
1357.066 0.882
1357.919 0.853
1358.743 0.824
1359.538 0.795
1360.332 0.794
1361.122 0.79
1361.886 0.764
1362.62 0.734
1363.395 0.775
1364.232 0.837
1365.098 0.866
1365.978 0.88
1366.853 0.875
1367.641 0.788
1368.373 0.732
1369.098 0.725
1369.836 0.738
1370.733 0.897
1371.815 1.082
1372.826 1.011
1373.827 1.001
1374.807 0.98
1375.777 0.97
1376.714 0.937
1377.591 0.877
1378.445 0.854
1379.29 0.845
1380.146 0.856
1380.979 0.833
1381.796 0.817
1382.558 0.762
1383.369 0.811
1384.206 0.837
1385.065 0.859
1385.891 0.826
1386.697 0.806
1387.542 0.845
1388.409 0.867
1389.286 0.877
1390.09 0.804
1390.873 0.783
1391.67 0.797
1392.487 0.817
1393.31 0.823
1394.147 0.837
1394.935 0.788
1395.706 0.771
1396.489 0.783
1397.272 0.783
1398.047 0.775
1398.814 0.767
1399.58 0.766
1400.355 0.775
1401.125 0.77
1401.834 0.709
1402.542 0.708
1403.247 0.705
1403.963 0.716
1404.676 0.713
1405.393 0.717
1406.107 0.714
1406.806 0.699
1407.475 0.669
1408.152 0.677
1408.803 0.651
1409.083 0.28
1409.374 0.291
1409.647 0.273
1410.065 0.418
1410.338 0.273