0.000 1.467
1.467 1.467
1.753 0.286
2.127 0.374
2.779 0.652
3.219 0.44
3.47 0.251
4.152 0.682
4.814 0.662
5.486 0.672
6.186 0.7
6.658 0.472
6.949 0.291
7.609 0.66
8.33 0.721
9.075 0.745
9.801 0.726
10.5 0.699
11.258 0.758
11.997 0.739
12.719 0.722
13.438 0.719
14.159 0.721
14.874 0.715
15.569 0.695
16.303 0.734
17.011 0.708
17.734 0.723
18.332 0.598
19.173 0.841
19.891 0.718
20.603 0.712
21.309 0.706
22.012 0.703
22.711 0.699
23.407 0.696
24.107 0.7
24.817 0.71
25.528 0.711
26.245 0.717
26.956 0.711
27.681 0.725
28.411 0.73
29.149 0.738
29.882 0.733
30.625 0.743
31.242 0.617
31.538 0.296
32.087 0.549
32.407 0.32
32.814 0.407
33.229 0.415
33.528 0.299
34.23 0.702
34.93 0.7
35.623 0.693
36.311 0.688
36.992 0.681
37.669 0.677
38.334 0.665
39.005 0.671
39.676 0.671
40.354 0.678
41.031 0.677
41.717 0.686
42.41 0.693
43.121 0.711
43.838 0.717
44.564 0.726
45.295 0.731
46.02 0.725
46.79 0.77
47.549 0.759
48.295 0.746
49.043 0.748
49.799 0.756
50.554 0.755
51.317 0.763
52.071 0.754
52.827 0.756
53.574 0.747
54.315 0.741
55.05 0.735
61.341 6.291
61.999 0.658
62.775 0.776
63.485 0.71
64.203 0.718
64.926 0.723
65.661 0.735
66.431 0.77
67.207 0.776
67.988 0.781
68.771 0.783
69.556 0.785
70.339 0.783
71.114 0.775
71.879 0.765
72.641 0.762
73.396 0.755
74.145 0.749
74.893 0.748
75.647 0.754
76.408 0.761
77.169 0.761
77.927 0.758
78.701 0.774
79.472 0.771
80.241 0.769
81.011 0.77
81.78 0.769
82.537 0.757
83.301 0.764
84.059 0.758
84.813 0.754
85.568 0.755
86.321 0.753
87.076 0.755
87.822 0.746
88.565 0.743
89.303 0.738
90.041 0.738
90.772 0.731
91.5 0.728
92.227 0.727
92.961 0.734
93.698 0.737
94.431 0.733
95.165 0.734
95.892 0.727
96.221 0.329
96.619 0.398
97.337 0.718
98.045 0.708
98.747 0.702
99.448 0.701
100.003 0.555
100.833 0.83
101.518 0.685
102.202 0.684
102.884 0.682
103.562 0.678
104.246 0.684
104.936 0.69
105.634 0.698
106.329 0.695
107.03 0.701
107.736 0.706
108.453 0.717
109.178 0.725
109.904 0.726
110.634 0.73
111.361 0.727
112.09 0.729
112.817 0.727
113.552 0.735
114.293 0.741
115.035 0.742
115.776 0.741
116.524 0.748
117.27 0.746
118.01 0.74
118.738 0.728
119.46 0.722
120.172 0.712
120.884 0.712
121.598 0.714
122.327 0.729
123.061 0.734
123.807 0.746
124.568 0.761
125.34 0.772
126.112 0.772
126.887 0.775
127.664 0.777
128.441 0.777
129.212 0.771
129.984 0.772
130.76 0.776
131.539 0.779
132.314 0.775
133.087 0.773
133.861 0.774
134.628 0.767
135.395 0.767
136.16 0.765
136.933 0.773
137.711 0.778
138.499 0.788
139.281 0.782
140.065 0.784
140.855 0.79
141.645 0.79
142.438 0.793
143.221 0.783
144.0 0.779
144.781 0.781
145.562 0.781
146.339 0.777
147.113 0.774
147.876 0.763
148.642 0.766
149.413 0.771
150.192 0.779
150.973 0.781
151.754 0.781
152.533 0.779
153.308 0.775
154.076 0.768
154.838 0.762
155.6 0.762
156.365 0.765
157.127 0.762
157.888 0.761
158.646 0.758
159.398 0.752
160.15 0.752
160.9 0.75
161.646 0.746
162.389 0.743
163.128 0.739
163.865 0.737
164.606 0.741
165.349 0.743
166.092 0.743
166.832 0.74
167.569 0.737
168.304 0.735
169.039 0.735
169.773 0.734
170.508 0.735
171.235 0.727
171.958 0.723
172.678 0.72
173.39 0.712
174.094 0.704
174.796 0.702
175.504 0.708
176.221 0.717
176.948 0.727
177.685 0.737
178.422 0.737
179.159 0.737
179.903 0.744
180.647 0.744
181.388 0.741
182.125 0.737
182.858 0.733
183.587 0.729
184.318 0.731
185.046 0.728
185.774 0.728
186.509 0.735
187.252 0.743
188.006 0.754
188.764 0.758
189.53 0.766
190.305 0.775
191.085 0.78
191.865 0.78
192.642 0.777
193.424 0.782
194.206 0.782
194.979 0.773
195.745 0.766
196.51 0.765
197.278 0.768
198.047 0.769
198.814 0.767
199.578 0.764
200.345 0.767
201.113 0.768
201.878 0.765
202.642 0.764
203.405 0.763
204.168 0.763
204.931 0.763
205.69 0.759
206.45 0.76
207.213 0.763
207.979 0.766
208.745 0.766
209.505 0.76
210.263 0.758
211.019 0.756
211.772 0.753
212.519 0.747
213.266 0.747
214.013 0.747
214.763 0.75
215.507 0.744
216.248 0.741
216.995 0.747
217.745 0.75
218.497 0.752
219.251 0.754
220.006 0.755
220.761 0.755
221.514 0.753
222.272 0.758
223.02 0.748
223.774 0.754
224.526 0.752
225.275 0.749
226.019 0.744
226.766 0.747
227.512 0.746
228.256 0.744
228.992 0.736
229.729 0.737
230.468 0.739
231.208 0.74
231.943 0.735
232.68 0.737
233.42 0.74
234.162 0.742
234.909 0.747
235.653 0.744
236.404 0.751
237.156 0.752
237.909 0.753
238.661 0.752
239.416 0.755
240.176 0.76
240.927 0.751
241.677 0.75
242.43 0.753
243.19 0.76
243.941 0.751
244.689 0.748
245.435 0.746
246.186 0.751
246.94 0.754
247.69 0.75
248.444 0.754
249.203 0.759
249.966 0.763
250.73 0.764
251.491 0.761
252.258 0.767
253.022 0.764
253.787 0.765
254.545 0.758
255.297 0.752
256.053 0.756
256.805 0.752
257.553 0.748
258.292 0.739
259.032 0.74
259.765 0.733
260.497 0.732
261.226 0.729
261.953 0.727
262.673 0.72
263.396 0.723
264.114 0.718
264.828 0.714
265.545 0.717
266.259 0.714
266.969 0.71
267.674 0.705
268.378 0.704
269.089 0.711
269.809 0.72
270.538 0.729
271.267 0.729
271.998 0.731
272.734 0.736
273.476 0.742
274.217 0.741
274.95 0.733
275.688 0.738
276.422 0.734
277.157 0.735
277.886 0.729
278.619 0.733
279.353 0.734
280.096 0.743
280.838 0.742
281.581 0.743
282.333 0.752
283.088 0.755
283.843 0.755
284.597 0.754
285.353 0.756
286.108 0.755
286.868 0.76
287.617 0.749
288.379 0.762
289.153 0.774
289.932 0.779
290.708 0.776
291.481 0.773
292.26 0.779
293.04 0.78
293.811 0.771
294.572 0.761
295.332 0.76
296.089 0.757
296.848 0.759
297.602 0.754
298.361 0.759
299.126 0.765
299.889 0.763
300.655 0.766
301.424 0.769
302.192 0.768
302.961 0.769
303.728 0.767
304.496 0.768
305.257 0.761
306.012 0.755
306.771 0.759
307.53 0.759
308.298 0.768
309.06 0.762
309.827 0.767
310.598 0.771
311.375 0.777
312.151 0.776
312.929 0.778
313.716 0.787
314.498 0.782
315.285 0.787
316.069 0.784
316.848 0.779
317.63 0.782
318.409 0.779
319.184 0.775
319.952 0.768
320.685 0.733
321.48 0.795
322.238 0.758
322.981 0.743
323.713 0.732
324.45 0.737
325.079 0.629
325.413 0.334
325.911 0.498
326.444 0.533
327.078 0.634
327.422 0.344
327.838 0.416
328.123 0.285
328.939 0.816
329.755 0.816
330.566 0.811
331.374 0.808
332.184 0.81
332.977 0.793
333.755 0.778
334.521 0.766
335.264 0.743
336.055 0.791
336.811 0.756
337.553 0.742
338.301 0.748
339.053 0.752
339.811 0.758
340.577 0.766
341.349 0.772
342.115 0.766
342.893 0.778
343.685 0.792
344.48 0.795
345.279 0.799
346.071 0.792
346.873 0.802
347.68 0.807
348.49 0.81
349.297 0.807
350.108 0.811
350.919 0.811
351.726 0.807
352.526 0.8
353.314 0.788
354.092 0.778
354.858 0.766
355.596 0.738
356.34 0.744
357.06 0.72
357.765 0.705
358.46 0.695
359.161 0.701
359.864 0.703
360.578 0.714
361.296 0.718
362.026 0.73
362.788 0.762
363.567 0.779
364.345 0.778
365.131 0.786
365.949 0.818
366.765 0.816
367.587 0.822
368.396 0.809
369.213 0.817
370.018 0.805
370.813 0.795
371.603 0.79
372.396 0.793
373.188 0.792
373.966 0.778
374.751 0.785
375.536 0.785
376.318 0.782
377.108 0.79
377.905 0.797
378.701 0.796
379.5 0.799
380.299 0.799
381.102 0.803
381.909 0.807
382.716 0.807
383.519 0.803
384.314 0.795
385.126 0.812
385.935 0.809
386.739 0.804
387.535 0.796
388.339 0.804
389.143 0.804
389.944 0.801
390.744 0.8
391.548 0.804
392.346 0.798
393.131 0.785
393.934 0.803
394.739 0.805
395.543 0.804
396.362 0.819
397.2 0.838
398.02 0.82
398.839 0.819
399.666 0.827
400.488 0.822
401.304 0.816
402.119 0.815
402.931 0.812
403.734 0.803
404.532 0.798
405.34 0.808
406.139 0.799
406.942 0.803
407.741 0.799
408.552 0.811
409.364 0.812
410.174 0.81
410.976 0.802
411.783 0.807
412.591 0.808
413.392 0.801
414.182 0.79
414.973 0.791
415.763 0.79
416.56 0.797
417.342 0.782
418.139 0.797
418.94 0.801
419.739 0.799
420.534 0.795
421.325 0.791
422.119 0.794
422.916 0.797
423.697 0.781
424.483 0.786
425.276 0.793
426.069 0.793
426.858 0.789
427.644 0.786
428.435 0.791
429.229 0.794
430.026 0.797
430.816 0.79
431.596 0.78
432.378 0.782
433.159 0.781
433.934 0.775
434.702 0.768
435.472 0.77
436.246 0.774
437.018 0.772
437.787 0.769
438.562 0.775
439.356 0.794
440.152 0.796
440.938 0.786
441.729 0.791
442.522 0.793
443.319 0.797
444.115 0.796
444.905 0.79
445.69 0.785
446.488 0.798
447.281 0.793
448.077 0.796
448.88 0.803
449.677 0.797
450.474 0.797
451.271 0.797
452.061 0.79
452.847 0.786
453.639 0.792
454.43 0.791
455.217 0.787
455.999 0.782
456.784 0.785
457.582 0.798
458.375 0.793
459.16 0.785
459.951 0.791
460.754 0.803
461.551 0.797
462.343 0.792
463.144 0.801
463.933 0.789
464.722 0.789
465.498 0.776
466.282 0.784
467.068 0.786
467.848 0.78
468.623 0.775
469.402 0.779
470.191 0.789
470.973 0.782
471.763 0.79
472.546 0.783
473.344 0.798
474.138 0.794
474.929 0.791
475.724 0.795
476.514 0.79
477.297 0.783
478.084 0.787
478.865 0.781
479.651 0.786
480.447 0.796
481.238 0.791
482.042 0.804
482.835 0.793
483.632 0.797
484.43 0.798
485.224 0.794
486.003 0.779
486.788 0.785
487.567 0.779
488.357 0.79
489.138 0.781
489.913 0.775
490.693 0.78
491.475 0.782
492.254 0.779
493.039 0.785
493.824 0.785
494.608 0.784
495.394 0.786
496.178 0.784
496.963 0.785
497.74 0.777
498.509 0.769
499.279 0.77
500.047 0.768
500.826 0.779
501.596 0.77
502.356 0.76
503.117 0.761
503.883 0.766
504.662 0.779
505.447 0.785
506.222 0.775
507.001 0.779
507.783 0.782
508.557 0.774
509.343 0.786
510.126 0.783
510.901 0.775
511.673 0.772
512.439 0.766
513.214 0.775
513.985 0.771
514.756 0.771
515.526 0.77
516.302 0.776
517.081 0.779
517.865 0.784
518.669 0.804
519.465 0.796
520.264 0.799
521.056 0.792
521.857 0.801
522.66 0.803
523.456 0.796
524.25 0.794
525.047 0.797
525.844 0.797
526.639 0.795
527.438 0.799
528.231 0.793
529.02 0.789
529.806 0.786
530.586 0.78
531.367 0.781
532.153 0.786
532.941 0.788
533.737 0.796
534.533 0.796
535.315 0.782
536.101 0.786
536.889 0.788
537.666 0.777
538.449 0.783
539.234 0.785
540.027 0.793
540.822 0.795
541.612 0.79
542.412 0.8
543.209 0.797
544.0 0.791
544.789 0.789
545.574 0.785
546.372 0.798
547.16 0.788
547.952 0.792
548.741 0.789
549.557 0.816
550.348 0.791
551.138 0.79
551.92 0.782
552.71 0.79
558.199 5.489
558.991 0.792
559.772 0.781
560.554 0.782
561.333 0.779
562.107 0.774
562.886 0.779
563.658 0.772
564.431 0.773
565.217 0.786
565.994 0.777
566.762 0.768
567.533 0.771
568.299 0.766
569.059 0.76
569.809 0.75
570.557 0.748
571.307 0.75
572.05 0.743
572.797 0.747
573.557 0.76
574.326 0.769
575.105 0.779
575.883 0.778
576.675 0.792
577.478 0.803
578.283 0.805
579.078 0.795
579.876 0.798
580.673 0.797
581.466 0.793
582.246 0.78
583.04 0.794
583.828 0.788
584.613 0.785
585.399 0.786
586.188 0.789
586.988 0.8
587.787 0.799
588.583 0.796
589.384 0.801
590.182 0.798
590.98 0.798
591.77 0.79
592.568 0.798
593.376 0.808
594.191 0.815
595.012 0.821
595.816 0.804
596.623 0.807
597.431 0.808
598.23 0.799
599.017 0.787
599.814 0.797
600.605 0.791
601.394 0.789
602.176 0.782
602.951 0.775
603.733 0.782
604.517 0.784
605.316 0.799
606.099 0.783
606.883 0.784
607.677 0.794
608.477 0.8
609.274 0.797
610.069 0.795
610.868 0.799
611.674 0.806
612.47 0.796
613.259 0.789
614.043 0.784
614.824 0.781
615.613 0.789
616.4 0.787
617.193 0.793
617.977 0.784
618.769 0.792
619.558 0.789
620.346 0.788
621.127 0.781
621.904 0.777
622.698 0.794
623.495 0.797
624.294 0.799
625.096 0.802
625.911 0.815
626.728 0.817
627.544 0.816
628.357 0.813
629.166 0.809
629.975 0.809
630.787 0.812
631.585 0.798
632.384 0.799
633.185 0.801
633.983 0.798
634.783 0.8
635.571 0.788
636.375 0.804
637.176 0.801
637.979 0.803
638.774 0.795
639.571 0.797
640.373 0.802
641.18 0.807
641.981 0.801
642.789 0.808
643.587 0.798
644.392 0.805
645.194 0.802
645.988 0.794
646.778 0.79
647.579 0.801
648.405 0.826
649.23 0.825
650.042 0.812
650.853 0.811
651.665 0.812
652.47 0.805
653.272 0.802
654.054 0.782
654.836 0.782
655.621 0.785
656.408 0.787
657.19 0.782
657.98 0.79
658.769 0.789
659.559 0.79
665.99 6.431
666.784 0.794
667.572 0.788
668.363 0.791
669.152 0.789
669.932 0.78
670.704 0.772
671.488 0.784
672.259 0.771
673.02 0.761
673.782 0.762
674.549 0.767
675.338 0.789
676.113 0.775
676.885 0.772
677.663 0.778
678.464 0.801
679.274 0.81
680.063 0.789
680.872 0.809
681.69 0.818
682.491 0.801
683.291 0.8
684.084 0.793
684.873 0.789
685.655 0.782
686.434 0.779
687.092 0.658
687.942 0.85
688.677 0.735
689.403 0.726
690.134 0.731
690.874 0.74
691.622 0.748
692.374 0.752
693.138 0.764
693.906 0.768
694.718 0.812
695.522 0.804
696.327 0.805
697.143 0.816
697.958 0.815
698.766 0.808
699.593 0.827
700.406 0.813
701.226 0.82
702.05 0.824
702.86 0.81
703.671 0.811
704.476 0.805
705.269 0.793
706.052 0.783
706.845 0.793
707.691 0.846
708.514 0.823
709.33 0.816
710.15 0.82
710.978 0.828
711.802 0.824
712.618 0.816
713.422 0.804
714.219 0.797
715.018 0.799
715.814 0.796
716.607 0.793
717.406 0.799
718.195 0.789
718.998 0.803
719.801 0.803
720.6 0.799
721.391 0.791
722.169 0.778
722.95 0.781
723.74 0.79
724.532 0.792
725.335 0.803
726.142 0.807
726.944 0.802
727.764 0.82
728.583 0.819
729.405 0.822
730.213 0.808
731.033 0.82
731.85 0.817
732.66 0.81
733.467 0.807
734.27 0.803
735.076 0.806
735.89 0.814
736.7 0.81
737.508 0.808
738.325 0.817
739.133 0.808
739.942 0.809
740.753 0.811
741.576 0.823
742.381 0.805
743.193 0.812
744.017 0.824
744.833 0.816
745.636 0.803
746.443 0.807
747.257 0.814
748.063 0.806
748.862 0.799
749.672 0.81
750.477 0.805
751.276 0.799
752.077 0.801
752.878 0.801
753.684 0.806
754.485 0.801
755.283 0.798
760.988 5.705
761.782 0.794
762.571 0.789
763.354 0.783
764.146 0.792
764.933 0.787
765.723 0.79
766.503 0.78
767.294 0.791
768.092 0.798
768.884 0.792
769.673 0.789
770.472 0.799
771.261 0.789
772.061 0.8
772.853 0.792
773.638 0.785
774.024 0.386
774.428 0.404
775.032 0.604
775.764 0.732
776.55 0.786
777.334 0.784
778.11 0.776
778.89 0.78
779.668 0.778
785.988 6.32
786.784 0.796
787.575 0.791
788.368 0.793
789.17 0.802
789.966 0.796
790.759 0.793
791.546 0.787
792.326 0.78
793.099 0.773
793.909 0.81
794.723 0.814
795.507 0.784
796.295 0.788
797.084 0.789
797.9 0.816
798.704 0.804
799.498 0.794
800.311 0.813
801.121 0.81
801.92 0.799
802.722 0.802
803.511 0.789
804.301 0.79
805.091 0.79
805.878 0.787
806.653 0.775
807.438 0.785
808.22 0.782
809.0 0.78
809.786 0.786
810.585 0.799
811.381 0.796
812.179 0.798
812.966 0.787
813.756 0.79
814.546 0.79
815.34 0.794
816.122 0.782
816.906 0.784
817.693 0.787
818.49 0.797
819.277 0.787
820.068 0.791
820.866 0.798
821.665 0.799
822.46 0.795
823.26 0.8
824.063 0.803
824.865 0.802
825.663 0.798
826.457 0.794
827.253 0.796
828.054 0.801
835.987 7.933
836.775 0.788
837.567 0.792
838.373 0.806
839.17 0.797
839.959 0.789
840.757 0.798
841.552 0.795
842.351 0.799
843.156 0.805
849.987 6.831
850.783 0.796
851.549 0.766
852.321 0.772
853.087 0.766
853.864 0.777
854.669 0.805
855.472 0.803
856.273 0.801
857.077 0.804
857.886 0.809
858.697 0.811
859.498 0.801
860.301 0.803
861.12 0.819
861.932 0.812
862.736 0.804
863.528 0.792
864.325 0.797
865.119 0.794
865.926 0.807
866.736 0.81
867.534 0.798
868.356 0.822
869.159 0.803
869.969 0.81
870.776 0.807
871.591 0.815
872.404 0.813
873.198 0.794
873.996 0.798
874.802 0.806
875.594 0.792
876.382 0.788
877.176 0.794
877.966 0.79
878.758 0.792
879.557 0.799
880.343 0.786
881.136 0.793
881.937 0.801
882.726 0.789
883.51 0.784
884.292 0.782
885.08 0.788
885.875 0.795
886.683 0.808
887.488 0.805
888.314 0.826
889.141 0.827
889.954 0.813
890.762 0.808
891.571 0.809
892.376 0.805
893.178 0.802
893.979 0.801
894.767 0.788
895.565 0.798
896.358 0.793
897.148 0.79
897.938 0.79
898.728 0.79
899.519 0.791
900.334 0.815
901.148 0.814
901.939 0.791
902.742 0.803
903.539 0.797
904.328 0.789
905.121 0.793
905.911 0.79
906.703 0.792
907.504 0.801
908.299 0.795
909.093 0.794
909.9 0.807
910.703 0.803
911.496 0.793
912.29 0.794
913.08 0.79
913.871 0.791
914.671 0.8
915.455 0.784
916.236 0.781
917.028 0.792
917.815 0.787
918.598 0.783
919.382 0.784
920.163 0.781
920.957 0.794
921.75 0.793
922.524 0.774
923.305 0.781
924.088 0.783
924.868 0.78
925.643 0.775
926.43 0.787
927.213 0.783
928.012 0.799
928.811 0.799
929.592 0.781
930.39 0.798
931.178 0.788
931.959 0.781
932.746 0.787
933.529 0.783
934.321 0.792
935.105 0.784
935.879 0.774
936.672 0.793
937.466 0.794
938.245 0.779
939.02 0.775
939.801 0.781
940.58 0.779
941.357 0.777
942.121 0.764
942.893 0.772
943.669 0.776
944.437 0.768
945.195 0.758
945.965 0.77
946.746 0.781
947.512 0.766
948.291 0.779
949.063 0.772
949.832 0.769
950.591 0.759
951.352 0.761
952.089 0.737
952.854 0.765
953.6 0.746
954.352 0.752
955.108 0.756
955.853 0.745
956.615 0.762
957.376 0.761
958.146 0.77
958.905 0.759
959.667 0.762
960.489 0.822
961.274 0.785
962.081 0.807
962.891 0.81
963.569 0.678
963.847 0.278
964.507 0.66
965.303 0.796
966.088 0.785
966.865 0.777
967.646 0.781
968.462 0.816
969.259 0.797
970.057 0.798
970.859 0.802
971.672 0.813
972.49 0.818
973.31 0.82
974.126 0.816
974.95 0.824
975.781 0.831
976.616 0.835
977.459 0.843
978.285 0.826
979.108 0.823
979.917 0.809
980.718 0.801
981.528 0.81
982.333 0.805
983.129 0.796
983.939 0.81
984.761 0.822
985.582 0.821
986.399 0.817
987.231 0.832
988.062 0.831
988.894 0.832
989.719 0.825
990.56 0.841
991.403 0.843
992.251 0.848
993.089 0.838
993.925 0.836
1000.83 0.845
1001.68 0.85
1002.53 0.85
1003.374 0.844
1004.218 0.844
1005.067 0.849
1005.915 0.848
1006.751 0.836
1007.594 0.843
1008.442 0.848
1009.294 0.852
1010.138 0.844
1010.98 0.842
1011.826 0.846
1012.674 0.848
1013.526 0.852
1014.367 0.841
1015.214 0.847
1016.063 0.849
1016.912 0.849
1017.747 0.835
1018.58 0.833
1019.423 0.843
1020.265 0.842
1021.099 0.834
1021.933 0.834
1022.774 0.841
1023.615 0.841
1024.454 0.839
1025.279 0.825
1026.108 0.829
1026.938 0.83
1027.767 0.829
1028.584 0.817
1029.406 0.822
1030.232 0.826
1031.058 0.826
1031.877 0.819
1032.703 0.826
1033.537 0.834
1034.368 0.831
1035.199 0.831
1036.024 0.825
1036.858 0.834
1037.697 0.839
1038.53 0.833
1039.353 0.823
1040.185 0.832
1041.02 0.835
1041.854 0.834
1042.681 0.827
1043.511 0.83
1044.348 0.837
1045.182 0.834
1046.011 0.829
1046.845 0.834
1047.689 0.844
1048.54 0.851
1049.378 0.838
1050.198 0.82
1051.011 0.813
1051.834 0.823
1052.656 0.822
1053.475 0.819
1054.283 0.808
1055.096 0.813
1055.92 0.824
1056.751 0.831
1057.587 0.836
1058.414 0.827
1059.245 0.831
1060.081 0.836
1060.922 0.841
1061.757 0.835
1062.58 0.823
1063.412 0.832
1064.245 0.833
1065.066 0.821
1065.89 0.824
1066.71 0.82
1067.517 0.807
1068.319 0.802
1069.12 0.801
1069.913 0.793
1070.696 0.783
1071.47 0.774
1072.259 0.789
1073.049 0.79
1073.847 0.798
1074.663 0.816
1075.487 0.824
1076.315 0.828
1077.142 0.827
1077.963 0.821
1078.801 0.838
1079.638 0.837
1080.478 0.84
1081.307 0.829
1082.145 0.838
1082.988 0.843
1083.83 0.842
1084.668 0.838
1085.516 0.848
1086.369 0.853
1087.221 0.852
1088.065 0.844
1088.901 0.836
1089.748 0.847
1090.599 0.851
1091.449 0.85
1092.291 0.842
1093.128 0.837
1093.973 0.845
1094.819 0.846
1095.659 0.84
1096.504 0.845
1097.352 0.848
1098.197 0.845
1099.031 0.834
1099.862 0.831
1100.702 0.84
1101.544 0.842
1102.387 0.843
1103.215 0.828
1104.045 0.83
1104.88 0.835
1105.709 0.829
1106.53 0.821
1107.357 0.827
1108.191 0.834
1109.027 0.836
1109.849 0.822
1110.681 0.832
1111.519 0.838
1112.356 0.837
1113.185 0.829
1113.994 0.809
1114.822 0.828
1115.652 0.83
1116.49 0.838
1117.318 0.828
1118.136 0.818
1118.954 0.818
1119.765 0.811
1120.565 0.8
1121.362 0.797
1122.151 0.789
1122.927 0.776
1123.698 0.771
1124.463 0.765
1125.224 0.761
1125.982 0.758
1126.747 0.765
1127.507 0.76
1128.268 0.761
1129.024 0.756
1129.777 0.753
1130.523 0.746
1131.257 0.734
1131.986 0.729
1132.721 0.735
1133.462 0.741
1134.223 0.761
1134.992 0.769
1135.786 0.794
1136.594 0.808
1137.446 0.852
1138.275 0.829
1139.1 0.825
1139.998 0.898
1140.869 0.871
1141.711 0.842
1142.565 0.854
1143.417 0.852
1144.268 0.851
1145.104 0.836
1145.948 0.844
1146.791 0.843
1147.632 0.841
1148.473 0.841
1149.311 0.838
1150.151 0.84
1150.971 0.82
1151.791 0.82
1152.607 0.816
1153.422 0.815
1154.236 0.814
1155.048 0.812
1155.838 0.79
1156.641 0.803
1157.442 0.801
1158.244 0.802
1159.036 0.792
1159.826 0.79
1160.623 0.797
1161.408 0.785
1162.202 0.794
1162.984 0.782
1163.773 0.789
1164.566 0.793
1165.359 0.793
1166.153 0.794
1166.954 0.801
1167.762 0.808
1168.571 0.809
1169.378 0.807
1170.204 0.826
1171.033 0.829
1171.868 0.835
1172.707 0.839
1173.541 0.834
1174.387 0.846
1175.231 0.844
1176.068 0.837
1176.913 0.845
1177.766 0.853
1178.631 0.865
1179.514 0.883
1180.396 0.882
1181.275 0.879
1182.151 0.876
1183.02 0.869
1183.886 0.866
1184.741 0.855
1185.583 0.842
1186.418 0.835
1187.248 0.83
1188.074 0.826
1188.897 0.823
1189.723 0.826
1190.555 0.832
1191.383 0.828
1192.215 0.832
1193.041 0.826
1193.86 0.819
1194.677 0.817
1195.489 0.812
1196.302 0.813
1197.118 0.816
1197.935 0.817
1198.75 0.815
1199.569 0.819
1200.388 0.819
1201.199 0.811
1201.997 0.798
1202.788 0.791
1203.576 0.788
1204.362 0.786
1205.141 0.779
1205.911 0.77
1206.679 0.768
1207.46 0.781
1208.252 0.792
1209.06 0.808
1209.878 0.818
1210.696 0.818
1211.533 0.837
1212.371 0.838
1213.201 0.83
1214.032 0.831
1214.865 0.833
1215.691 0.826
1216.506 0.815
1217.307 0.801
1218.092 0.785
1218.868 0.776
1219.637 0.769
1220.407 0.77
1221.184 0.777
1221.972 0.788
1222.77 0.798
1223.566 0.796
1224.363 0.797
1225.169 0.806
1225.982 0.813
1226.801 0.819
1227.621 0.82
1228.437 0.816
1229.243 0.806
1230.041 0.798
1230.838 0.797
1231.63 0.792
1232.42 0.79
1233.208 0.788
1233.988 0.78
1234.761 0.773
1235.533 0.772
1236.309 0.776
1237.096 0.787
1237.884 0.788
1238.676 0.792
1239.468 0.792
1240.265 0.797
1241.062 0.797
1241.846 0.784
1242.615 0.769
1243.386 0.771
1244.149 0.763
1244.906 0.757
1245.668 0.762
1246.431 0.763
1247.204 0.773
1247.981 0.777
1248.763 0.782
1249.545 0.782
1250.33 0.785
1251.128 0.798
1251.933 0.805
1252.745 0.812
1253.56 0.815
1254.382 0.822
1255.201 0.819
1256.012 0.811
1256.817 0.805
1257.616 0.799
1258.412 0.796
1259.208 0.796
1260.009 0.801
1260.818 0.809
1261.628 0.81
1262.436 0.808
1263.242 0.806
1264.043 0.801
1264.843 0.8
1265.645 0.802
1266.451 0.806
1267.257 0.806
1268.07 0.813
1268.879 0.809
1269.676 0.797
1270.468 0.792
1271.261 0.793
1272.053 0.792
1272.851 0.798
1273.656 0.805
1274.47 0.814
1275.293 0.823
1276.115 0.822
1276.943 0.828
1277.772 0.829
1278.6 0.828
1279.421 0.821
1280.236 0.815
1281.053 0.817
1281.87 0.817
1282.689 0.819
1283.498 0.809
1284.308 0.81
1285.124 0.816
1285.945 0.821
1286.768 0.823
1287.571 0.803
1288.381 0.81
1289.197 0.816
1290.012 0.815
1290.824 0.812
1291.631 0.807
1292.429 0.798
1293.24 0.811
1294.049 0.809
1294.864 0.815
1295.68 0.816
1296.5 0.82
1297.324 0.824
1298.144 0.82
1298.957 0.813
1299.773 0.816
1300.583 0.81
1301.4 0.817
1302.215 0.815
1303.019 0.804
1303.82 0.801
1304.613 0.793
1305.409 0.796
1306.202 0.793
1307.009 0.807
1307.813 0.804
1308.62 0.807
1309.427 0.807
1310.222 0.795
1311.021 0.799
1311.817 0.796
1312.606 0.789
1313.396 0.79
1314.189 0.793
1314.976 0.787
1315.757 0.781
1316.554 0.797
1317.35 0.796
1318.151 0.801
1318.961 0.81
1319.76 0.799
1320.591 0.831
1321.41 0.819
1322.231 0.821
1323.049 0.818
1323.884 0.835
1324.725 0.841
1325.557 0.832
1326.384 0.827
1327.208 0.824
1328.038 0.83
1328.867 0.829
1329.683 0.816
1330.502 0.819
1331.317 0.815
1332.122 0.805
1332.926 0.804
1333.71 0.784
1334.504 0.794
1335.299 0.795
1336.093 0.794
1336.89 0.797
1337.688 0.798
1338.478 0.79
1339.272 0.794
1340.073 0.801
1340.882 0.809
1341.693 0.811
1342.497 0.804
1343.313 0.816
1344.133 0.82
1344.957 0.824
1345.777 0.82
1346.592 0.815
1347.406 0.814
1348.225 0.819
1349.042 0.817
1349.838 0.796
1350.637 0.799
1351.438 0.801
1352.235 0.797
1353.03 0.795
1353.823 0.793
1354.627 0.804
1355.436 0.809
1356.243 0.807
1357.048 0.805
1357.868 0.82
1358.694 0.826
1359.507 0.813
1360.309 0.802
1361.13 0.821
1361.948 0.818
1362.757 0.809
1363.557 0.8
1364.363 0.806
1365.173 0.81
1365.984 0.811
1366.783 0.799
1367.587 0.804
1368.4 0.813
1369.22 0.82
1370.047 0.827
1370.873 0.826
1371.706 0.833
1372.553 0.847
1373.405 0.852
1374.27 0.865
1375.134 0.864
1375.985 0.851
1376.831 0.846
1377.672 0.841
1378.514 0.842
1379.354 0.84
1380.184 0.83
1381.01 0.826
1381.829 0.819
1382.638 0.809
1383.454 0.816
1384.273 0.819
1385.102 0.829
1385.944 0.842
1386.78 0.836
1387.62 0.84
1388.468 0.848
1389.315 0.847
1390.163 0.848
1391.005 0.842
1391.85 0.845
1392.695 0.845
1393.537 0.842
1394.381 0.844
1395.219 0.838
1396.062 0.843
1396.906 0.844
1397.752 0.846
1398.603 0.851
1399.437 0.834
1400.267 0.83
1401.101 0.834
1401.936 0.835
1402.775 0.839
1403.604 0.829
1404.443 0.839
1405.28 0.837
1406.113 0.833
1406.934 0.821
1407.763 0.829
1408.595 0.832
1409.423 0.828
1410.244 0.821
1411.078 0.834
1411.922 0.844
1412.761 0.839
1413.6 0.839
1414.446 0.846
1415.296 0.85
1416.144 0.848
1416.984 0.84
1417.83 0.846
1418.675 0.845
1419.511 0.836
1420.338 0.827
1421.168 0.83
1421.997 0.829
1422.822 0.825
1423.641 0.819
1424.465 0.824
1425.292 0.827
1426.119 0.827
1426.942 0.823
1427.77 0.828
1428.597 0.827
1429.427 0.83
1430.246 0.819
1431.074 0.828
1431.91 0.836
1432.746 0.836
1433.582 0.836
1434.415 0.833
1435.245 0.83
1436.076 0.831
1436.926 0.85
1437.778 0.852
1438.627 0.849
1439.471 0.844
1440.299 0.828
1441.115 0.816
1441.932 0.817
1442.742 0.81
1443.528 0.786
1444.3 0.772
1445.082 0.782
1445.846 0.764
1446.606 0.76
1447.361 0.755
1448.115 0.754
1448.904 0.789
1449.497 0.593
1449.863 0.366
1450.159 0.296
1450.507 0.348
1451.301 0.794
1451.883 0.582
1452.228 0.345
1452.636 0.408
1452.947 0.311
1453.66 0.713
1454.472 0.812
1455.267 0.795
1455.993 0.726
1456.591 0.598
1456.917 0.326
1457.566 0.649
1457.821 0.255
1458.094 0.273
1458.397 0.303
1458.664 0.267