0.000 0.791
0.791 0.791
1.669 0.878
2.558 0.889
3.428 0.87
4.321 0.893
5.184 0.863
6.026 0.842
6.809 0.783
7.511 0.702
8.148 0.637
8.738 0.59
9.332 0.594
9.944 0.612
10.568 0.624
11.254 0.686
12.034 0.78
12.859 0.825
13.716 0.857
14.59 0.874
15.292 0.702
16.088 0.796
16.707 0.619
17.329 0.622
17.969 0.64
18.811 0.842
19.674 0.863
20.572 0.898
21.488 0.916
22.379 0.891
23.272 0.893
29.716 6.444
29.999 0.283
30.572 0.573
31.443 0.871
32.341 0.898
33.129 0.788
33.876 0.747
34.68 0.804
35.56 0.88
36.503 0.943
37.41 0.907
38.165 0.755
38.828 0.663
39.701 0.873
40.574 0.873
41.489 0.915
42.457 0.968
43.399 0.942
44.294 0.895
45.153 0.859
46.013 0.86
46.903 0.89
47.799 0.896
48.664 0.865
49.567 0.903
50.453 0.886
51.339 0.886
52.22 0.881
53.086 0.866
53.946 0.86
54.808 0.862
55.662 0.854
56.481 0.819
57.341 0.86
58.233 0.892
59.119 0.886
59.979 0.86
60.792 0.813
61.609 0.817
62.425 0.816
63.212 0.787
64.058 0.846
64.946 0.888
65.85 0.904
66.712 0.862
67.565 0.853
68.419 0.854
69.284 0.865
70.092 0.808
70.862 0.77
71.566 0.704
72.288 0.722
72.983 0.695
73.719 0.736
74.522 0.803
75.392 0.87
76.219 0.827
77.029 0.81
77.822 0.793
78.619 0.797
79.344 0.725
80.081 0.737
80.834 0.753
81.623 0.789
82.42 0.797
83.154 0.734
83.909 0.755
84.701 0.792
85.537 0.836
86.38 0.843
87.221 0.841
88.035 0.814
88.847 0.812
89.602 0.755
90.322 0.72
91.091 0.769
91.917 0.826
92.743 0.826
93.547 0.804
94.387 0.84
95.21 0.823
96.025 0.815
96.794 0.769
97.573 0.779
98.343 0.77
99.102 0.759
99.801 0.699
100.559 0.758
101.373 0.814
102.205 0.832
102.965 0.76
103.722 0.757
104.472 0.75
105.245 0.773
106.004 0.759
106.792 0.788
107.59 0.798
108.405 0.815
109.161 0.756
109.926 0.765
110.691 0.765
111.5 0.809
112.288 0.788
113.09 0.802
113.804 0.714
114.457 0.653
115.063 0.606
115.67 0.607
116.337 0.667
117.132 0.795
117.933 0.801
118.693 0.76
119.441 0.748
120.181 0.74
120.96 0.779
121.789 0.829
122.497 0.708
123.18 0.683
123.853 0.673
124.62 0.767
125.494 0.874
126.299 0.805
127.153 0.854
128.024 0.871
128.892 0.868
129.745 0.853
130.628 0.883
131.496 0.868
132.361 0.865
133.202 0.841
134.042 0.84
134.91 0.868
135.798 0.888
136.626 0.828
137.416 0.79
138.25 0.834
139.144 0.894
140.072 0.928
140.954 0.882
141.859 0.905
142.794 0.935
143.713 0.919
144.591 0.878
145.46 0.869
146.328 0.868
147.192 0.864
148.026 0.834
148.87 0.844
149.72 0.85
150.572 0.852
151.441 0.869
152.341 0.9
153.236 0.895
154.087 0.851
154.954 0.867
155.817 0.863
156.668 0.851
157.459 0.791
158.263 0.804
159.075 0.812
159.924 0.849
160.773 0.849
161.584 0.811
162.414 0.83
163.248 0.834
164.081 0.833
164.881 0.8
165.695 0.814
166.558 0.863
167.447 0.889
168.332 0.885
169.171 0.839
170.02 0.849
170.862 0.842
171.738 0.876
172.613 0.875
173.449 0.836
174.301 0.852
175.163 0.862
176.05 0.887
176.875 0.825
177.686 0.811
178.491 0.805
179.293 0.802
180.079 0.786
180.853 0.774
181.652 0.799
182.459 0.807
183.214 0.755
183.99 0.776
184.802 0.812
185.639 0.837
186.473 0.834
187.319 0.846
188.173 0.854
189.022 0.849
189.836 0.814
190.666 0.83
191.506 0.84
192.346 0.84
193.155 0.809
193.991 0.836
194.843 0.852
195.696 0.853
196.516 0.82
197.357 0.841
198.251 0.894
199.153 0.902
200.016 0.863
200.829 0.813
201.676 0.847
202.526 0.85
203.365 0.839
204.155 0.79
204.982 0.827
205.81 0.828
206.655 0.845
207.49 0.835
208.34 0.85
209.223 0.883
210.116 0.893
210.982 0.866
211.843 0.861
212.721 0.878
213.596 0.875
214.46 0.864
215.285 0.825
216.124 0.839
216.968 0.844
217.821 0.853
218.629 0.808
219.454 0.825
220.304 0.85
221.181 0.877
222.022 0.841
222.84 0.818
223.656 0.816
224.467 0.811
225.254 0.787
226.041 0.787
226.832 0.791
227.615 0.783
228.365 0.75
229.087 0.722
229.828 0.741
230.575 0.747
231.297 0.722
231.991 0.694
232.731 0.74
233.533 0.802
234.335 0.802
235.078 0.743
235.856 0.778
236.662 0.806
237.383 0.721
238.068 0.685
238.718 0.65
239.341 0.623
239.976 0.635
240.703 0.727
241.451 0.748
242.166 0.715
242.92 0.754
243.76 0.84
244.631 0.871
245.458 0.827
246.294 0.836
247.159 0.865
248.041 0.882
248.918 0.877
249.763 0.845
250.572 0.809
251.421 0.849
252.298 0.877
253.184 0.886
254.041 0.857
254.826 0.785
255.591 0.765
256.393 0.802
257.269 0.876
258.14 0.871
258.962 0.822
259.797 0.835
260.657 0.86
261.548 0.891
262.396 0.848
263.227 0.831
264.073 0.846
264.911 0.838
265.698 0.787
266.519 0.821
267.37 0.851
268.267 0.897
269.135 0.868
269.997 0.862
270.893 0.896
271.795 0.902
272.664 0.869
273.501 0.837
274.375 0.874
275.287 0.912
276.211 0.924
277.094 0.883
277.997 0.903
278.91 0.913
279.81 0.9
280.661 0.851
281.519 0.858
282.4 0.881
283.287 0.887
284.129 0.842
284.976 0.847
285.839 0.863
286.695 0.856
287.511 0.816
288.299 0.788
289.114 0.815
289.948 0.834
290.823 0.875
291.703 0.88
292.498 0.795
293.228 0.73
293.928 0.7
294.59 0.662
295.219 0.629
295.855 0.636
296.543 0.688
297.283 0.74
297.977 0.694
298.728 0.751
299.505 0.777
300.202 0.697
300.847 0.645
301.489 0.642
302.145 0.656
302.81 0.665
303.53 0.72
304.314 0.784
305.114 0.8
305.881 0.767
306.623 0.742
307.385 0.762
308.185 0.8
309.024 0.839
309.852 0.828
310.685 0.833
311.53 0.845
312.296 0.766
313.061 0.765
313.817 0.756
314.505 0.688
315.129 0.624
315.755 0.626
316.397 0.642
317.103 0.706
317.822 0.719
318.631 0.809
319.43 0.799
320.192 0.762
320.867 0.675
321.513 0.646
322.16 0.647
322.842 0.682
323.548 0.706
324.207 0.659
324.859 0.652
325.517 0.658
326.188 0.671
326.841 0.653
327.468 0.627
328.096 0.628
328.72 0.624
329.322 0.602
329.932 0.61
330.59 0.658
331.124 0.534
331.696 0.572
332.264 0.568
332.828 0.564
333.397 0.569
333.862 0.465
334.515 0.653
335.075 0.56
335.64 0.565
336.212 0.572
336.781 0.569
337.359 0.578
337.957 0.598
338.59 0.633
339.213 0.623
339.793 0.58
340.375 0.582
340.958 0.583
341.557 0.599
342.331 0.774
343.233 0.902
344.1 0.867
344.958 0.858
345.829 0.871
346.712 0.883
347.549 0.837
348.304 0.755
349.12 0.816
350.029 0.909
350.776 0.747
351.472 0.696
352.163 0.691
352.857 0.694
353.57 0.713
354.457 0.887
355.334 0.877
356.134 0.8
357.036 0.902
357.864 0.828
358.614 0.75
359.498 0.884
360.374 0.876
361.22 0.846
362.141 0.921
363.052 0.911
363.9 0.848
364.774 0.874
365.588 0.814
366.342 0.754
367.153 0.811
368.059 0.906
368.945 0.886
369.831 0.886
370.766 0.935
371.689 0.923
372.554 0.865
373.404 0.85
374.253 0.849
375.063 0.81
375.854 0.791
376.678 0.824
377.555 0.877
378.407 0.852
379.325 0.918
380.292 0.967
381.207 0.915
382.058 0.851
382.926 0.868
383.835 0.909
384.66 0.825
385.452 0.792
386.271 0.819
387.105 0.834
387.876 0.771
388.681 0.805
389.546 0.865
390.409 0.863
391.223 0.814
392.091 0.868
392.953 0.862
393.728 0.775
394.597 0.869
395.472 0.875
396.234 0.762
396.881 0.647
397.507 0.626
398.166 0.659
399.11 0.944
399.889 0.779
400.648 0.759
401.434 0.786
402.244 0.81
403.148 0.904
404.089 0.941
405.038 0.949
405.883 0.845
406.733 0.85
407.631 0.898
408.561 0.93
409.427 0.866
410.23 0.803
411.118 0.888
412.073 0.955
413.042 0.969
413.954 0.912
414.886 0.932
415.823 0.937
416.701 0.878
417.513 0.812
418.404 0.891
419.342 0.938
420.165 0.823
421.015 0.85
421.837 0.822
422.603 0.766
423.436 0.833
424.375 0.939
425.299 0.924
426.229 0.93
427.206 0.977
428.18 0.974
429.02 0.84
429.898 0.878
430.798 0.9
431.634 0.836
432.462 0.828
433.354 0.892
434.243 0.889
435.042 0.799
435.926 0.884
436.874 0.948
437.781 0.907
438.664 0.883
439.601 0.937
440.514 0.913
441.325 0.811
442.078 0.753
442.866 0.788
443.71 0.844
444.59 0.88
445.477 0.887
446.439 0.962
447.432 0.993
448.347 0.915
449.239 0.892
450.153 0.914
451.047 0.894
451.829 0.782
452.652 0.823
453.61 0.958
454.532 0.922
455.368 0.836
456.247 0.879
457.152 0.905
457.992 0.84
458.791 0.799
459.643 0.852
460.55 0.907
461.467 0.917
462.332 0.865
463.225 0.893
464.106 0.881
464.912 0.806
465.765 0.853
466.671 0.906
467.552 0.881
468.39 0.838
469.321 0.931
470.295 0.974
471.206 0.911
472.12 0.914
473.031 0.911
473.915 0.884
474.761 0.846
475.66 0.899
476.588 0.928
477.419 0.831
478.248 0.829
479.088 0.84
479.868 0.78
480.594 0.726
481.366 0.772
482.168 0.802
482.919 0.751
483.714 0.795
484.576 0.862
485.462 0.886
486.273 0.811
487.143 0.87
488.031 0.888
488.863 0.832
489.664 0.801
490.53 0.866
491.408 0.878
492.208 0.8
493.061 0.853
493.921 0.86
494.749 0.828
495.526 0.777
496.354 0.828
497.216 0.862
498.047 0.831
498.884 0.837
499.797 0.913
500.701 0.904
501.507 0.806
502.269 0.762
503.106 0.837
503.983 0.877
504.83 0.847
505.636 0.806
506.546 0.91
507.478 0.932
508.327 0.849
509.154 0.827
510.018 0.864
510.888 0.87
511.67 0.782
512.533 0.863
513.424 0.891
514.296 0.872
515.135 0.839
516.073 0.938
517.039 0.966
517.903 0.864
518.789 0.886
519.712 0.923
520.637 0.925
521.484 0.847
522.404 0.92
523.393 0.989
524.345 0.952
525.232 0.887
526.172 0.94
527.109 0.937
527.986 0.877
528.811 0.825
529.687 0.876
530.58 0.893
531.394 0.814
532.174 0.78
532.996 0.822
533.856 0.86
534.651 0.795
535.544 0.893
536.483 0.939
537.359 0.876
538.216 0.857
539.106 0.89
540.008 0.902
540.781 0.773
541.625 0.844
542.496 0.871
543.387 0.891
544.181 0.794
545.006 0.825
545.901 0.895
546.773 0.872
547.606 0.833
548.525 0.919
549.484 0.959
550.365 0.881
551.206 0.841
552.118 0.912
553.05 0.932
553.882 0.832
554.671 0.789
555.487 0.816
556.32 0.833
557.155 0.835
558.096 0.941
559.056 0.96
559.888 0.832
560.612 0.724
561.278 0.666
562.117 0.839
563.019 0.902
563.822 0.803
564.536 0.714
565.199 0.663
565.949 0.75
566.89 0.941
567.664 0.774
568.486 0.822
569.398 0.912
570.281 0.883
571.171 0.89
572.099 0.928
572.983 0.884
573.85 0.867
574.751 0.901
575.612 0.861
576.472 0.86
577.405 0.933
578.355 0.95
579.207 0.852
580.016 0.809
580.884 0.868
581.804 0.92
582.7 0.896
583.506 0.806
584.385 0.879
585.316 0.931
586.253 0.937
587.126 0.873
588.06 0.934
589.002 0.942
589.908 0.906
590.78 0.872
591.642 0.862
592.505 0.863
593.267 0.762
594.01 0.743
594.842 0.832
595.745 0.903
596.643 0.898
597.477 0.834
598.381 0.904
599.317 0.936
600.254 0.937
601.107 0.853
602.009 0.902
602.937 0.928
603.811 0.874
604.566 0.755
605.366 0.8
606.193 0.827
607.01 0.817
607.85 0.84
608.76 0.91
609.662 0.902
610.467 0.805
611.289 0.822
612.129 0.84
612.946 0.817
613.727 0.781
614.584 0.857
615.499 0.915
616.381 0.882
617.171 0.79
618.059 0.888
618.903 0.844
619.654 0.751
620.333 0.679
620.992 0.659
621.664 0.672
622.311 0.647
622.975 0.664
623.62 0.645
624.348 0.728
625.143 0.795
625.943 0.8
626.685 0.742
627.446 0.761
628.244 0.798
629.076 0.832
629.861 0.785
630.691 0.83
631.588 0.897
632.502 0.914
633.346 0.844
634.216 0.87
635.101 0.885
635.996 0.895
636.834 0.838
637.683 0.849
638.502 0.819
639.23 0.728
639.92 0.69
640.594 0.674
641.289 0.695
642.001 0.712
642.646 0.645
643.277 0.631
643.904 0.627
644.537 0.633
645.205 0.668
646.022 0.817
646.935 0.913
647.705 0.77
648.507 0.802
649.376 0.869
650.206 0.83
651.037 0.831
651.922 0.885
652.818 0.896
653.663 0.845
654.534 0.871
655.402 0.868
656.229 0.827
657.072 0.843
657.97 0.898
658.906 0.936
659.813 0.907
660.763 0.95
661.699 0.936
662.609 0.91
663.473 0.864
664.375 0.902
665.199 0.824
666.005 0.806
666.89 0.885
667.793 0.903
668.649 0.856
669.576 0.927
670.503 0.927
671.368 0.865
672.226 0.858
673.127 0.901
674.033 0.906
674.812 0.779
675.649 0.837
676.556 0.907
677.428 0.872
678.326 0.898
679.25 0.924
680.128 0.878
680.91 0.782
681.75 0.84
682.665 0.915
683.527 0.862
684.323 0.796
685.206 0.883
686.113 0.907
686.939 0.826
687.768 0.829
688.673 0.905
689.616 0.943
690.471 0.855
691.369 0.898
692.304 0.935
693.206 0.902
694.053 0.847
694.955 0.902
695.906 0.951
696.858 0.952
697.72 0.862
698.621 0.901
699.567 0.946
700.473 0.906
701.315 0.842
702.208 0.893
703.17 0.962
704.127 0.957
704.967 0.84
705.86 0.893
706.798 0.938
707.712 0.914
708.52 0.808
709.369 0.849
710.251 0.882
711.046 0.795
711.834 0.788
712.716 0.882
713.613 0.897
714.439 0.826
715.342 0.903
716.298 0.956
717.174 0.876
718.064 0.89
718.97 0.906
719.851 0.881
720.685 0.834
721.625 0.94
722.639 1.014
723.59 0.951
724.554 0.964
725.519 0.965
726.445 0.926
727.318 0.873
728.253 0.935
729.201 0.948
730.061 0.86
730.923 0.862
731.88 0.957
732.849 0.969
733.744 0.895
734.692 0.948
735.698 1.006
736.61 0.912
737.454 0.844
738.348 0.894
739.283 0.935
740.108 0.825
740.974 0.866
741.886 0.912
742.774 0.888
743.663 0.889
744.624 0.961
745.588 0.964
746.51 0.922
747.471 0.961
748.416 0.945
749.312 0.896
750.214 0.902
751.09 0.876
751.865 0.775
752.673 0.808
753.507 0.834
754.31 0.803
755.136 0.826
756.044 0.908
756.997 0.953
757.911 0.914
758.804 0.893
759.73 0.926
760.66 0.93
761.476 0.816
762.344 0.868
763.264 0.92
764.191 0.927
764.999 0.808
765.883 0.884
766.812 0.929
767.66 0.848
768.434 0.774
769.257 0.823
770.12 0.863
770.937 0.817
771.793 0.856
772.678 0.885
773.514 0.836
774.317 0.803
775.101 0.784
775.785 0.684
776.422 0.637
777.134 0.712
778.153 1.019
778.988 0.835
779.738 0.75
780.529 0.791
781.356 0.827
782.181 0.825
782.977 0.796
783.875 0.898
784.829 0.954
785.724 0.895
786.638 0.914
787.61 0.972
788.51 0.9
789.36 0.85
790.26 0.9
791.185 0.925
792.042 0.857
792.945 0.903
793.889 0.944
794.704 0.815
795.455 0.751
796.251 0.796
797.107 0.856
797.911 0.804
798.796 0.885
799.757 0.961
800.688 0.931
801.598 0.91
802.536 0.938
803.413 0.877
804.205 0.792
805.059 0.854
805.987 0.928
806.866 0.879
807.777 0.911
808.73 0.953
809.659 0.929
810.554 0.895
811.501 0.947
812.467 0.966
813.365 0.898
814.289 0.924
815.225 0.936
816.075 0.85
816.8 0.725
817.476 0.676
818.175 0.699
818.969 0.794
819.851 0.882
820.73 0.879
821.66 0.93
822.601 0.941
823.503 0.902
824.437 0.934
825.362 0.925
826.235 0.873
827.077 0.842
827.92 0.843
828.768 0.848
829.563 0.795
830.448 0.885
831.379 0.931
832.347 0.968
833.293 0.946
834.238 0.945
835.193 0.955
836.088 0.895
836.977 0.889
837.881 0.904
838.724 0.843
839.61 0.886
840.53 0.92
841.449 0.919
842.38 0.931
843.328 0.948
844.254 0.926
845.099 0.845
846.013 0.914
846.956 0.943
847.854 0.898
848.778 0.924
849.69 0.912
850.535 0.845
851.383 0.848
852.269 0.886
853.167 0.898
854.03 0.863
854.922 0.892
855.831 0.909
856.693 0.862
857.616 0.923
858.528 0.912
859.366 0.838
860.273 0.907
861.145 0.872
862.097 0.952
862.993 0.896
863.897 0.904
864.819 0.922
865.693 0.874
866.517 0.824
867.381 0.864
868.231 0.85
869.065 0.834
869.976 0.911
870.757 0.781
871.543 0.786
872.301 0.758
873.02 0.719
873.687 0.667
874.385 0.698
875.072 0.687
875.76 0.688
876.45 0.69
877.127 0.677
877.76 0.633
878.389 0.629
879.005 0.616
879.609 0.604
880.195 0.586
880.773 0.578
881.353 0.58
881.931 0.578
882.51 0.579
883.109 0.599
883.766 0.657
884.425 0.659
885.07 0.645
885.697 0.627
886.296 0.599
886.895 0.599
887.484 0.589
888.066 0.582
888.647 0.581
889.218 0.571
889.783 0.565
890.344 0.561
890.925 0.581
891.63 0.705
892.416 0.786
893.241 0.825
894.088 0.847
894.951 0.863
895.669 0.718
896.431 0.762
897.22 0.789
898.084 0.864
898.816 0.732
899.601 0.785
900.412 0.811
901.256 0.844
902.109 0.853
903.105 0.996
904.104 0.999
904.89 0.786
905.604 0.714
906.268 0.664
906.963 0.695
908.078 1.115
909.172 1.094
910.226 1.054
911.233 1.007
912.26 1.027
913.298 1.038
914.256 0.958
915.272 1.016
916.279 1.007
917.295 1.016
918.288 0.993
919.302 1.014
920.341 1.039
921.325 0.984
922.316 0.991
923.367 1.051
924.39 1.023
925.316 0.926
926.29 0.974
927.297 1.007
928.289 0.992
929.211 0.922
930.182 0.971
931.153 0.971
932.079 0.926
932.979 0.9
933.931 0.952
934.896 0.965
935.776 0.88
936.708 0.932
937.683 0.975
938.617 0.934
939.473 0.856
940.401 0.928
941.35 0.949
942.225 0.875
943.119 0.894
944.054 0.935
945.037 0.983
945.961 0.924
946.93 0.969
947.921 0.991
948.813 0.892
949.651 0.838
950.54 0.889
951.477 0.937
952.318 0.841
953.226 0.908
954.114 0.888
955.011 0.897
955.965 0.954
956.892 0.927
957.784 0.892
958.734 0.95
959.772 1.038
960.774 1.002
961.732 0.958
962.728 0.996
963.736 1.008
964.689 0.953
965.583 0.894
966.549 0.966
967.525 0.976
968.475 0.95
969.383 0.908
970.322 0.939
971.272 0.95
972.188 0.916
973.052 0.864
973.967 0.915
974.891 0.924
975.722 0.831
976.546 0.824
977.447 0.901
978.392 0.945
979.256 0.864
980.129 0.873
981.048 0.919
981.923 0.875
982.728 0.805
983.549 0.821
984.34 0.791
985.165 0.825
985.973 0.808
986.706 0.733
987.491 0.785
988.31 0.819
989.162 0.852
990.05 0.888
990.906 0.856
991.664 0.758
992.326 0.662
992.988 0.662
993.636 0.648
994.308 0.672
995.375 1.067
996.356 0.981
997.285 0.929
998.247 0.962
999.202 0.955
1000.063 0.861
1000.927 0.864
1001.808 0.881
1002.698 0.89
1003.502 0.804
1004.419 0.917
1005.4 0.981
1006.297 0.897
1007.167 0.87
1008.086 0.919
1009.007 0.921
1009.818 0.811
1010.693 0.875
1011.596 0.903
1012.451 0.855
1013.273 0.822
1014.15 0.877
1015.027 0.877
1015.808 0.781
1016.646 0.838
1017.547 0.901
1018.4 0.853
1019.23 0.83
1020.139 0.909
1021.064 0.925
1021.943 0.879
1022.778 0.835
1023.679 0.901
1024.609 0.93
1025.449 0.84
1026.238 0.789
1027.07 0.832
1027.948 0.878
1028.777 0.829
1029.603 0.826
1030.502 0.899
1031.379 0.877
1032.192 0.813
1033.056 0.864
1033.936 0.88
1034.793 0.857
1035.585 0.792
1036.298 0.713
1036.969 0.671
1037.63 0.661
1038.314 0.684
1038.973 0.659
1039.673 0.7
1040.393 0.72
1041.108 0.715
1041.833 0.725
1042.595 0.762
1043.489 0.894
1044.267 0.778
1044.963 0.696
1045.652 0.689
1046.329 0.677
1046.99 0.661
1047.702 0.712
1048.502 0.8
1049.263 0.761
1049.998 0.735
1050.675 0.677
1051.314 0.639
1051.954 0.64
1052.567 0.613
1053.164 0.597
1053.751 0.587
1054.333 0.582
1054.895 0.562
1055.457 0.562
1056.023 0.566
1056.583 0.56
1057.168 0.585
1057.845 0.677
1058.638 0.793
1059.415 0.777
1060.187 0.772
1060.962 0.775
1061.675 0.713
1062.308 0.633
1062.917 0.609
1063.533 0.616
1064.201 0.668
1064.858 0.657
1065.479 0.621
1066.081 0.602
1066.681 0.6
1067.272 0.591
1067.858 0.586
1068.486 0.628
1069.211 0.725
1069.935 0.724
1070.608 0.673
1071.24 0.632
1071.853 0.613
1072.506 0.653
1073.231 0.725
1074.083 0.852
1074.955 0.872
1075.86 0.905
1076.788 0.928
1077.734 0.946
1078.67 0.936
1079.604 0.934
1080.538 0.934
1081.463 0.925
1082.383 0.92
1083.356 0.973
1084.355 0.999
1085.359 1.004
1086.316 0.957
1087.12 0.804
1087.883 0.763
1088.623 0.74
1089.445 0.822
1090.259 0.814
1091.047 0.788
1091.762 0.715
1092.519 0.757
1093.301 0.782
1094.091 0.79
1094.85 0.759
1095.732 0.882
1096.581 0.849
1097.382 0.801
1098.151 0.769
1098.954 0.803
1099.72 0.766
1100.565 0.845
1101.39 0.825
1102.172 0.782
1102.925 0.753
1103.723 0.798
1104.561 0.838
1105.401 0.84
1106.265 0.864
1107.159 0.894
1108.039 0.88
1108.956 0.917
1109.911 0.955
1110.848 0.937
1111.75 0.902
1112.684 0.934
1113.598 0.914
1114.49 0.892
1115.402 0.912
1116.312 0.91
1117.217 0.905
1118.026 0.809
1118.805 0.779
1119.506 0.701
1120.178 0.672
1120.94 0.762
1121.781 0.841
1122.553 0.772
1123.403 0.85
1124.315 0.912
1125.184 0.869
1126.052 0.868
1126.929 0.877
1127.826 0.897
1128.713 0.887
1129.581 0.868
1130.481 0.9
1131.426 0.945
1132.325 0.899
1133.211 0.886
1134.133 0.922
1135.073 0.94
1135.903 0.83
1136.733 0.83
1137.576 0.843
1138.409 0.833
1139.252 0.843
1140.143 0.891
1141.029 0.886
1141.905 0.876
1142.725 0.82
1143.64 0.915
1144.606 0.966
1145.581 0.975
1146.521 0.94
1147.482 0.961
1148.457 0.975
1149.392 0.935
1150.259 0.867
1151.169 0.91
1152.124 0.955
1153.053 0.929
1153.919 0.866
1154.822 0.903
1155.736 0.914
1156.654 0.918
1157.526 0.872
1158.408 0.882
1159.34 0.932
1160.234 0.894
1161.088 0.854
1161.968 0.88
1162.898 0.93
1163.866 0.968
1164.836 0.97
1165.835 0.999
1166.846 1.011
1167.782 0.936
1168.759 0.977
1169.789 1.03
1170.795 1.006
1171.758 0.963
1172.79 1.032
1173.804 1.014
1174.773 0.969
1175.753 0.98
1176.76 1.007
1177.753 0.993
1178.704 0.951
1179.61 0.906
1180.587 0.977
1181.578 0.991
1182.583 1.005
1183.511 0.928
1184.485 0.974
1185.494 1.009
1186.451 0.957
1187.351 0.9
1188.309 0.958
1189.318 1.009
1190.312 0.994
1191.261 0.949
1192.256 0.995
1193.273 1.017
1194.238 0.965
1195.167 0.929
1196.16 0.993
1197.142 0.982
1198.092 0.95
1198.97 0.878
1199.922 0.952
1200.92 0.998
1201.909 0.989
1202.83 0.921
1203.808 0.978
1204.799 0.991
1205.776 0.977
1206.688 0.912
1207.652 0.964
1208.588 0.936
1209.508 0.92
1210.324 0.816
1211.195 0.871
1212.111 0.916
1213.042 0.931
1213.917 0.875
1214.841 0.924
1215.781 0.94
1216.695 0.914
1217.603 0.908
1218.55 0.947
1219.461 0.911
1220.324 0.863
1221.233 0.909
1222.16 0.927
1223.066 0.906
1223.922 0.856
1224.842 0.92
1225.752 0.91
1226.61 0.858
1227.463 0.853
1228.303 0.84
1229.112 0.809
1229.895 0.783
1230.776 0.881
1231.687 0.911
1232.564 0.877
1233.401 0.837
1234.303 0.902
1235.23 0.927
1236.157 0.927
1237.017 0.86
1237.906 0.889
1238.831 0.925
1239.769 0.938
1240.644 0.875
1241.492 0.848
1242.402 0.91
1243.367 0.965
1244.318 0.951
1245.17 0.852
1246.041 0.871
1246.958 0.917
1247.873 0.915
1248.725 0.852
1249.536 0.811
1250.256 0.72
1250.936 0.68
1251.609 0.673
1252.347 0.738
1253.089 0.742
1253.849 0.76
1254.725 0.876
1255.641 0.916
1256.524 0.883
1257.314 0.79
1258.17 0.856
1259.069 0.899
1259.965 0.896
1260.794 0.829
1261.676 0.882
1262.569 0.893
1263.463 0.894
1264.31 0.847
1265.201 0.891
1266.126 0.925
1267.047 0.921
1267.903 0.856
1268.814 0.911
1269.764 0.95
1270.681 0.917
1271.573 0.892
1272.511 0.938
1273.468 0.957
1274.385 0.917
1275.275 0.89
1276.191 0.916
1277.125 0.934
1278.011 0.886
1278.89 0.879
1279.822 0.932
1280.757 0.935
1281.646 0.889
1282.485 0.839
1283.386 0.901
1284.322 0.936
1285.237 0.915
1286.1 0.863
1287.012 0.912
1287.94 0.928
1288.856 0.916
1289.76 0.904
1290.692 0.932
1291.616 0.924
1292.512 0.896
1293.444 0.932
1294.378 0.934
1295.295 0.917
1296.215 0.92
1297.124 0.909
1297.987 0.863
1298.866 0.879
1299.715 0.849
1300.527 0.812
1301.3 0.773
1302.101 0.801
1302.969 0.868
1303.846 0.877
1304.662 0.816
1305.471 0.809
1306.239 0.768
1306.973 0.734
1307.809 0.836
1308.717 0.908
1309.596 0.879
1310.434 0.838
1311.323 0.889
1312.212 0.889
1313.07 0.858
1313.915 0.845
1314.806 0.891
1315.713 0.907
1316.57 0.857
1317.442 0.872
1318.322 0.88
1319.151 0.829
1320.015 0.864
1320.896 0.881
1321.775 0.879
1322.599 0.824
1323.448 0.849
1324.309 0.861
1325.113 0.804
1325.931 0.818
1326.754 0.823
1327.554 0.8
1328.31 0.756
1329.138 0.828
1329.993 0.855
1330.769 0.776
1331.474 0.705
1332.238 0.764
1333.051 0.813
1333.856 0.805
1334.585 0.729
1335.374 0.789
1336.248 0.874
1337.072 0.824
1337.866 0.794
1338.708 0.842
1339.583 0.875
1340.382 0.799
1341.186 0.804
1341.994 0.808
1342.814 0.82
1343.579 0.765
1344.414 0.835
1345.301 0.887
1346.178 0.877
1347.087 0.909
1347.992 0.905
1348.869 0.877
1349.804 0.935
1350.726 0.922
1351.597 0.871
1352.508 0.911
1353.436 0.928
1354.248 0.812
1355.063 0.815
1355.788 0.725
1356.539 0.751
1357.237 0.698
1357.885 0.648
1358.527 0.642
1359.2 0.673
1359.872 0.672
1360.691 0.819
1361.459 0.768
1362.162 0.703
1362.827 0.665
1363.484 0.657
1364.102 0.618
1364.699 0.597
1365.289 0.59
1365.865 0.576
1366.44 0.575
1367.006 0.566
1367.563 0.557
1368.114 0.551
1368.657 0.543
1369.194 0.537
1369.593 0.399
1369.853 0.26
1370.186 0.333
1370.489 0.303
1370.829 0.34
1371.126 0.297