0.000 2.999
2.999 2.999
3.775 0.776
4.573 0.798
5.365 0.792
6.151 0.786
6.918 0.767
7.623 0.705
8.45 0.827
9.233 0.783
10.054 0.821
10.886 0.832
11.701 0.815
12.498 0.797
13.324 0.826
14.148 0.824
14.957 0.809
15.734 0.777
16.508 0.774
17.29 0.782
18.061 0.771
18.835 0.774
19.604 0.769
20.389 0.785
21.191 0.802
22.014 0.823
22.846 0.832
23.671 0.825
24.482 0.811
25.269 0.787
26.044 0.775
26.828 0.784
27.63 0.802
28.447 0.817
29.286 0.839
30.123 0.837
30.941 0.818
31.784 0.843
32.621 0.837
33.435 0.814
34.232 0.797
35.019 0.787
35.809 0.79
36.605 0.796
37.417 0.812
38.259 0.842
39.152 0.893
40.082 0.93
41.032 0.95
41.975 0.943
42.88 0.905
43.763 0.883
44.631 0.868
45.5 0.869
46.378 0.878
47.285 0.907
48.206 0.921
49.133 0.927
50.041 0.908
50.936 0.895
51.832 0.896
52.739 0.907
53.648 0.909
54.557 0.909
55.462 0.905
56.364 0.902
57.246 0.882
58.12 0.874
58.99 0.87
59.871 0.881
60.774 0.903
61.412 0.638
62.509 1.097
63.419 0.91
64.3 0.881
65.177 0.877
66.066 0.889
66.965 0.899
67.873 0.908
68.776 0.903
69.662 0.886
70.531 0.869
71.393 0.862
72.258 0.865
73.137 0.879
74.021 0.884
74.92 0.899
75.789 0.869
76.646 0.857
77.516 0.87
78.386 0.87
79.256 0.87
80.124 0.868
80.977 0.853
81.824 0.847
82.685 0.861
83.564 0.879
84.462 0.898
85.365 0.903
86.269 0.904
87.151 0.882
88.014 0.863
88.878 0.864
89.741 0.863
90.599 0.858
91.458 0.859
92.318 0.86
93.166 0.848
94.009 0.843
94.855 0.846
95.71 0.855
96.577 0.867
97.464 0.887
98.37 0.906
99.286 0.916
100.208 0.922
101.09 0.882
101.964 0.874
102.848 0.884
103.727 0.879
104.607 0.88
105.493 0.886
106.381 0.888
107.278 0.897
108.142 0.864
108.999 0.857
109.872 0.873
110.75 0.878
111.64 0.89
112.54 0.9
113.427 0.887
114.291 0.864
115.158 0.867
116.04 0.882
116.922 0.882
117.817 0.895
118.705 0.888
119.566 0.861
120.428 0.862
121.3 0.872
122.187 0.887
123.087 0.9
123.995 0.908
124.898 0.903
125.771 0.873
126.634 0.863
127.499 0.865
128.386 0.887
129.284 0.898
130.188 0.904
131.077 0.889
131.938 0.861
132.805 0.867
133.676 0.871
134.555 0.879
135.445 0.89
136.337 0.892
137.222 0.885
138.085 0.863
138.941 0.856
139.816 0.875
140.698 0.882
141.589 0.891
142.491 0.902
143.36 0.869
144.23 0.87
145.113 0.883
146.01 0.897
146.92 0.91
147.828 0.908
148.708 0.88
149.571 0.863
150.447 0.876
151.328 0.881
152.218 0.89
153.115 0.897
153.989 0.874
154.854 0.865
155.719 0.865
156.594 0.875
157.475 0.881
158.36 0.885
159.25 0.89
160.117 0.867
160.967 0.85
161.827 0.86
162.69 0.863
163.569 0.879
164.457 0.888
165.36 0.903
166.232 0.872
167.088 0.856
167.948 0.86
168.813 0.865
169.679 0.866
170.55 0.871
171.412 0.862
172.254 0.842
173.098 0.844
173.96 0.862
174.829 0.869
175.705 0.876
176.596 0.891
177.483 0.887
178.346 0.863
179.203 0.857
180.069 0.866
180.934 0.865
181.806 0.872
182.688 0.882
183.541 0.853
184.387 0.846
185.238 0.851
186.103 0.865
186.972 0.869
187.845 0.873
188.721 0.876
189.577 0.856
190.429 0.852
191.284 0.855
192.146 0.862
193.018 0.872
193.898 0.88
194.781 0.883
195.652 0.871
196.516 0.864
197.387 0.871
198.263 0.876
199.145 0.882
200.013 0.868
200.867 0.854
201.727 0.86
202.59 0.863
203.451 0.861
204.314 0.863
205.177 0.863
206.016 0.839
206.859 0.843
207.713 0.854
208.575 0.862
209.451 0.876
210.343 0.892
211.228 0.885
212.106 0.878
212.978 0.872
213.85 0.872
214.729 0.879
215.61 0.881
216.5 0.89
217.39 0.89
218.266 0.876
219.117 0.851
219.956 0.839
220.804 0.848
221.662 0.858
222.532 0.87
223.416 0.884
224.318 0.902
225.213 0.895
226.083 0.87
226.945 0.862
227.802 0.857
228.666 0.864
229.532 0.866
230.383 0.851
231.227 0.844
232.074 0.847
232.933 0.859
233.801 0.868
234.689 0.888
235.585 0.896
236.476 0.891
237.339 0.863
238.188 0.849
239.041 0.853
239.898 0.857
240.753 0.855
241.612 0.859
242.479 0.867
243.351 0.872
244.196 0.845
245.04 0.844
245.892 0.852
246.759 0.867
247.63 0.871
248.513 0.883
249.37 0.857
250.225 0.855
251.087 0.862
251.961 0.874
252.841 0.88
253.733 0.892
254.6 0.867
255.457 0.857
256.321 0.864
257.183 0.862
258.018 0.835
258.831 0.813
259.646 0.815
260.472 0.826
261.298 0.826
262.122 0.824
262.927 0.805
263.732 0.805
264.542 0.81
265.356 0.814
266.178 0.822
267.011 0.833
267.835 0.824
268.657 0.822
269.483 0.826
270.316 0.833
271.15 0.834
271.988 0.838
272.806 0.818
273.629 0.823
274.465 0.836
275.311 0.846
276.17 0.859
277.039 0.869
277.923 0.884
278.785 0.862
279.632 0.847
280.48 0.848
281.325 0.845
282.173 0.848
283.025 0.852
283.881 0.856
284.738 0.857
285.579 0.841
286.429 0.85
287.291 0.862
288.166 0.875
289.048 0.882
289.949 0.901
290.851 0.902
291.724 0.873
292.59 0.866
293.465 0.875
294.332 0.867
295.203 0.871
296.077 0.874
296.929 0.852
297.772 0.843
298.623 0.851
299.483 0.86
300.349 0.866
301.226 0.877
302.109 0.883
302.974 0.865
303.826 0.852
304.677 0.851
305.539 0.862
306.403 0.864
307.266 0.863
308.14 0.874
309.002 0.862
309.843 0.841
310.691 0.848
311.546 0.855
312.378 0.832
312.641 0.263
313.129 0.488
314.084 0.955
314.89 0.806
315.675 0.785
316.448 0.773
317.196 0.748
317.925 0.729
318.64 0.715
319.347 0.707
320.057 0.71
320.777 0.72
321.493 0.716
322.212 0.719
322.916 0.704
323.613 0.697
324.316 0.703
325.038 0.722
325.789 0.751
326.568 0.779
327.375 0.807
328.186 0.811
328.992 0.806
329.782 0.79
330.581 0.799
331.386 0.805
332.192 0.806
333.009 0.817
333.831 0.822
334.657 0.826
335.471 0.814
336.281 0.81
337.095 0.814
337.908 0.813
338.728 0.82
339.528 0.8
340.327 0.799
340.845 0.518
341.609 0.764
341.879 0.27
342.674 0.795
343.432 0.758
344.069 0.637
344.829 0.76
345.306 0.477
346.198 0.892
346.894 0.696
347.599 0.705
348.308 0.709
349.033 0.725
349.767 0.734
350.509 0.742
351.267 0.758
351.526 0.259
352.041 0.515
352.811 0.77
353.552 0.741
354.259 0.707
354.688 0.429
354.956 0.268
355.658 0.702
356.294 0.636
357.039 0.745
357.73 0.691
358.451 0.721
359.173 0.722
359.924 0.751
360.714 0.79
361.542 0.828
362.423 0.881
363.336 0.913
364.249 0.913
365.158 0.909
366.038 0.88
366.868 0.83
367.665 0.797
368.423 0.758
369.139 0.716
369.844 0.705
370.595 0.751
371.381 0.786
372.16 0.779
372.963 0.803
373.792 0.829
374.646 0.854
375.53 0.884
376.434 0.904
377.327 0.893
378.235 0.908
379.138 0.903
380.036 0.898
380.885 0.849
381.715 0.83
382.524 0.809
383.355 0.831
384.216 0.861
385.085 0.869
385.91 0.825
386.711 0.801
387.518 0.807
388.325 0.807
389.153 0.828
389.978 0.825
390.787 0.809
391.615 0.828
392.451 0.836
393.289 0.838
394.137 0.848
394.991 0.854
395.85 0.859
396.684 0.834
397.522 0.838
398.36 0.838
399.2 0.84
400.04 0.84
400.884 0.844
401.733 0.849
402.567 0.834
403.389 0.822
404.221 0.832
405.06 0.839
405.905 0.845
406.752 0.847
407.607 0.855
408.474 0.867
409.332 0.858
410.175 0.843
411.018 0.843
411.865 0.847
412.722 0.857
413.59 0.868
414.454 0.864
415.312 0.858
416.155 0.843
417.012 0.857
417.896 0.884
418.78 0.884
419.671 0.891
420.559 0.888
421.422 0.863
422.264 0.842
423.106 0.842
423.954 0.848
424.808 0.854
425.667 0.859
426.535 0.868
427.381 0.846
428.226 0.845
429.084 0.858
429.946 0.862
430.824 0.878
431.701 0.877
432.057 0.356
432.545 0.488
433.374 0.829
434.202 0.828
435.054 0.852
435.92 0.866
436.794 0.874
437.663 0.869
438.505 0.842
439.352 0.847
440.196 0.844
441.048 0.852
441.906 0.858
442.774 0.868
443.655 0.881
444.525 0.87
445.369 0.844
446.21 0.841
447.051 0.841
447.894 0.843
448.742 0.848
449.599 0.857
450.441 0.842
451.28 0.839
452.138 0.858
452.996 0.858
453.859 0.863
454.735 0.876
455.593 0.858
456.424 0.831
457.258 0.834
458.095 0.837
458.934 0.839
459.78 0.846
460.632 0.852
461.452 0.82
462.27 0.818
463.096 0.826
463.933 0.837
464.781 0.848
465.633 0.852
466.499 0.866
467.348 0.849
468.179 0.831
469.016 0.837
469.861 0.845
470.705 0.844
471.55 0.845
472.381 0.831
473.21 0.829
474.051 0.841
474.898 0.847
475.749 0.851
476.59 0.841
477.409 0.819
478.23 0.821
479.063 0.833
479.907 0.844
480.762 0.855
481.631 0.869
482.469 0.838
483.299 0.83
484.134 0.835
484.974 0.84
485.833 0.859
486.692 0.859
487.56 0.868
488.402 0.842
489.243 0.841
490.091 0.848
490.943 0.852
491.808 0.865
492.674 0.866
493.526 0.852
494.374 0.848
495.233 0.859
496.093 0.86
496.958 0.865
497.819 0.861
498.671 0.852
499.532 0.861
500.39 0.858
501.262 0.872
502.138 0.876
503.024 0.886
503.873 0.849
504.718 0.845
505.563 0.845
506.41 0.847
507.256 0.846
508.081 0.825
508.896 0.815
509.718 0.822
510.54 0.822
511.374 0.834
512.216 0.842
513.045 0.829
513.874 0.829
514.701 0.827
515.539 0.838
516.378 0.839
517.217 0.839
518.036 0.819
518.851 0.815
519.671 0.82
520.491 0.82
521.325 0.834
522.16 0.835
522.975 0.815
523.796 0.821
524.619 0.823
525.456 0.837
526.3 0.844
527.13 0.83
527.948 0.818
528.778 0.83
529.611 0.833
530.447 0.836
531.271 0.824
532.104 0.833
532.94 0.836
533.782 0.842
534.633 0.851
535.483 0.85
536.316 0.833
537.132 0.816
537.956 0.824
538.782 0.826
539.609 0.827
540.436 0.827
541.252 0.816
542.044 0.792
542.831 0.787
543.617 0.786
544.39 0.773
545.151 0.761
545.941 0.79
546.749 0.808
547.544 0.795
548.334 0.79
549.125 0.791
549.914 0.789
550.713 0.799
551.522 0.809
552.337 0.815
553.135 0.798
553.931 0.796
554.734 0.803
555.546 0.812
556.362 0.816
557.181 0.819
557.993 0.812
558.806 0.813
559.632 0.826
560.468 0.836
561.321 0.853
562.179 0.858
563.042 0.863
563.886 0.844
564.72 0.834
565.559 0.839
566.397 0.838
567.237 0.84
568.071 0.834
568.893 0.822
569.717 0.824
570.548 0.831
571.387 0.839
572.235 0.848
573.072 0.837
573.905 0.833
574.734 0.829
575.57 0.836
583.991 8.421
584.875 0.884
585.745 0.87
586.608 0.863
587.483 0.875
588.361 0.878
589.24 0.879
590.118 0.878
590.985 0.867
591.811 0.826
592.624 0.813
593.428 0.804
594.197 0.769
594.927 0.73
595.725 0.798
596.573 0.848
597.409 0.836
598.241 0.832
599.075 0.834
599.938 0.863
600.816 0.878
601.701 0.885
602.596 0.895
603.462 0.866
604.304 0.842
605.157 0.853
606.009 0.852
606.86 0.851
607.719 0.859
608.552 0.833
609.385 0.833
610.23 0.845
611.084 0.854
611.94 0.856
612.804 0.864
613.65 0.846
614.48 0.83
615.305 0.825
616.136 0.831
616.967 0.831
617.813 0.846
618.631 0.818
619.453 0.822
620.283 0.83
621.131 0.848
621.992 0.861
622.852 0.86
623.719 0.867
624.559 0.84
625.389 0.83
626.225 0.836
627.063 0.838
627.901 0.838
628.718 0.817
629.528 0.81
630.343 0.815
631.165 0.822
632.001 0.836
632.848 0.847
633.705 0.857
634.526 0.821
635.343 0.817
636.163 0.82
636.982 0.819
637.803 0.821
638.632 0.829
639.437 0.805
640.241 0.804
641.049 0.808
641.859 0.81
642.682 0.823
643.521 0.839
644.374 0.853
645.19 0.816
646.006 0.816
646.75 0.744
647.612 0.862
648.395 0.783
649.143 0.748
649.898 0.755
650.655 0.757
651.395 0.74
652.116 0.721
652.805 0.689
653.479 0.674
654.16 0.681
654.858 0.698
655.576 0.718
656.308 0.732
657.031 0.723
657.747 0.716
658.491 0.744
659.266 0.775
660.062 0.796
660.845 0.783
661.615 0.77
662.345 0.73
663.052 0.707
663.72 0.668
664.376 0.656
665.057 0.681
665.779 0.722
666.552 0.773
667.053 0.501
667.331 0.278
668.092 0.761
668.834 0.742
669.538 0.704
670.22 0.682
670.904 0.684
671.62 0.716
672.372 0.752
673.159 0.787
673.939 0.78
674.695 0.756
675.431 0.736
676.172 0.741
676.938 0.766
677.741 0.803
678.552 0.811
679.347 0.795
680.153 0.806
680.968 0.815
681.802 0.834
682.64 0.838
683.491 0.851
684.308 0.817
685.088 0.78
685.843 0.755
686.609 0.766
687.383 0.774
688.167 0.784
688.961 0.794
689.736 0.775
690.534 0.798
691.324 0.79
692.134 0.81
692.968 0.834
693.813 0.845
694.645 0.832
695.444 0.799
696.233 0.789
697.028 0.795
697.832 0.804
698.67 0.838
699.507 0.837
700.311 0.804
701.093 0.782
701.896 0.803
702.711 0.815
703.539 0.828
704.386 0.847
705.197 0.811
705.983 0.786
706.776 0.793
707.56 0.784
708.343 0.783
709.138 0.795
709.937 0.799
710.74 0.803
711.526 0.786
712.315 0.789
712.907 0.592
713.779 0.872
714.305 0.526
714.811 0.506
715.131 0.32
715.434 0.303
715.793 0.359
716.442 0.649
717.076 0.634
717.722 0.646
718.388 0.666
719.069 0.681
719.748 0.679
720.428 0.68
721.143 0.715
721.892 0.749
722.667 0.775
723.421 0.754
724.167 0.746
724.945 0.778
725.738 0.793
726.542 0.804
727.356 0.814
728.14 0.784
728.932 0.792
729.735 0.803
730.551 0.816
731.381 0.83
732.229 0.848
733.058 0.829
733.889 0.831
734.725 0.836
735.579 0.854
736.436 0.857
737.293 0.857
738.171 0.878
739.05 0.879
739.885 0.835
740.71 0.825
741.543 0.833
742.383 0.84
743.242 0.859
744.116 0.874
744.974 0.858
745.815 0.841
746.666 0.851
747.532 0.866
748.398 0.866
749.269 0.871
750.147 0.878
750.995 0.848
751.839 0.844
752.689 0.85
753.546 0.857
754.405 0.859
755.283 0.878
756.149 0.866
756.99 0.841
757.84 0.85
758.696 0.856
759.567 0.871
760.441 0.874
761.322 0.881
762.181 0.859
763.029 0.848
763.881 0.852
764.748 0.867
765.614 0.866
766.469 0.855
767.309 0.84
768.159 0.85
769.006 0.847
769.857 0.851
770.718 0.861
771.554 0.836
772.393 0.839
773.238 0.845
774.088 0.85
774.941 0.853
775.777 0.836
776.614 0.837
777.454 0.84
778.296 0.842
779.153 0.857
780.019 0.866
780.866 0.847
781.709 0.843
782.557 0.848
783.407 0.85
784.264 0.857
785.105 0.841
785.938 0.833
786.785 0.847
787.642 0.857
788.531 0.889
789.425 0.894
790.328 0.903
791.225 0.897
792.094 0.869
792.973 0.879
793.865 0.892
794.766 0.901
795.652 0.886
796.523 0.871
797.411 0.888
798.297 0.886
799.185 0.888
800.055 0.87
800.929 0.874
801.783 0.854
802.642 0.859
803.465 0.823
804.289 0.824
805.117 0.828
805.941 0.824
806.766 0.825
807.605 0.839
808.461 0.856
809.335 0.874
810.217 0.882
811.079 0.862
811.95 0.871
812.832 0.882
813.734 0.902
814.633 0.899
815.506 0.873
816.37 0.864
817.24 0.87
818.113 0.873
818.988 0.875
819.86 0.872
820.696 0.836
821.432 0.736
821.78 0.348
822.135 0.355
823.05 0.915
823.344 0.294
823.64 0.296
824.042 0.402
824.564 0.522
824.839 0.275
825.616 0.777
826.317 0.701
827.002 0.685
827.674 0.672
828.328 0.654
828.996 0.668
829.704 0.708
830.426 0.722
831.149 0.723
831.865 0.716
832.58 0.715
833.345 0.765
834.142 0.797
834.966 0.824
835.806 0.84
836.62 0.814
837.458 0.838
838.315 0.857
839.195 0.88
840.092 0.897
840.988 0.896
841.888 0.9
842.746 0.858
843.591 0.845
844.435 0.844
845.287 0.852
846.143 0.856
846.996 0.853
847.833 0.837
848.667 0.834
849.514 0.847
850.366 0.852
851.226 0.86
852.065 0.839
852.895 0.83
853.734 0.839
854.583 0.849
855.436 0.853
856.305 0.869
857.185 0.88
858.036 0.851
858.878 0.842
859.72 0.842
860.574 0.854
861.43 0.856
868.821 0.834
869.655 0.834
870.513 0.858
871.373 0.86
872.22 0.847
873.079 0.859
873.944 0.865
874.811 0.867
875.676 0.865
876.525 0.849
877.374 0.849
878.23 0.856
879.091 0.861
879.956 0.865
880.788 0.832
881.622 0.834
882.466 0.844
883.305 0.839
884.146 0.841
884.987 0.841
885.807 0.82
886.627 0.82
887.458 0.831
888.305 0.847
889.161 0.856
890.029 0.868
890.867 0.838
891.717 0.85
892.578 0.861
893.443 0.865
894.323 0.88
895.201 0.878
896.079 0.878
896.973 0.894
897.829 0.856
898.68 0.851
899.534 0.854
900.398 0.864
901.261 0.863
902.128 0.867
903.001 0.873
903.848 0.847
904.684 0.836
905.531 0.847
906.39 0.859
907.248 0.858
908.103 0.855
908.935 0.832
909.754 0.819
910.578 0.824
911.415 0.837
912.259 0.844
913.131 0.872
913.994 0.863
914.834 0.84
915.668 0.834
916.516 0.848
917.368 0.852
918.223 0.855
919.072 0.849
919.919 0.847
920.758 0.839
921.598 0.84
922.439 0.841
923.292 0.853
924.148 0.856
924.998 0.85
925.856 0.858
926.702 0.846
927.536 0.834
928.378 0.842
929.205 0.827
930.001 0.796
930.404 0.403
930.658 0.254
931.582 0.924
932.313 0.731
933.021 0.708
933.754 0.733
934.48 0.726
935.205 0.725
935.937 0.732
936.686 0.749
937.446 0.76
938.195 0.749
938.948 0.753
939.711 0.763
940.491 0.78
941.261 0.77
942.017 0.756
942.674 0.657
942.992 0.318
943.535 0.543
943.817 0.282
944.261 0.444
944.912 0.651
945.529 0.617
945.893 0.364
946.821 0.928
947.621 0.8
948.421 0.8
949.213 0.792
950.012 0.799
950.795 0.783
951.587 0.792
952.348 0.761
953.111 0.763
953.879 0.768
954.668 0.789
955.46 0.792
956.268 0.808
957.073 0.805
957.846 0.773
958.624 0.778
959.412 0.788
960.215 0.803
960.528 0.313
960.806 0.278
961.16 0.354
961.652 0.492
962.498 0.846
963.23 0.732
963.97 0.74
964.725 0.755
965.505 0.78
966.312 0.807
967.149 0.837
967.99 0.841
968.802 0.812
969.604 0.802
970.406 0.802
971.231 0.825
972.065 0.834
972.913 0.848
973.793 0.88
974.661 0.868
975.52 0.859
976.355 0.835
977.189 0.834
978.029 0.84
978.875 0.846
979.726 0.851
980.602 0.876
981.486 0.884
982.352 0.866
983.208 0.856
984.061 0.853
984.924 0.863
985.783 0.859
986.659 0.876
987.533 0.874
988.411 0.878
989.288 0.877
990.135 0.847
990.987 0.852
991.843 0.856
992.702 0.859
993.567 0.865
994.436 0.869
995.305 0.869
996.171 0.866
997.002 0.831
997.829 0.827
998.664 0.835
999.508 0.844
1000.369 0.861
1001.248 0.879
1002.136 0.888
1003.001 0.865
1003.849 0.848
1004.688 0.839
1005.53 0.842
1006.378 0.848
1007.238 0.86
1008.108 0.87
1008.984 0.876
1009.86 0.876
1010.702 0.842
1011.54 0.838
1012.383 0.843
1013.227 0.844
1014.072 0.845
1014.925 0.853
1015.765 0.84
1016.598 0.833
1017.45 0.852
1018.319 0.869
1019.219 0.9
1020.141 0.922
1021.065 0.924
1021.988 0.923
1022.908 0.92
1023.815 0.907
1024.681 0.866
1025.543 0.862
1026.408 0.865
1027.28 0.872
1028.177 0.897
1029.084 0.907
1029.994 0.91
1030.905 0.911
1031.805 0.9
1032.663 0.858
1033.512 0.849
1034.399 0.887
1035.303 0.904
1036.226 0.923
1037.155 0.929
1038.053 0.898
1038.94 0.887
1039.842 0.902
1040.726 0.884
1041.576 0.85
1042.438 0.862
1043.263 0.825
1044.068 0.805
1044.894 0.826
1045.721 0.827
1046.558 0.837
1047.412 0.854
1048.236 0.824
1049.058 0.822
1049.903 0.845
1050.756 0.853
1051.615 0.859
1052.488 0.873
1053.362 0.874
1054.198 0.836
1055.033 0.835
1055.881 0.848
1056.733 0.852
1057.602 0.869
1058.451 0.849
1059.278 0.827
1060.121 0.843
1060.968 0.847
1061.793 0.825
1062.662 0.869
1063.536 0.874
1064.39 0.854
1065.228 0.838
1066.078 0.85
1066.921 0.843
1067.759 0.838
1068.565 0.806
1069.37 0.805
1070.189 0.819
1071.008 0.819
1071.829 0.821
1072.652 0.823
1073.442 0.79
1074.222 0.78
1075.006 0.784
1075.79 0.784
1076.572 0.782
1077.36 0.788
1078.144 0.784
1078.924 0.78
1079.685 0.761
1080.448 0.763
1081.156 0.708
1081.843 0.687
1082.533 0.69
1083.253 0.72
1084.05 0.797
1084.916 0.866
1085.763 0.847
1086.584 0.821
1087.394 0.81
1088.21 0.816
1089.045 0.835
1089.879 0.834
1090.716 0.837
1091.528 0.812
1092.339 0.811
1093.162 0.823
1093.998 0.836
1094.841 0.843
1095.653 0.812
1096.449 0.796
1097.243 0.794
1098.033 0.79
1098.813 0.78
1099.544 0.731
1099.841 0.297
1100.235 0.394
1100.637 0.402
1100.893 0.256
1101.542 0.649
1102.173 0.631
1102.806 0.633
1103.49 0.684
1104.199 0.709
1104.943 0.744
1105.706 0.763
1106.456 0.75
1107.184 0.728
1107.888 0.704
1108.582 0.694
1109.29 0.708
1110.016 0.726
1110.781 0.765
1111.534 0.753
1112.279 0.745
1113.044 0.765
1113.831 0.787
1114.616 0.785
1115.415 0.799
1116.203 0.788
1117.006 0.803
1117.809 0.803
1118.63 0.821
1119.113 0.483
1119.376 0.263
1119.663 0.287
1119.926 0.263
1120.249 0.323
1120.525 0.276
1120.921 0.396
1121.236 0.315
1121.738 0.502
1122.28 0.542
1123.33 1.05
1124.059 0.729
1124.782 0.723
1125.546 0.764
1126.344 0.798
1127.189 0.845
1128.013 0.824
1128.852 0.839
1129.692 0.84
1129.987 0.295
1130.522 0.535
1131.314 0.792
1132.113 0.799
1132.923 0.81
1133.731 0.808
1134.55 0.819
1135.386 0.836
1136.237 0.851
1137.106 0.869
1137.982 0.876
1138.83 0.848
1139.683 0.853
1140.548 0.865
1141.419 0.871
1142.289 0.87
1143.153 0.864
1143.985 0.832
1144.809 0.824
1145.617 0.808
1146.404 0.787
1147.187 0.783
1147.943 0.756
1148.721 0.778
1149.513 0.792
1150.323 0.81
1151.123 0.8
1151.897 0.774
1152.646 0.749
1153.377 0.731
1154.074 0.697
1154.808 0.734
1155.591 0.783
1156.387 0.796
1157.167 0.78
1157.974 0.807
1158.796 0.822
1159.621 0.825
1160.456 0.835
1161.291 0.835
1162.109 0.818
1162.943 0.834
1163.775 0.832
1164.616 0.841
1165.461 0.845
1166.274 0.813
1167.103 0.829
1167.947 0.844
1168.812 0.865
1169.689 0.877
1170.573 0.884
1171.433 0.86
1172.298 0.865
1173.175 0.877
1174.058 0.883
1174.958 0.9
1175.854 0.896
1176.717 0.863
1177.57 0.853
1178.428 0.858
1179.287 0.859
1180.155 0.868
1181.041 0.886
1181.971 0.93
1182.907 0.936
1183.852 0.945
1184.8 0.948
1185.749 0.949
1186.648 0.899
1187.526 0.878
1188.391 0.865
1189.253 0.862
1190.129 0.876
1191.001 0.872
1191.875 0.874
1192.747 0.872
1193.629 0.882
1194.513 0.884
1195.41 0.897
1196.319 0.909
1197.24 0.921
1198.168 0.928
1199.098 0.93
1200.02 0.922
1200.939 0.919
1201.858 0.919
1202.775 0.917
1203.69 0.915
1204.583 0.893
1205.472 0.889
1206.338 0.866
1207.174 0.836
1208.021 0.847
1208.853 0.832
1209.669 0.816
1210.48 0.811
1211.338 0.858
1212.175 0.837
1213.028 0.853
1213.872 0.844
1214.73 0.858
1215.569 0.839
1216.41 0.841
1217.262 0.852
1218.088 0.826
1218.904 0.816
1219.725 0.821
1220.561 0.836
1221.384 0.823
1222.218 0.834
1223.068 0.85
1223.928 0.86
1224.805 0.877
1225.692 0.887
1226.584 0.892
1227.453 0.869
1228.312 0.859
1229.156 0.844
1229.997 0.841
1230.84 0.843
1231.703 0.863
1232.589 0.886
1233.476 0.887
1234.376 0.9
1235.28 0.904
1236.154 0.874
1237.033 0.879
1237.892 0.859
1238.748 0.856
1239.609 0.861
1240.482 0.873
1241.382 0.9
1242.306 0.924
1243.217 0.911
1244.141 0.924
1245.066 0.925
1245.981 0.915
1246.888 0.907
1247.758 0.87
1248.611 0.853
1249.453 0.842
1250.295 0.842
1251.155 0.86
1252.059 0.904
1252.941 0.882
1253.837 0.896
1254.726 0.889
1255.603 0.877
1256.474 0.871
1257.316 0.842
1258.155 0.839
1258.984 0.829
1259.815 0.831
1260.665 0.85
1261.55 0.885
1262.442 0.892
1263.321 0.879
1264.21 0.889
1265.101 0.891
1265.982 0.881
1266.862 0.88
1267.714 0.852
1268.563 0.849
1269.399 0.836
1270.235 0.836
1271.086 0.851
1271.956 0.87
1272.824 0.868
1273.675 0.851
1274.535 0.86
1275.381 0.846
1276.221 0.84
1277.059 0.838
1277.872 0.813
1278.689 0.817
1279.5 0.811
1280.316 0.816
1281.156 0.84
1282.037 0.881
1282.939 0.902
1283.86 0.921
1284.765 0.905
1285.666 0.901
1286.56 0.894
1287.437 0.877
1288.295 0.858
1289.136 0.841
1289.96 0.824
1290.778 0.818
1291.579 0.801
1292.359 0.78
1293.239 0.88
1294.092 0.853
1294.952 0.86
1295.82 0.868
1296.698 0.878
1297.566 0.868
1298.431 0.865
1299.286 0.855
1300.139 0.853
1300.996 0.857
1301.862 0.866
1302.737 0.875
1303.583 0.846
1304.417 0.834
1305.239 0.822
1306.06 0.821
1306.873 0.813
1307.672 0.799
1308.474 0.802
1309.273 0.799
1310.078 0.805
1310.896 0.818
1311.726 0.83
1312.57 0.844
1313.416 0.846
1314.25 0.834
1315.089 0.839
1315.927 0.838
1316.758 0.831
1317.577 0.819
1318.393 0.816
1319.208 0.815
1320.019 0.811
1320.835 0.816
1321.666 0.831
1322.513 0.847
1323.351 0.838
1324.189 0.838
1325.024 0.835
1325.855 0.831
1326.678 0.823
1327.487 0.809
1328.293 0.806
1329.099 0.806
1329.903 0.804
1330.71 0.807
1331.541 0.831
1332.392 0.851
1333.235 0.843
1334.076 0.841
1334.594 0.518
1335.645 1.051
1336.468 0.823
1337.273 0.805
1338.075 0.802
1338.874 0.799
1339.665 0.791
1340.448 0.783
1341.289 0.841
1342.121 0.832
1342.944 0.823
1343.769 0.825
1344.591 0.822
1345.413 0.822
1346.235 0.822
1347.064 0.829
1347.88 0.816
1348.694 0.814
1349.503 0.809
1350.313 0.81
1351.128 0.815
1351.969 0.841
1352.775 0.806
1353.572 0.797
1354.358 0.786
1355.126 0.768
1355.888 0.762
1356.64 0.752
1357.399 0.759
1358.155 0.756
1358.87 0.715
1359.612 0.742
1360.443 0.831
1361.29 0.847
1362.096 0.806
1362.8 0.704
1363.49 0.69
1363.794 0.304
1364.102 0.308
1364.401 0.299
1365.001 0.6
1367.319 2.318
1367.989 0.67
1368.648 0.659
1369.308 0.66
1370.005 0.697
1370.796 0.791
1371.645 0.849
1372.464 0.819
1373.259 0.795
1374.057 0.798
1374.859 0.802
1375.656 0.797
1376.456 0.8
1377.251 0.795
1378.04 0.789
1378.823 0.783
1379.604 0.781
1380.378 0.774
1381.128 0.75
1382.014 0.886
1382.797 0.783
1383.729 0.932
1384.573 0.844
1385.31 0.737
1385.649 0.339
1386.241 0.592
1387.059 0.818
1387.87 0.811
1388.669 0.799
1389.464 0.795
1390.252 0.788
1391.01 0.758
1391.815 0.805
1392.697 0.882
1393.499 0.802
1394.303 0.804
1394.706 0.403
1395.098 0.392
1395.371 0.273
1395.885 0.514
1396.668 0.783
1397.45 0.782
1398.232 0.782
1399.017 0.785
1399.807 0.79
1400.607 0.8
1401.422 0.815
1402.254 0.832
1403.092 0.838
1403.934 0.842
1404.749 0.815
1405.556 0.807
1406.188 0.632
1407.132 0.944
1407.445 0.313
1407.91 0.465
1408.43 0.52
1409.444 1.014
1410.185 0.741
1410.943 0.758
1411.716 0.773
1412.517 0.801
1413.343 0.826
1414.174 0.831
1414.999 0.825
1415.819 0.82
1416.629 0.81
1417.427 0.798
1418.215 0.788
1418.998 0.783
1419.786 0.788
1420.566 0.78
1421.356 0.79
1422.15 0.794
1422.968 0.818
1423.765 0.797
1424.55 0.785
1425.325 0.775
1426.091 0.766
1426.849 0.758
1427.606 0.757
1428.36 0.754
1429.13 0.77
1429.915 0.785
1430.709 0.794
1431.521 0.812
1432.362 0.841
1433.222 0.86
1434.064 0.842
1434.891 0.827
1435.706 0.815
1436.503 0.797
1437.288 0.785
1438.053 0.765
1438.819 0.766
1439.58 0.761
1440.345 0.765
1441.124 0.779
1441.917 0.793
1442.738 0.821
1443.56 0.822
1444.388 0.828
1445.192 0.804
1445.991 0.799
1446.783 0.792
1447.564 0.781
1448.347 0.783
1449.135 0.788
1449.925 0.79
1450.718 0.793
1451.522 0.804
1452.339 0.817
1453.16 0.821
1453.973 0.813
1454.785 0.812
1455.585 0.8
1456.38 0.795
1457.169 0.789
1457.947 0.778
1458.73 0.783
1459.516 0.786
1460.309 0.793
1461.112 0.803
1461.929 0.817
1462.766 0.837
1463.596 0.83
1464.43 0.834
1465.262 0.832
1466.084 0.822
1466.899 0.815
1467.71 0.811
1468.513 0.803
1469.319 0.806
1470.124 0.805
1470.731 0.607
1471.705 0.974
1472.523 0.818
1473.342 0.819
1474.171 0.829
1474.991 0.82
1475.805 0.814
1476.622 0.817
1477.426 0.804
1478.229 0.803
1479.024 0.795
1479.822 0.798
1480.625 0.803
1481.428 0.803
1482.235 0.807
1483.056 0.821
1483.874 0.818
1484.697 0.823
1485.523 0.826
1486.339 0.816
1487.145 0.806
1487.953 0.808
1488.757 0.804
1489.56 0.803
1490.36 0.8
1491.164 0.804
1491.98 0.816
1492.798 0.818
1493.602 0.804
1494.404 0.802
1495.204 0.8
1496.003 0.799
1496.79 0.787
1497.573 0.783
1498.359 0.786
1499.145 0.786
1499.934 0.789
1500.734 0.8
1501.542 0.808
1502.362 0.82
1503.182 0.82
1503.994 0.812
1504.802 0.808
1505.607 0.805
1506.406 0.799
1507.194 0.788
1507.978 0.784
1508.765 0.787
1509.552 0.787
1510.339 0.787
1511.127 0.788
1511.926 0.799
1512.726 0.8
1513.521 0.795
1514.312 0.791
1515.108 0.796
1515.905 0.797
1516.7 0.795
1517.49 0.79
1518.29 0.8
1519.095 0.805
1519.905 0.81
1520.718 0.813
1521.549 0.831
1522.397 0.848
1523.26 0.863
1524.129 0.869
1524.996 0.867
1525.855 0.859
1526.701 0.846
1526.99 0.289
1527.536 0.546
1528.067 0.531
1528.366 0.299
1528.623 0.257
1530.548 1.925
1531.248 0.7
1531.964 0.716
1532.681 0.717
1533.406 0.725
1534.137 0.731
1534.866 0.729
1535.603 0.737
1536.333 0.73
1536.841 0.508
1537.778 0.937
1538.509 0.731
1538.908 0.399
1539.185 0.277
1539.451 0.266
1539.719 0.268
1540.045 0.326
1541.534 1.489
1541.86 0.326
1542.167 0.307
1542.489 0.322
1542.743 0.254
1543.109 0.366