0.000 4.701
4.701 4.701
5.465 0.764
6.252 0.787
7.068 0.816
7.867 0.799
8.625 0.758
9.405 0.78
10.186 0.781
10.968 0.782
11.725 0.757
12.514 0.789
13.308 0.794
14.069 0.761
14.806 0.737
15.578 0.772
16.343 0.765
17.063 0.72
17.779 0.716
18.505 0.726
19.222 0.717
19.885 0.663
20.553 0.668
21.204 0.651
21.852 0.648
22.511 0.659
23.207 0.696
23.915 0.708
24.582 0.667
25.268 0.686
25.95 0.682
26.653 0.703
27.337 0.684
28.026 0.689
28.764 0.738
29.545 0.781
30.289 0.744
31.026 0.737
31.791 0.765
32.581 0.79
33.34 0.759
34.085 0.745
34.858 0.773
35.666 0.808
36.463 0.797
37.23 0.767
38.033 0.803
38.86 0.827
39.7 0.84
40.542 0.842
41.346 0.804
42.097 0.751
42.817 0.72
43.542 0.725
44.337 0.795
45.24 0.903
46.247 1.007
47.222 0.975
48.182 0.96
49.116 0.934
50.012 0.896
50.862 0.85
51.62 0.758
52.33 0.71
53.045 0.715
53.784 0.739
54.559 0.775
55.355 0.796
56.112 0.757
56.899 0.787
57.718 0.819
58.566 0.848
59.407 0.841
60.178 0.771
60.955 0.777
61.739 0.784
62.522 0.783
63.297 0.775
64.042 0.745
64.827 0.785
65.625 0.798
66.42 0.795
67.178 0.758
67.964 0.786
68.754 0.79
69.56 0.806
70.317 0.757
71.1 0.783
71.918 0.818
72.759 0.841
73.553 0.794
74.326 0.773
75.108 0.782
75.895 0.787
76.636 0.741
77.387 0.751
78.16 0.773
78.964 0.804
79.784 0.82
80.544 0.76
81.322 0.778
82.111 0.789
82.907 0.796
83.669 0.762
84.471 0.802
85.296 0.825
86.108 0.812
86.865 0.757
87.649 0.784
88.426 0.777
89.174 0.748
89.907 0.733
90.662 0.755
91.433 0.771
92.181 0.748
92.914 0.733
93.673 0.759
94.439 0.766
95.167 0.728
95.878 0.711
96.613 0.735
97.378 0.765
98.129 0.751
98.843 0.714
99.57 0.727
100.306 0.736
101.051 0.745
101.769 0.718
102.504 0.735
103.262 0.758
104.078 0.816
104.89 0.812
105.645 0.755
106.368 0.723
107.088 0.72
107.83 0.742
108.611 0.781
109.447 0.836
110.281 0.834
111.087 0.806
111.822 0.735
112.536 0.714
113.233 0.697
113.937 0.704
114.655 0.718
115.367 0.712
116.122 0.755
116.92 0.798
117.746 0.826
118.533 0.787
119.325 0.792
120.13 0.805
120.928 0.798
121.71 0.782
122.468 0.758
123.192 0.724
123.883 0.691
124.559 0.676
125.245 0.686
126.133 0.888
127.073 0.94
127.979 0.906
128.705 0.726
128.995 0.29
129.681 0.686
130.49 0.809
131.261 0.771
131.976 0.715
132.681 0.705
133.357 0.676
134.013 0.656
134.65 0.637
135.3 0.65
135.979 0.679
136.697 0.718
137.463 0.766
138.262 0.799
139.065 0.803
139.826 0.761
140.587 0.761
141.331 0.744
142.075 0.744
142.808 0.733
143.516 0.708
144.21 0.694
144.917 0.707
145.63 0.713
146.365 0.735
147.091 0.726
147.808 0.717
148.57 0.762
149.368 0.798
150.167 0.799
150.943 0.776
151.678 0.735
152.419 0.741
153.141 0.722
153.875 0.734
154.601 0.726
155.307 0.706
156.041 0.734
156.796 0.755
157.607 0.811
158.399 0.792
159.148 0.749
159.91 0.762
160.663 0.753
161.41 0.747
162.123 0.713
162.842 0.719
163.572 0.73
164.326 0.754
165.082 0.756
165.807 0.725
166.545 0.738
167.293 0.748
168.06 0.767
168.8 0.74
169.518 0.718
170.251 0.733
170.982 0.731
171.708 0.726
172.404 0.696
173.106 0.702
173.824 0.718
174.566 0.742
175.296 0.73
176.027 0.731
176.795 0.768
177.595 0.8
178.378 0.783
179.116 0.738
179.826 0.71
180.539 0.713
181.255 0.716
181.982 0.727
182.693 0.711
183.409 0.716
184.152 0.743
184.902 0.75
185.644 0.742
186.37 0.726
187.115 0.745
187.894 0.779
188.682 0.788
189.451 0.769
190.171 0.72
190.874 0.703
191.569 0.695
192.299 0.73
193.071 0.772
193.877 0.806
194.668 0.791
195.406 0.738
196.119 0.713
196.832 0.713
197.518 0.686
198.186 0.668
198.87 0.684
199.564 0.694
200.271 0.707
200.945 0.674
201.597 0.652
202.259 0.662
202.915 0.656
203.58 0.665
204.254 0.674
204.945 0.691
205.63 0.685
206.31 0.68
207.007 0.697
207.746 0.739
208.529 0.783
209.32 0.791
210.093 0.773
210.829 0.736
211.56 0.731
212.294 0.734
213.033 0.739
213.78 0.747
214.512 0.732
215.232 0.72
215.969 0.737
216.723 0.754
217.501 0.778
218.288 0.787
219.049 0.761
219.819 0.77
220.59 0.771
221.358 0.768
222.109 0.751
222.836 0.727
223.576 0.74
224.331 0.755
225.088 0.757
225.843 0.755
226.576 0.733
227.333 0.757
228.096 0.763
228.866 0.77
229.628 0.762
230.36 0.732
231.125 0.765
231.887 0.762
232.663 0.776
233.392 0.729
234.115 0.723
234.849 0.734
235.613 0.764
236.4 0.787
237.18 0.78
237.942 0.762
238.654 0.712
239.376 0.722
240.092 0.716
240.817 0.725
241.549 0.732
242.257 0.708
242.964 0.707
243.681 0.717
244.414 0.733
245.157 0.743
245.883 0.726
246.595 0.712
247.329 0.734
248.062 0.733
248.802 0.74
249.52 0.718
250.245 0.725
250.994 0.749
251.758 0.764
252.529 0.771
253.259 0.73
253.991 0.732
254.73 0.739
255.486 0.756
256.218 0.732
256.961 0.743
257.728 0.767
258.511 0.783
259.295 0.784
260.04 0.745
260.785 0.745
261.533 0.748
262.28 0.747
263.001 0.721
263.704 0.703
264.442 0.738
265.208 0.766
266.0 0.792
266.762 0.762
267.528 0.766
268.297 0.769
269.036 0.739
269.749 0.713
270.469 0.72
271.205 0.736
271.924 0.719
272.608 0.684
273.303 0.695
273.985 0.682
274.664 0.679
275.322 0.658
275.988 0.666
276.653 0.665
277.333 0.68
278.037 0.704
278.73 0.693
279.432 0.702
280.147 0.715
280.867 0.72
281.574 0.707
282.266 0.692
282.969 0.703
283.662 0.693
284.357 0.695
285.033 0.676
285.711 0.678
286.406 0.695
287.116 0.71
287.825 0.709
288.514 0.689
289.217 0.703
289.929 0.712
290.662 0.733
291.378 0.716
292.092 0.714
292.818 0.726
293.555 0.737
294.305 0.75
295.018 0.713
295.722 0.704
296.438 0.716
297.161 0.723
297.89 0.729
298.601 0.711
299.329 0.728
300.054 0.725
300.729 0.675
301.423 0.694
302.111 0.688
302.8 0.689
303.51 0.71
304.237 0.727
304.977 0.74
305.689 0.712
306.392 0.703
307.11 0.718
307.829 0.719
308.539 0.71
309.23 0.691
309.936 0.706
310.651 0.715
311.385 0.734
312.098 0.713
312.798 0.7
313.514 0.716
314.243 0.729
314.991 0.748
315.708 0.717
316.41 0.702
317.123 0.713
317.875 0.752
318.671 0.796
319.467 0.796
320.235 0.768
320.979 0.744
321.722 0.743
322.468 0.746
323.211 0.743
323.924 0.713
324.629 0.705
325.35 0.721
326.081 0.731
326.826 0.745
327.548 0.722
328.268 0.72
328.999 0.731
329.745 0.746
330.5 0.755
331.235 0.735
331.983 0.748
332.754 0.771
333.523 0.769
334.296 0.773
335.029 0.733
335.761 0.732
336.508 0.747
337.255 0.747
337.997 0.742
338.698 0.701
339.413 0.715
340.124 0.711
340.823 0.699
341.55 0.727
342.249 0.699
342.957 0.708
343.687 0.73
344.477 0.79
345.267 0.79
345.997 0.73
346.719 0.722
347.422 0.703
348.112 0.69
348.769 0.657
349.419 0.65
350.07 0.651
350.739 0.669
351.42 0.681
352.083 0.663
352.744 0.661
353.415 0.671
354.094 0.679
354.763 0.669
355.465 0.702
356.193 0.728
356.916 0.723
357.658 0.742
358.425 0.767
359.203 0.778
359.97 0.767
360.704 0.734
361.47 0.766
362.234 0.764
363.013 0.779
363.76 0.747
364.507 0.747
365.294 0.787
366.094 0.8
366.898 0.804
367.667 0.769
368.407 0.74
369.159 0.752
369.917 0.758
370.705 0.788
371.484 0.779
372.23 0.746
372.994 0.764
373.79 0.796
374.605 0.815
375.397 0.792
376.166 0.769
376.969 0.803
377.774 0.805
378.58 0.806
379.345 0.765
380.118 0.773
380.908 0.79
381.705 0.797
382.487 0.782
383.229 0.742
383.985 0.756
384.753 0.768
385.536 0.783
386.291 0.755
387.026 0.735
387.775 0.749
388.541 0.766
389.317 0.776
390.076 0.759
390.795 0.719
391.529 0.734
392.263 0.734
392.977 0.714
393.671 0.694
394.335 0.664
395.001 0.666
395.68 0.679
396.363 0.683
397.023 0.66
397.697 0.674
398.368 0.671
399.04 0.672
399.681 0.641
400.309 0.628
400.933 0.624
401.588 0.655
402.297 0.709
403.043 0.746
403.801 0.758
404.561 0.76
405.282 0.721
405.979 0.697
406.687 0.708
407.392 0.705
408.103 0.711
408.774 0.671
409.436 0.662
410.12 0.684
410.828 0.708
411.576 0.748
412.361 0.785
413.13 0.769
413.871 0.741
414.637 0.766
415.403 0.766
416.185 0.782
416.933 0.748
417.697 0.764
418.462 0.765
419.246 0.784
420.035 0.789
420.786 0.751
421.535 0.749
422.327 0.792
423.114 0.787
423.929 0.815
424.729 0.8
425.533 0.804
426.339 0.806
427.14 0.801
427.901 0.761
428.693 0.792
429.479 0.786
430.262 0.783
431.004 0.742
431.778 0.774
432.55 0.772
433.344 0.794
434.09 0.746
434.857 0.767
435.641 0.784
436.437 0.796
437.202 0.765
437.942 0.74
438.721 0.779
439.499 0.778
440.29 0.791
441.033 0.743
441.776 0.743
442.486 0.71
443.178 0.692
443.89 0.712
444.647 0.757
445.453 0.806
446.23 0.777
447.017 0.787
447.824 0.807
448.629 0.805
449.366 0.737
450.113 0.747
450.848 0.735
451.59 0.742
452.306 0.716
452.994 0.688
453.733 0.739
454.498 0.765
455.294 0.796
456.043 0.749
456.849 0.806
457.684 0.835
458.505 0.821
459.273 0.768
460.06 0.787
460.842 0.782
461.63 0.788
462.372 0.742
463.125 0.753
463.873 0.748
464.616 0.743
465.346 0.73
466.109 0.763
466.908 0.799
467.744 0.836
468.527 0.783
469.31 0.783
470.127 0.817
470.949 0.822
471.747 0.798
472.501 0.754
473.31 0.809
474.121 0.811
474.92 0.799
475.652 0.732
476.366 0.714
477.084 0.718
477.813 0.729
478.528 0.715
479.251 0.723
480.001 0.75
480.775 0.774
481.522 0.747
482.305 0.783
483.103 0.798
483.882 0.779
484.62 0.738
485.337 0.717
486.063 0.726
486.788 0.725
487.506 0.718
488.194 0.688
488.908 0.714
489.636 0.728
490.426 0.79
491.2 0.774
491.952 0.752
492.704 0.752
493.438 0.734
494.171 0.733
494.869 0.698
495.603 0.734
496.339 0.736
497.072 0.733
497.764 0.692
498.458 0.694
499.196 0.738
499.968 0.772
500.747 0.779
501.495 0.748
502.25 0.755
502.981 0.731
503.669 0.688
504.373 0.704
505.093 0.72
505.855 0.762
506.607 0.752
507.316 0.709
508.028 0.712
508.753 0.725
509.517 0.764
510.281 0.764
511.002 0.721
511.736 0.734
512.473 0.737
513.29 0.817
514.154 0.864
515.016 0.862
515.827 0.811
516.583 0.756
517.353 0.77
518.134 0.781
518.916 0.782
519.659 0.743
520.365 0.706
521.09 0.725
521.835 0.745
522.607 0.772
523.36 0.753
524.113 0.753
524.839 0.726
525.515 0.676
526.223 0.708
526.908 0.685
527.595 0.687
528.299 0.704
529.026 0.727
529.737 0.711
530.474 0.737
531.245 0.771
532.053 0.808
532.852 0.799
533.601 0.749
534.319 0.718
535.057 0.738
535.832 0.775
536.667 0.835
537.498 0.831
538.251 0.753
539.017 0.766
539.796 0.779
540.565 0.769
541.308 0.743
542.046 0.738
542.803 0.757
543.561 0.758
544.302 0.741
545.04 0.738
545.824 0.784
546.618 0.794
547.413 0.795
548.168 0.755
548.947 0.779
549.713 0.766
550.457 0.744
551.138 0.681
551.836 0.698
552.524 0.688
553.202 0.678
553.905 0.703
554.636 0.731
555.382 0.746
556.076 0.694
556.793 0.717
557.541 0.748
558.29 0.749
559.032 0.742
559.767 0.735
560.533 0.766
561.322 0.789
562.109 0.787
562.842 0.733
563.584 0.742
564.332 0.748
565.104 0.772
565.826 0.722
566.525 0.699
567.268 0.743
568.055 0.787
568.892 0.837
569.654 0.762
570.454 0.8
571.274 0.82
572.097 0.823
572.86 0.763
573.614 0.754
574.391 0.777
575.177 0.786
575.942 0.765
576.675 0.733
577.434 0.759
578.204 0.77
579.019 0.815
579.81 0.791
580.581 0.771
581.349 0.768
582.188 0.839
583.125 0.937
584.065 0.94
584.943 0.878
585.768 0.825
586.521 0.753
587.213 0.692
587.906 0.693
588.595 0.689
589.312 0.717
590.059 0.747
590.781 0.722
591.51 0.729
592.244 0.734
593.015 0.771
593.805 0.79
594.542 0.737
595.268 0.726
595.987 0.719
596.742 0.755
597.494 0.752
598.22 0.726
598.963 0.743
599.749 0.786
600.55 0.801
601.31 0.76
602.07 0.76
602.834 0.764
603.599 0.765
604.348 0.749
605.064 0.716
605.799 0.735
606.53 0.731
607.285 0.755
608.012 0.727
608.743 0.731
609.516 0.773
610.276 0.76
611.029 0.753
611.757 0.728
612.526 0.769
613.318 0.792
614.105 0.787
614.833 0.728
615.549 0.716
616.271 0.722
617.018 0.747
617.757 0.739
618.467 0.71
619.197 0.73
619.932 0.735
620.675 0.743
621.4 0.725
622.094 0.694
622.796 0.702
623.497 0.701
624.221 0.724
624.92 0.699
625.642 0.722
626.392 0.75
627.191 0.799
627.962 0.771
628.724 0.762
629.497 0.773
630.276 0.779
631.008 0.732
631.737 0.729
632.452 0.715
633.183 0.731
633.886 0.703
634.587 0.701
635.319 0.732
636.102 0.783
636.919 0.817
637.701 0.782
638.525 0.824
639.337 0.812
640.125 0.788
640.891 0.766
641.684 0.793
642.493 0.809
643.321 0.828
644.124 0.803
644.899 0.775
645.713 0.814
646.513 0.8
647.327 0.814
648.091 0.764
648.857 0.766
649.647 0.79
650.438 0.791
651.184 0.746
651.953 0.769
652.734 0.781
653.531 0.797
654.298 0.767
655.047 0.749
655.835 0.788
656.632 0.797
657.441 0.809
658.195 0.754
658.931 0.736
659.683 0.752
660.426 0.743
661.16 0.734
661.894 0.734
662.668 0.774
663.463 0.795
664.252 0.789
664.978 0.726
665.722 0.744
666.43 0.708
667.153 0.723
667.886 0.733
668.633 0.747
669.353 0.72
670.061 0.708
670.796 0.735
671.548 0.752
672.297 0.749
673.026 0.729
673.808 0.782
674.65 0.842
675.502 0.852
676.315 0.813
677.082 0.767
677.842 0.76
678.618 0.776
679.393 0.775
680.165 0.772
680.896 0.731
681.572 0.676
682.259 0.687
682.966 0.707
683.644 0.678
684.302 0.658
684.977 0.675
685.672 0.695
686.424 0.752
687.16 0.736
687.907 0.747
688.653 0.746
689.391 0.738
690.102 0.711
690.762 0.66
691.423 0.661
692.082 0.659
692.748 0.666
693.413 0.665
694.059 0.646
694.7 0.641
695.351 0.651
696.022 0.671
696.731 0.709
697.442 0.711
698.139 0.697
698.85 0.711
699.562 0.712
700.285 0.723
701.001 0.716
701.697 0.696
702.415 0.718
703.15 0.735
703.92 0.77
704.707 0.787
705.47 0.763
706.21 0.74
706.981 0.771
707.755 0.774
708.534 0.779
709.309 0.775
710.057 0.748
710.824 0.767
711.591 0.767
712.352 0.761
713.115 0.763
713.889 0.774
714.663 0.774
715.403 0.74
716.129 0.726
716.854 0.725
717.541 0.687
718.235 0.694
718.892 0.657
719.539 0.647
720.203 0.664
720.86 0.657
721.504 0.644
722.222 0.718
722.952 0.73
723.658 0.706
724.315 0.657
724.981 0.666
725.658 0.677
726.335 0.677
726.984 0.649
727.649 0.665
728.323 0.674
729.033 0.71
729.79 0.757
730.566 0.776
731.298 0.732
732.042 0.744
732.338 0.296
732.817 0.479
733.568 0.751
734.315 0.747
735.056 0.741
735.832 0.776
736.606 0.774
737.394 0.788
738.198 0.804
738.986 0.788
739.768 0.782
740.525 0.757
741.272 0.747
742.013 0.741
742.769 0.756
743.536 0.767
744.289 0.753
745.004 0.715
745.742 0.738
746.493 0.751
747.24 0.747
748.018 0.778
748.821 0.803
749.623 0.802
750.373 0.75
751.141 0.768
751.9 0.759
752.647 0.747
753.381 0.734
754.077 0.696
754.792 0.715
755.53 0.738
756.292 0.762
757.099 0.807
757.87 0.771
758.659 0.789
759.447 0.788
760.25 0.803
761.002 0.752
761.782 0.78
762.558 0.776
763.318 0.76
764.057 0.739
764.79 0.733
765.553 0.763
766.335 0.782
767.134 0.799
767.895 0.761
768.69 0.795
769.455 0.765
770.24 0.785
770.734 0.494
771.695 0.961
772.389 0.694
773.089 0.7
773.818 0.729
774.57 0.752
775.342 0.772
776.079 0.737
776.824 0.745
777.557 0.733
778.267 0.71
778.979 0.712
779.693 0.714
780.405 0.712
781.105 0.7
781.798 0.693
782.477 0.679
783.165 0.688
783.88 0.715
784.637 0.757
785.384 0.747
786.128 0.744
786.889 0.761
787.645 0.756
788.376 0.731
789.097 0.721
789.835 0.738
790.598 0.763
791.369 0.771
792.107 0.738
792.891 0.784
793.658 0.767
794.431 0.773
795.194 0.763
795.923 0.729
796.66 0.737
797.405 0.745
798.176 0.771
798.962 0.786
799.737 0.775
800.504 0.767
801.229 0.725
801.963 0.734
802.671 0.708
803.383 0.712
804.129 0.746
804.879 0.75
805.594 0.715
806.352 0.758
807.101 0.749
807.876 0.775
808.639 0.763
809.371 0.732
810.141 0.77
810.914 0.773
811.69 0.776
812.443 0.753
813.224 0.781
814.015 0.791
814.822 0.807
815.579 0.757
816.336 0.757
817.112 0.776
817.878 0.766
818.617 0.739
819.389 0.772
820.175 0.786
820.973 0.798
821.729 0.756
822.474 0.745
823.244 0.77
824.012 0.768
824.741 0.729
825.515 0.774
826.276 0.761
827.027 0.751
827.774 0.747
828.544 0.77
829.334 0.79
830.123 0.789
830.869 0.746
831.578 0.709
832.292 0.714
833.012 0.72
833.732 0.72
834.459 0.727
835.18 0.721
835.874 0.694
836.593 0.719
837.323 0.73
838.084 0.761
838.84 0.756
839.544 0.704
840.279 0.735
841.027 0.748
841.75 0.723
842.501 0.751
843.198 0.697
843.939 0.741
844.65 0.711
845.355 0.705
846.057 0.702
846.774 0.717
847.47 0.696
848.212 0.742
848.957 0.745
849.679 0.722
850.436 0.757
851.212 0.776
852.018 0.806
852.797 0.779
853.541 0.744
854.297 0.756
855.033 0.736
855.754 0.721
856.485 0.731
857.237 0.752
857.998 0.761
858.805 0.807
859.614 0.809
860.391 0.777
861.18 0.789
861.922 0.742
862.709 0.787
863.498 0.789
864.253 0.755
865.085 0.832
865.888 0.803
866.701 0.813
867.485 0.784
868.267 0.782
869.066 0.799
869.828 0.762
870.578 0.75
871.363 0.785
872.133 0.77
872.891 0.758
873.709 0.818
874.508 0.799
875.321 0.813
876.092 0.771
876.854 0.762
877.65 0.796
878.396 0.746
879.171 0.775
879.95 0.779
880.693 0.743
881.421 0.728
882.187 0.766
882.974 0.787
883.778 0.804
884.52 0.742
885.264 0.744
886.035 0.771
886.833 0.798
887.64 0.807
888.45 0.81
889.241 0.791
889.964 0.723
890.706 0.742
891.455 0.749
892.208 0.753
892.962 0.754
893.689 0.727
894.452 0.763
895.203 0.751
895.957 0.754
896.732 0.775
897.46 0.728
898.203 0.743
898.922 0.719
899.63 0.708
900.33 0.7
901.065 0.735
901.777 0.712
902.509 0.732
903.277 0.768
904.079 0.802
904.861 0.782
905.623 0.762
906.428 0.805
907.238 0.81
908.016 0.778
908.763 0.747
909.552 0.789
910.327 0.775
911.103 0.776
911.839 0.736
912.609 0.77
913.387 0.778
914.165 0.778
914.919 0.754
915.712 0.793
916.488 0.776
917.238 0.75
918.013 0.775
918.774 0.761
919.51 0.736
920.219 0.709
920.954 0.735
921.72 0.766
922.501 0.781
923.261 0.76
924.08 0.819
924.906 0.826
925.708 0.802
926.48 0.772
927.287 0.807
928.093 0.806
928.851 0.758
929.58 0.729
930.349 0.769
931.089 0.74
931.781 0.692
932.471 0.69
933.187 0.716
933.963 0.776
934.768 0.805
935.515 0.747
936.267 0.752
937.012 0.745
937.75 0.738
938.451 0.701
939.132 0.681
939.82 0.688
940.518 0.698
941.239 0.721
941.936 0.697
942.623 0.687
943.326 0.703
944.066 0.74
944.827 0.761
945.531 0.704
946.271 0.74
947.033 0.762
947.81 0.777
948.558 0.748
949.278 0.72
950.032 0.754
950.79 0.758
951.492 0.702
952.231 0.739
952.956 0.725
953.691 0.735
954.422 0.731
955.111 0.689
955.815 0.704
956.497 0.682
957.149 0.652
957.798 0.649
958.446 0.648
959.095 0.649
959.741 0.646
960.387 0.646
961.034 0.647
961.674 0.64
962.292 0.618
962.919 0.627
963.552 0.633
964.208 0.656
964.873 0.665
965.563 0.69
966.255 0.692
966.947 0.692
967.609 0.662
968.28 0.671
968.961 0.681
969.656 0.695
970.336 0.68
971.029 0.693
971.722 0.693
972.406 0.684
973.049 0.643
973.675 0.626
974.303 0.628
974.937 0.634
975.601 0.664
976.305 0.704
977.033 0.728
977.754 0.721
978.475 0.721
979.2 0.725
979.923 0.723
980.651 0.728
981.368 0.717
982.095 0.727
982.844 0.749
983.616 0.772
984.411 0.795
985.19 0.779
985.951 0.761
986.715 0.764
987.471 0.756
988.239 0.768
988.995 0.756
989.723 0.728
990.47 0.747
991.218 0.748
991.978 0.76
992.738 0.76
993.496 0.758
994.26 0.764
995.015 0.755
995.72 0.705
996.424 0.704
997.113 0.689
997.79 0.677
998.493 0.703
999.204 0.711
999.937 0.733
1000.68 0.743
1001.415 0.735
1002.124 0.709
1002.831 0.707
1003.547 0.716
1004.269 0.722
1005.002 0.733
1005.713 0.711
1006.421 0.708
1007.135 0.714
1007.849 0.714
1008.549 0.7
1009.277 0.728
1010.023 0.746
1010.785 0.762
1011.534 0.749
1012.252 0.718
1012.973 0.721
1013.697 0.724
1014.432 0.735
1015.166 0.734
1015.88 0.714
1016.615 0.735
1017.355 0.74
1018.103 0.748
1018.852 0.749
1019.574 0.722
1020.318 0.744
1021.067 0.749
1021.837 0.77
1022.625 0.788
1023.38 0.755
1024.135 0.755
1024.899 0.764
1025.656 0.757
1026.427 0.771
1027.164 0.737
1027.898 0.734
1028.638 0.74
1029.384 0.746
1030.131 0.747
1030.858 0.727
1031.587 0.729
1032.339 0.752
1033.148 0.809
1034.005 0.857
1034.851 0.846
1035.676 0.825
1036.458 0.782
1037.186 0.728
1037.894 0.708
1038.601 0.707
1039.324 0.723
1040.082 0.758
1040.866 0.784
1041.616 0.75
1042.384 0.768
1043.162 0.778
1043.949 0.787
1044.735 0.786
1045.483 0.748
1046.224 0.741
1046.969 0.745
1047.719 0.75
1048.478 0.759
1049.224 0.746
1049.945 0.721
1050.668 0.723
1051.414 0.746
1052.177 0.763
1052.946 0.769
1053.69 0.744
1054.445 0.755
1055.225 0.78
1056.026 0.801
1056.839 0.813
1057.632 0.793
1058.376 0.744
1059.098 0.722
1059.823 0.725
1060.569 0.746
1061.333 0.764
1062.09 0.757
1062.827 0.737
1063.595 0.768
1064.384 0.789
1065.192 0.808
1065.991 0.799
1066.744 0.753
1067.495 0.751
1068.255 0.76
1069.026 0.771
1069.8 0.774
1070.54 0.74
1071.262 0.722
1072.003 0.741
1072.753 0.75
1073.497 0.744
1074.217 0.72
1074.953 0.736
1075.696 0.743
1076.442 0.746
1077.163 0.721
1077.873 0.71
1078.608 0.735
1079.346 0.738
1080.095 0.749
1080.835 0.74
1081.558 0.723
1082.284 0.726
1083.016 0.732
1083.748 0.732
1084.492 0.744
1085.226 0.734
1085.939 0.713
1086.644 0.705
1087.355 0.711
1088.112 0.757
1088.92 0.808
1089.733 0.813
1090.504 0.771
1091.254 0.75
1092.012 0.758
1092.766 0.754
1093.518 0.752
1094.242 0.724
1094.954 0.712
1095.683 0.729
1096.434 0.751
1097.204 0.77
1097.971 0.767
1098.704 0.733
1099.449 0.745
1100.201 0.752
1100.958 0.757
1101.706 0.748
1102.424 0.718
1103.154 0.73
1103.887 0.733
1104.622 0.735
1105.333 0.711
1106.028 0.695
1106.73 0.702
1107.449 0.719
1108.183 0.734
1108.92 0.737
1109.637 0.717
1110.353 0.716
1111.085 0.732
1111.85 0.765
1112.629 0.779
1113.405 0.776
1114.163 0.758
1114.876 0.713
1115.559 0.683
1116.226 0.667
1116.903 0.677
1117.621 0.718
1118.394 0.773
1119.221 0.827
1120.067 0.846
1120.893 0.826
1121.671 0.778
1122.421 0.75
1123.15 0.729
1123.871 0.721
1124.58 0.709
1125.27 0.69
1125.981 0.711
1126.705 0.724
1127.443 0.738
1128.157 0.714
1128.869 0.712
1129.582 0.713
1130.284 0.702
1130.955 0.671
1131.623 0.668
1132.301 0.678
1132.997 0.696
1133.702 0.705
1134.401 0.699
1135.121 0.72
1135.809 0.688
1136.451 0.642
1137.084 0.633
1137.708 0.624
1138.348 0.64
1139.004 0.656
1139.684 0.68
1140.344 0.66
1141.044 0.7
1141.764 0.72
1142.504 0.74
1143.256 0.752
1143.979 0.723
1144.701 0.722
1145.434 0.733
1146.175 0.741
1146.916 0.741
1147.615 0.699
1148.313 0.698
1149.011 0.698
1149.734 0.723
1150.505 0.771
1151.256 0.751
1152.008 0.752
1152.806 0.798
1153.627 0.821
1154.468 0.841
1155.281 0.813
1156.08 0.799
1156.892 0.812
1157.7 0.808
1158.5 0.8
1159.246 0.746
1160.004 0.758
1160.772 0.768
1161.56 0.788
1162.349 0.789
1163.111 0.762
1163.902 0.791
1164.698 0.796
1165.491 0.793
1166.245 0.754
1167.032 0.787
1167.828 0.796
1168.634 0.806
1169.418 0.784
1170.17 0.752
1170.922 0.752
1171.657 0.735
1172.381 0.724
1173.088 0.707
1173.822 0.734
1174.593 0.771
1175.377 0.784
1176.131 0.754
1176.828 0.697
1177.325 0.497
1178.223 0.898
1178.913 0.69
1179.616 0.703
1180.292 0.676
1180.964 0.672
1181.634 0.67
1182.311 0.677
1182.99 0.679
1183.654 0.664
1184.306 0.652
1184.963 0.657
1185.624 0.661
1186.289 0.665
1186.962 0.673
1187.626 0.664
1188.283 0.657
1188.949 0.666
1189.639 0.69
1190.365 0.726
1191.1 0.735
1191.864 0.764
1192.64 0.776
1193.412 0.772
1194.114 0.702
1194.793 0.679
1195.469 0.676
1196.136 0.667
1196.59 0.454
1197.064 0.474
1197.362 0.298
1198.459 1.097
1199.481 1.022
1200.496 1.015
1201.472 0.976
1202.42 0.948
1203.356 0.936
1204.325 0.969
1205.273 0.948
1206.207 0.934
1207.138 0.931
1208.072 0.934
1209.003 0.931
1209.916 0.913
1210.798 0.882
1211.648 0.85
1212.474 0.826
1213.278 0.804
1213.788 0.51
1214.74 0.952
1215.419 0.679
1216.091 0.672
1216.765 0.674
1217.53 0.765
1218.389 0.859
1219.225 0.836
1220.069 0.844
1220.909 0.84
1221.729 0.82
1222.544 0.815
1223.355 0.811
1224.161 0.806
1224.962 0.801
1225.76 0.798
1226.543 0.783
1227.305 0.762
1228.047 0.742
1228.774 0.727
1229.492 0.718
1230.203 0.711
1230.901 0.698
1231.581 0.68
1232.257 0.676
1232.932 0.675
1233.625 0.693
1234.329 0.704
1235.037 0.708
1235.742 0.705
1236.455 0.713
1237.176 0.721
1237.913 0.737
1238.646 0.733
1239.377 0.731
1240.099 0.722
1240.804 0.705
1241.526 0.722
1242.25 0.724
1242.995 0.745
1243.734 0.739
1244.448 0.714
1245.137 0.689
1245.823 0.686
1246.51 0.687
1247.203 0.693
1247.917 0.714
1248.625 0.708
1249.367 0.742
1250.123 0.756
1250.9 0.777
1251.659 0.759
1252.392 0.733
1253.133 0.741
1253.879 0.746
1254.636 0.757
1255.375 0.739
1256.091 0.716
1256.814 0.723
1257.532 0.718
1258.265 0.733
1258.997 0.732
1259.742 0.745
1260.521 0.779
1261.322 0.801
1262.121 0.799
1262.881 0.76
1263.641 0.76
1264.378 0.737
1265.078 0.7
1265.764 0.686
1266.414 0.65
1267.055 0.641
1267.71 0.655
1268.403 0.693
1269.113 0.71
1269.819 0.706
1270.52 0.701
1271.228 0.708
1271.97 0.742
1272.772 0.802
1273.602 0.83
1274.443 0.841
1275.273 0.83
1276.079 0.806
1276.843 0.764
1277.566 0.723
1278.287 0.721
1279.019 0.732
1279.757 0.738
1280.523 0.766
1281.305 0.782
1282.068 0.763
1282.803 0.735
1283.544 0.741
1284.281 0.737
1285.028 0.747
1285.791 0.763
1286.545 0.754
1287.276 0.731
1288.023 0.747
1288.775 0.752
1289.541 0.766
1290.312 0.771
1291.055 0.743
1291.802 0.747
1292.56 0.758
1293.325 0.765
1294.091 0.766
1294.828 0.737
1295.539 0.711
1296.26 0.721
1296.985 0.725
1297.726 0.741
1298.463 0.737
1299.201 0.738
1299.958 0.757
1300.748 0.79
1301.593 0.845
1302.495 0.902
1303.388 0.893
1304.281 0.893
1305.169 0.888
1306.024 0.855
1306.855 0.831
1307.651 0.796
1308.416 0.765
1309.14 0.724
1309.83 0.69
1310.498 0.668
1311.159 0.661
1311.827 0.668
1312.526 0.699
1313.26 0.734
1313.988 0.728
1314.71 0.722
1315.425 0.715
1316.146 0.721
1316.909 0.763
1317.757 0.848
1318.666 0.909
1319.563 0.897
1320.421 0.858
1321.258 0.837
1322.06 0.802
1322.835 0.775
1323.579 0.744
1324.29 0.711
1324.986 0.696
1325.677 0.691
1326.377 0.7
1327.097 0.72
1327.829 0.732
1328.572 0.743
1329.297 0.725
1330.02 0.723
1330.744 0.724
1331.473 0.729
1332.217 0.744
1332.979 0.762
1333.735 0.756
1334.475 0.74
1335.239 0.764
1336.003 0.764
1336.782 0.779
1337.556 0.774
1338.296 0.74
1339.022 0.726
1339.775 0.753
1340.55 0.775
1341.343 0.793
1342.142 0.799
1342.942 0.8
1343.725 0.783
1344.471 0.746
1345.194 0.723
1345.909 0.715
1346.635 0.726
1347.409 0.774
1348.213 0.804
1349.033 0.82
1349.803 0.77
1350.515 0.712
1351.224 0.709
1351.938 0.714
1352.639 0.701
1353.321 0.682
1353.998 0.677
1354.679 0.681
1355.368 0.689
1356.084 0.716
1356.813 0.729
1357.53 0.717
1358.246 0.716
1358.956 0.71
1359.68 0.724
1360.464 0.784
1361.315 0.851
1362.174 0.859
1363.031 0.857
1363.878 0.847
1364.721 0.843
1365.52 0.799
1366.276 0.756
1367.017 0.741
1367.76 0.743
1368.512 0.752
1369.296 0.784
1370.099 0.803
1370.891 0.792
1371.667 0.776
1372.424 0.757
1373.15 0.726
1373.838 0.688
1374.524 0.686
1375.191 0.667
1375.858 0.667
1376.547 0.689
1377.273 0.726
1378.039 0.766
1378.773 0.734
1379.526 0.753
1380.297 0.771
1381.068 0.771
1381.831 0.763
1382.582 0.751
1383.313 0.731
1384.058 0.745
1384.803 0.745
1385.554 0.751
1386.296 0.742
1387.021 0.725
1387.745 0.724
1388.475 0.73
1389.232 0.757
1390.051 0.819
1390.893 0.842
1391.724 0.831
1392.557 0.833
1393.352 0.795
1394.083 0.731
1394.795 0.712
1395.499 0.704
1396.201 0.702
1396.916 0.715
1397.658 0.742
1398.386 0.728
1399.144 0.758
1399.905 0.761
1400.672 0.767
1401.457 0.785
1402.226 0.769
1402.964 0.738
1403.673 0.709
1404.373 0.7
1405.061 0.688
1405.747 0.686
1406.441 0.694
1407.144 0.703
1407.847 0.703
1408.557 0.71
1409.267 0.71
1409.966 0.699
1410.677 0.711
1411.375 0.698
1412.092 0.717
1412.826 0.734
1413.577 0.751
1414.314 0.737
1415.067 0.753
1415.825 0.758
1416.58 0.755
1417.346 0.766
1418.105 0.759
1418.854 0.749
1419.58 0.726
1420.322 0.742
1421.074 0.752
1421.839 0.765
1422.616 0.777
1423.387 0.771
1424.121 0.734
1424.866 0.745
1425.607 0.741
1426.351 0.744
1427.095 0.744
1427.812 0.717
1428.532 0.72
1429.254 0.722
1429.975 0.721
1430.702 0.727
1431.419 0.717
1432.131 0.712
1432.866 0.735
1433.614 0.748
1434.383 0.769
1435.132 0.749
1435.844 0.712
1436.555 0.711
1437.253 0.698
1437.955 0.702
1438.646 0.691
1439.317 0.671
1439.985 0.668
1440.648 0.663
1441.321 0.673
1441.964 0.643
1442.629 0.665
1443.313 0.684
1443.991 0.678
1444.662 0.671
1445.354 0.692
1446.109 0.755
1446.928 0.819
1447.768 0.84
1448.601 0.833
1449.413 0.812
1450.153 0.74
1450.839 0.686
1451.516 0.677
1452.187 0.671
1452.847 0.66
1453.51 0.663
1454.182 0.672
1454.89 0.708
1455.678 0.788
1456.52 0.842
1457.381 0.861
1458.228 0.847
1459.028 0.8
1459.799 0.771
1460.564 0.765
1461.325 0.761
1462.077 0.752
1462.824 0.747
1463.544 0.72
1464.28 0.736
1465.016 0.736
1465.767 0.751
1466.526 0.759
1467.259 0.733
1467.986 0.727
1468.699 0.713
1469.412 0.713
1470.118 0.706
1470.834 0.716
1471.576 0.742
1472.314 0.738
1473.046 0.732
1473.78 0.734
1474.477 0.697
1475.185 0.708
1475.893 0.708
1476.595 0.702
1477.254 0.659
1477.934 0.68
1478.546 0.612
1479.218 0.672
1479.848 0.63
1480.142 0.294
1480.394 0.252
1481.118 0.724
1481.76 0.642
1482.277 0.517
1483.011 0.734
1483.301 0.29
1483.628 0.327
1484.099 0.471
1484.504 0.405
1484.833 0.329
1485.422 0.589
1486.008 0.586
1486.583 0.575
1486.903 0.32
1487.169 0.266
1487.483 0.314
1487.748 0.265
1488.028 0.28
1488.389 0.361
1488.753 0.364
1489.056 0.303
1489.341 0.285
1489.595 0.254
1490.259 0.664
1490.538 0.279
1491.809 1.271
1492.062 0.253
1493.884 1.822
1494.314 0.43