0.000 0.663
0.663 0.663
1.357 0.694
2.117 0.76
2.92 0.803
3.74 0.82
4.535 0.795
5.289 0.754
5.958 0.669
6.607 0.649
7.286 0.679
8.077 0.791
9.1 1.023
9.956 0.856
10.903 0.947
17.868 0.869
18.72 0.852
19.608 0.888
20.494 0.886
21.367 0.873
22.2 0.833
22.957 0.757
23.65 0.693
24.322 0.672
25.185 0.863
26.315 1.13
27.401 1.086
28.337 0.936
29.2 0.863
30.038 0.838
30.905 0.867
31.841 0.936
32.806 0.965
33.682 0.876
34.622 0.94
35.647 1.025
36.653 1.006
37.531 0.878
38.333 0.802
39.082 0.749
39.808 0.726
40.487 0.679
41.338 0.851
42.437 1.099
43.438 1.001
44.38 0.942
45.358 0.978
46.296 0.938
47.096 0.8
47.889 0.793
48.668 0.779
49.475 0.807
50.211 0.736
51.014 0.803
51.826 0.812
52.711 0.885
53.574 0.863
54.443 0.869
55.245 0.802
55.987 0.742
56.71 0.723
57.395 0.685
58.084 0.689
58.758 0.674
59.409 0.651
60.062 0.653
60.766 0.704
61.545 0.779
62.525 0.98
63.571 1.046
64.594 1.023
65.555 0.961
66.345 0.79
67.104 0.759
67.884 0.78
68.841 0.957
69.806 0.965
70.718 0.912
71.713 0.995
72.772 1.059
73.718 0.946
74.647 0.929
75.626 0.979
76.641 1.015
77.538 0.897
78.344 0.806
79.186 0.842
80.4 1.214
81.536 1.136
82.464 0.928
83.468 1.004
84.47 1.002
85.427 0.957
86.241 0.814
87.079 0.838
88.237 1.158
89.197 0.96
90.028 0.831
90.845 0.817
91.706 0.861
92.658 0.952
93.665 1.007
94.626 0.961
95.431 0.805
96.272 0.841
97.108 0.836
97.976 0.868
98.93 0.954
99.889 0.959
100.84 0.951
101.72 0.88
102.503 0.783
103.237 0.734
103.955 0.718
104.714 0.759
105.645 0.931
106.723 1.078
107.772 1.049
108.744 0.972
109.567 0.823
110.379 0.812
111.242 0.863
112.166 0.924
113.086 0.92
113.944 0.858
114.87 0.926
115.869 0.999
116.832 0.963
117.684 0.852
118.543 0.859
119.473 0.93
120.41 0.937
121.227 0.817
121.993 0.766
122.733 0.74
123.529 0.796
124.375 0.846
125.444 1.069
126.403 0.959
127.307 0.904
128.239 0.932
129.07 0.831
129.836 0.766
130.582 0.746
131.35 0.768
132.25 0.9
133.244 0.994
134.243 0.999
135.102 0.859
135.866 0.764
136.614 0.748
137.391 0.777
138.279 0.888
139.315 1.036
140.3 0.985
141.154 0.854
141.945 0.791
142.743 0.798
143.62 0.877
144.468 0.848
145.299 0.831
146.1 0.801
146.891 0.791
147.761 0.87
148.666 0.905
149.571 0.905
150.361 0.79
151.118 0.757
151.913 0.795
152.784 0.871
153.69 0.906
154.552 0.862
155.379 0.827
156.445 1.066
157.537 1.092
158.471 0.934
159.289 0.818
160.144 0.855
161.12 0.976
162.114 0.994
162.98 0.866
163.817 0.837
164.688 0.871
165.628 0.94
166.469 0.841
167.246 0.777
168.071 0.825
168.954 0.883
169.805 0.851
170.586 0.781
171.382 0.796
172.218 0.836
173.088 0.87
173.901 0.813
174.766 0.865
175.649 0.883
176.531 0.882
177.333 0.802
178.149 0.816
178.995 0.846
179.848 0.853
180.61 0.762
181.384 0.774
182.116 0.732
182.818 0.702
183.485 0.667
184.191 0.706
184.916 0.725
185.698 0.782
186.688 0.99
187.721 1.033
188.733 1.012
189.722 0.989
190.647 0.925
191.499 0.852
192.328 0.829
193.122 0.794
193.841 0.719
194.522 0.681
195.224 0.702
195.991 0.767
197.134 1.143
198.215 1.081
199.222 1.007
200.121 0.899
200.996 0.875
201.852 0.856
202.731 0.879
203.655 0.924
204.579 0.924
205.375 0.796
206.114 0.739
206.856 0.742
207.636 0.78
208.617 0.981
209.615 0.998
210.477 0.862
211.353 0.876
212.223 0.87
213.138 0.915
213.977 0.839
214.75 0.773
215.595 0.845
216.614 1.019
217.622 1.008
218.487 0.865
219.367 0.88
220.303 0.936
221.296 0.993
222.167 0.871
223.031 0.864
223.937 0.906
224.879 0.942
225.702 0.823
226.546 0.844
227.469 0.923
228.454 0.985
229.341 0.887
230.123 0.782
230.895 0.772
231.775 0.88
232.854 1.079
233.857 1.003
234.685 0.828
235.569 0.884
236.44 0.871
237.342 0.902
238.138 0.796
238.893 0.755
239.679 0.786
240.519 0.84
241.438 0.919
242.362 0.924
243.17 0.808
243.935 0.765
244.717 0.782
245.64 0.923
246.703 1.063
247.692 0.989
248.626 0.934
249.577 0.951
250.4 0.823
251.14 0.74
251.866 0.726
252.597 0.731
253.81 1.213
254.757 0.947
255.74 0.983
256.75 1.01
257.736 0.986
258.596 0.86
259.419 0.823
260.246 0.827
261.087 0.841
261.933 0.846
262.717 0.784
263.481 0.764
264.33 0.849
265.248 0.918
266.181 0.933
267.075 0.894
268.05 0.975
269.053 1.003
270.008 0.955
270.838 0.83
271.683 0.845
272.543 0.86
273.437 0.894
274.275 0.838
275.127 0.852
276.026 0.899
276.958 0.932
277.788 0.83
278.638 0.85
279.542 0.904
280.507 0.965
281.468 0.961
282.304 0.836
283.16 0.856
284.075 0.915
285.03 0.955
285.918 0.888
286.92 1.002
288.001 1.081
288.957 0.956
289.81 0.853
290.669 0.859
291.586 0.917
292.526 0.94
293.372 0.846
294.285 0.913
295.257 0.972
296.223 0.966
297.062 0.839
297.93 0.868
298.79 0.86
299.702 0.912
300.56 0.858
301.447 0.887
302.31 0.863
303.229 0.919
304.032 0.803
304.821 0.789
305.617 0.796
306.513 0.896
307.477 0.964
308.243 0.766
308.948 0.705
309.658 0.71
310.371 0.713
311.073 0.702
311.8 0.727
312.59 0.79
313.451 0.861
314.362 0.911
315.258 0.896
316.103 0.845
316.888 0.785
317.672 0.784
318.454 0.782
319.28 0.826
320.215 0.935
321.222 1.007
322.15 0.928
323.063 0.913
323.989 0.926
324.892 0.903
325.795 0.903
326.682 0.887
327.599 0.917
328.423 0.824
329.214 0.791
330.023 0.809
330.941 0.918
331.857 0.916
332.712 0.855
333.532 0.82
334.317 0.785
335.125 0.808
335.839 0.714
336.277 0.438
336.539 0.262
336.791 0.252
337.202 0.411
337.549 0.347
337.844 0.295
338.159 0.315
338.485 0.326
339.013 0.528
339.72 0.707
340.333 0.613
340.935 0.602
341.294 0.359
341.568 0.274
342.167 0.599
342.764 0.597
343.361 0.597
343.954 0.593
344.533 0.579
345.098 0.565
345.68 0.582
346.282 0.602
346.886 0.604
347.486 0.6
348.083 0.597
348.699 0.616
349.337 0.638
350.038 0.701
350.772 0.734
351.627 0.855
352.464 0.837
353.34 0.876
354.2 0.86
354.982 0.782
355.715 0.733
356.487 0.772
357.372 0.885
358.244 0.872
359.157 0.913
360.132 0.975
361.094 0.962
362.015 0.921
362.974 0.959
363.927 0.953
364.847 0.92
365.844 0.997
366.879 1.035
367.757 0.878
368.599 0.842
369.468 0.869
370.232 0.764
370.977 0.745
371.766 0.789
372.681 0.915
373.615 0.934
374.59 0.975
375.497 0.907
376.452 0.955
377.446 0.994
378.416 0.97
379.349 0.933
380.286 0.937
381.226 0.94
382.218 0.992
383.161 0.943
384.162 1.001
385.15 0.988
386.019 0.869
386.929 0.91
387.909 0.98
388.928 1.019
390.015 1.087
390.983 0.968
391.936 0.953
392.876 0.94
393.887 1.011
394.805 0.918
395.688 0.883
396.625 0.937
397.747 1.122
398.731 0.984
399.666 0.935
400.625 0.959
401.597 0.972
402.506 0.909
403.404 0.898
404.31 0.906
405.368 1.058
406.302 0.934
407.259 0.957
408.164 0.905
409.101 0.937
409.968 0.867
410.856 0.888
411.796 0.94
412.798 1.002
413.675 0.877
414.605 0.93
415.65 1.045
416.534 0.884
417.422 0.888
418.333 0.911
419.268 0.935
420.147 0.879
421.08 0.933
422.063 0.983
422.96 0.897
423.891 0.931
424.916 1.025
425.961 1.045
426.8 0.839
427.677 0.877
428.637 0.96
429.51 0.873
430.45 0.94
431.636 1.186
432.743 1.107
433.734 0.991
434.799 1.065
435.882 1.083
436.828 0.946
437.814 0.986
438.833 1.019
439.83 0.997
440.751 0.921
441.721 0.97
442.738 1.017
443.718 0.98
444.791 1.073
445.887 1.096
446.863 0.976
447.855 0.992
448.892 1.037
449.922 1.03
450.811 0.889
451.615 0.804
452.336 0.721
453.424 1.088
454.369 0.945
455.327 0.958
456.353 1.026
457.33 0.977
458.22 0.89
459.144 0.924
460.076 0.932
460.956 0.88
461.734 0.778
462.525 0.791
463.341 0.816
464.295 0.954
465.197 0.902
466.209 1.012
467.183 0.974
468.049 0.866
468.918 0.869
469.896 0.978
470.84 0.944
471.717 0.877
472.689 0.972
473.758 1.069
474.6 0.842
475.426 0.826
476.305 0.879
477.241 0.936
478.089 0.848
479.024 0.935
480.059 1.035
481.073 1.014
481.932 0.859
482.808 0.876
483.715 0.907
484.6 0.885
485.418 0.818
486.273 0.855
487.189 0.916
488.103 0.914
488.965 0.862
489.875 0.91
490.842 0.967
491.793 0.951
492.662 0.869
493.543 0.881
494.478 0.935
495.301 0.823
496.17 0.869
497.05 0.88
497.91 0.86
498.701 0.791
499.497 0.796
500.337 0.84
501.298 0.961
502.228 0.93
503.073 0.845
503.935 0.862
504.806 0.871
505.645 0.839
506.447 0.802
507.327 0.88
508.218 0.891
509.183 0.965
510.013 0.83
510.875 0.862
511.781 0.906
512.668 0.887
513.521 0.853
514.387 0.866
515.309 0.922
516.178 0.869
517.032 0.854
517.907 0.875
518.831 0.924
519.687 0.856
520.519 0.832
521.426 0.907
522.36 0.934
523.24 0.88
524.107 0.867
524.993 0.886
525.963 0.97
526.795 0.832
527.584 0.789
528.378 0.794
529.327 0.949
530.274 0.947
531.113 0.839
532.003 0.89
533.032 1.029
533.936 0.904
534.77 0.834
535.659 0.889
536.584 0.925
537.433 0.849
538.228 0.795
539.063 0.835
539.968 0.905
540.852 0.884
541.714 0.862
542.755 1.041
543.749 0.994
544.655 0.906
545.476 0.821
546.287 0.811
547.075 0.788
547.861 0.786
548.612 0.751
549.46 0.848
550.509 1.049
551.609 1.1
552.569 0.96
553.575 1.006
554.548 0.973
555.412 0.864
556.19 0.778
556.943 0.753
557.767 0.824
558.671 0.904
559.578 0.907
560.622 1.044
561.668 1.046
562.64 0.972
563.508 0.868
564.442 0.934
565.491 1.049
566.419 0.928
567.224 0.805
568.063 0.839
569.009 0.946
569.967 0.958
570.819 0.852
571.735 0.916
572.758 1.023
573.639 0.881
574.431 0.792
575.228 0.797
576.071 0.843
577.086 1.015
577.936 0.85
578.864 0.928
579.826 0.962
580.731 0.905
581.602 0.871
582.534 0.932
583.492 0.958
584.385 0.893
585.257 0.872
586.173 0.916
587.1 0.927
587.981 0.881
588.801 0.82
589.612 0.811
590.414 0.802
591.244 0.83
592.027 0.783
592.826 0.799
593.738 0.912
594.72 0.982
595.578 0.858
596.388 0.81
597.224 0.836
598.114 0.89
598.965 0.851
599.752 0.787
600.569 0.817
601.458 0.889
602.387 0.929
603.207 0.82
604.019 0.812
604.861 0.842
605.718 0.857
606.554 0.836
607.391 0.837
608.286 0.895
609.212 0.926
610.023 0.811
610.855 0.832
611.694 0.839
612.607 0.913
613.468 0.861
614.355 0.887
615.248 0.893
616.163 0.915
616.997 0.834
617.785 0.788
618.621 0.836
619.738 1.117
620.737 0.999
621.673 0.936
622.615 0.942
623.452 0.837
624.22 0.768
624.935 0.715
625.635 0.7
626.372 0.737
627.195 0.823
628.092 0.897
628.916 0.824
629.772 0.856
630.709 0.937
631.597 0.888
632.366 0.769
633.126 0.76
633.901 0.775
634.753 0.852
635.722 0.969
636.63 0.908
637.581 0.951
638.552 0.971
639.458 0.906
640.323 0.865
641.201 0.878
642.133 0.932
643.032 0.899
643.844 0.812
644.679 0.835
645.575 0.896
646.476 0.901
647.303 0.827
648.155 0.852
649.093 0.938
650.182 1.089
651.001 0.819
651.75 0.749
652.447 0.697
653.133 0.686
653.869 0.736
654.589 0.72
655.333 0.744
656.127 0.794
657.002 0.875
657.81 0.808
658.593 0.783
659.408 0.815
660.275 0.867
661.067 0.792
661.809 0.742
662.536 0.727
663.293 0.757
664.087 0.794
664.857 0.77
665.718 0.861
666.702 0.984
667.704 1.002
668.584 0.88
669.42 0.836
670.262 0.842
671.065 0.803
671.809 0.744
672.532 0.723
673.297 0.765
674.304 1.007
675.333 1.029
676.251 0.918
677.183 0.932
678.17 0.987
678.976 0.806
679.694 0.718
680.414 0.72
680.747 0.333
681.243 0.496
682.2 0.957
683.158 0.958
684.13 0.972
685.111 0.981
686.076 0.965
686.977 0.901
687.798 0.821
688.663 0.865
689.553 0.89
690.542 0.989
691.589 1.047
692.585 0.996
693.619 1.034
694.652 1.033
695.675 1.023
696.667 0.992
697.656 0.989
698.645 0.989
699.624 0.979
700.652 1.028
701.643 0.991
702.632 0.989
703.663 1.031
704.69 1.027
705.642 0.952
706.455 0.813
707.239 0.784
708.078 0.839
709.081 1.003
709.974 0.893
710.828 0.854
711.821 0.993
712.861 1.04
713.706 0.845
714.595 0.889
715.551 0.956
716.541 0.99
717.523 0.982
718.492 0.969
719.422 0.93
720.289 0.867
721.247 0.958
722.369 1.122
723.299 0.93
724.272 0.973
725.3 1.028
726.271 0.971
727.203 0.932
728.134 0.931
729.031 0.897
729.944 0.913
730.787 0.843
731.604 0.817
732.518 0.914
733.403 0.885
734.402 0.999
735.353 0.951
736.313 0.96
737.25 0.937
738.19 0.94
739.128 0.938
740.002 0.874
741.05 1.048
742.119 1.069
743.051 0.932
743.954 0.903
744.895 0.941
745.762 0.867
746.655 0.893
747.572 0.917
748.483 0.911
749.382 0.899
750.376 0.994
751.428 1.052
752.422 0.994
753.328 0.906
754.261 0.933
755.262 1.001
756.461 1.199
757.451 0.99
758.325 0.874
759.056 0.731
759.736 0.68
760.39 0.654
761.021 0.631
761.674 0.653
762.497 0.823
763.306 0.809
764.11 0.804
765.009 0.899
766.001 0.992
766.921 0.92
767.767 0.846
768.614 0.847
769.563 0.949
770.416 0.853
771.336 0.92
772.41 1.074
773.398 0.988
774.398 1.0
775.522 1.124
776.513 0.991
777.416 0.903
778.379 0.963
779.293 0.914
780.172 0.879
781.1 0.928
782.075 0.975
783.0 0.925
783.883 0.883
784.777 0.894
785.706 0.929
786.599 0.893
787.448 0.849
788.304 0.856
789.223 0.919
790.137 0.914
791.017 0.88
791.925 0.908
792.936 1.011
793.831 0.895
794.762 0.931
795.731 0.969
796.649 0.918
797.487 0.838
798.46 0.973
799.547 1.087
800.521 0.974
801.446 0.925
802.388 0.942
803.343 0.955
804.193 0.85
805.054 0.861
806.069 1.015
806.959 0.89
807.79 0.831
808.695 0.905
809.801 1.106
810.797 0.996
811.688 0.891
812.566 0.878
813.496 0.93
814.402 0.906
815.225 0.823
816.089 0.864
817.025 0.936
817.902 0.877
818.816 0.914
819.715 0.899
820.627 0.912
821.449 0.822
822.287 0.838
823.168 0.881
824.063 0.895
824.831 0.768
825.636 0.805
826.439 0.803
827.473 1.034
828.346 0.873
829.282 0.936
830.247 0.965
831.166 0.919
832.036 0.87
832.857 0.821
833.669 0.812
834.527 0.858
835.342 0.815
836.224 0.882
837.245 1.021
838.227 0.982
839.142 0.915
840.094 0.952
841.139 1.045
842.106 0.967
842.963 0.857
843.843 0.88
844.824 0.981
845.86 1.036
846.809 0.949
847.818 1.009
848.811 0.993
849.717 0.906
850.694 0.977
851.719 1.025
852.584 0.865
853.458 0.874
854.351 0.893
855.343 0.992
856.27 0.927
857.315 1.045
858.395 1.08
859.403 1.008
860.332 0.929
861.303 0.971
862.209 0.906
863.088 0.879
864.009 0.921
864.867 0.858
865.842 0.975
866.779 0.937
867.611 0.832
868.389 0.778
869.182 0.793
870.072 0.89
870.962 0.89
871.779 0.817
872.596 0.817
873.515 0.919
874.445 0.93
875.312 0.867
876.169 0.857
877.116 0.947
878.076 0.96
878.998 0.922
879.868 0.87
880.809 0.941
881.733 0.924
882.557 0.824
883.426 0.869
884.345 0.919
885.275 0.93
886.134 0.859
887.017 0.883
887.935 0.918
888.875 0.94
889.753 0.878
890.585 0.832
891.437 0.852
892.329 0.892
893.279 0.95
894.104 0.825
894.854 0.75
895.621 0.767
896.458 0.837
897.406 0.948
898.407 1.001
899.36 0.953
900.281 0.921
901.118 0.837
901.842 0.724
902.537 0.695
903.203 0.666
903.847 0.644
904.493 0.646
905.133 0.64
905.982 0.849
906.97 0.988
907.835 0.865
908.68 0.845
909.526 0.846
910.412 0.886
911.406 0.994
912.41 1.004
913.347 0.937
914.238 0.891
915.057 0.819
915.37 0.313
915.633 0.263
915.971 0.338
916.278 0.307
917.168 0.89
917.898 0.73
918.659 0.761
919.518 0.859
920.402 0.884
921.26 0.858
922.051 0.791
922.793 0.742
923.554 0.761
924.357 0.803
925.207 0.85
925.949 0.742
926.669 0.72
926.989 0.32
927.429 0.44
928.138 0.709
928.822 0.684
929.657 0.835
930.581 0.924
931.516 0.935
932.465 0.949
933.392 0.927
934.321 0.929
935.17 0.849
935.912 0.742
936.619 0.707
937.32 0.701
938.131 0.811
939.179 1.048
940.244 1.065
941.296 1.052
942.292 0.996
943.233 0.941
944.164 0.931
945.072 0.908
946.001 0.929
946.995 0.994
947.881 0.886
948.927 1.046
950.099 1.172
951.227 1.128
952.21 0.983
953.18 0.97
954.197 1.017
955.123 0.926
956.02 0.897
956.998 0.978
957.981 0.983
958.92 0.939
959.854 0.934
960.831 0.977
961.832 1.001
962.72 0.888
963.588 0.868
964.507 0.919
965.501 0.994
966.395 0.894
967.334 0.939
968.334 1.0
969.348 1.014
970.208 0.86
971.087 0.879
972.036 0.949
973.012 0.976
973.866 0.854
974.771 0.905
975.741 0.97
976.764 1.023
977.663 0.899
978.657 0.994
979.691 1.034
980.636 0.945
981.497 0.861
982.399 0.902
983.386 0.987
984.281 0.895
985.08 0.799
985.911 0.831
986.865 0.954
987.854 0.989
988.802 0.948
989.801 0.999
990.817 1.016
991.795 0.978
992.783 0.988
993.82 1.037
994.897 1.077
995.831 0.934
996.849 1.018
997.934 1.085
998.944 1.01
999.867 0.923
1000.849 0.982
1001.838 0.989
1002.769 0.931
1003.727 0.958
1004.749 1.022
1005.707 0.958
1006.721 1.014
1007.791 1.07
1008.773 0.982
1009.786 1.013
1010.833 1.047
1011.793 0.96
1012.726 0.933
1013.679 0.953
1014.625 0.946
1015.473 0.848
1016.401 0.928
1017.387 0.986
1018.324 0.937
1019.213 0.889
1020.008 0.795
1020.718 0.71
1021.409 0.691
1022.115 0.706
1023.068 0.953
1023.989 0.921
1024.856 0.867
1025.788 0.932
1026.81 1.022
1027.824 1.014
1028.711 0.887
1029.587 0.876
1030.5 0.913
1031.392 0.892
1032.223 0.831
1033.138 0.915
1034.106 0.968
1035.022 0.916
1035.853 0.831
1036.653 0.8
1037.412 0.759
1038.526 1.114
1039.469 0.943
1040.378 0.909
1041.296 0.918
1042.226 0.93
1043.051 0.825
1043.868 0.817
1044.821 0.953
1045.887 1.066
1046.863 0.976
1047.96 1.097
1048.965 1.005
1049.819 0.854
1050.699 0.88
1051.627 0.928
1052.485 0.858
1053.343 0.858
1054.278 0.935
1055.328 1.05
1056.289 0.961
1057.224 0.935
1058.186 0.962
1059.13 0.944
1059.977 0.847
1060.845 0.868
1061.774 0.929
1062.733 0.959
1063.614 0.881
1064.531 0.917
1065.538 1.007
1066.519 0.981
1067.413 0.894
1068.291 0.878
1069.223 0.932
1070.236 1.013
1071.11 0.874
1071.945 0.835
1072.911 0.966
1073.977 1.066
1074.799 0.822
1075.561 0.762
1076.374 0.813
1077.283 0.909
1078.184 0.901
1079.067 0.883
1079.957 0.89
1080.843 0.886
1081.725 0.882
1082.55 0.825
1083.347 0.797
1084.153 0.806
1085.019 0.866
1085.853 0.834
1086.716 0.863
1087.665 0.949
1088.583 0.918
1089.437 0.854
1090.242 0.805
1090.973 0.731
1091.704 0.731
1092.441 0.737
1093.255 0.814
1094.085 0.83
1094.96 0.875
1095.779 0.819
1096.591 0.812
1097.449 0.858
1098.318 0.869
1099.113 0.795
1099.851 0.738
1100.63 0.779
1101.419 0.789
1102.282 0.863
1103.064 0.782
1103.507 0.443
1103.89 0.383
1104.738 0.848
1105.561 0.823
1106.321 0.76
1107.1 0.779
1107.905 0.805
1108.682 0.777
1109.398 0.716
1110.126 0.728
1110.917 0.791
1111.77 0.853
1112.694 0.924
1113.592 0.898
1114.463 0.871
1115.342 0.879
1116.227 0.885
1117.047 0.82
1117.829 0.782
1118.714 0.885
1119.954 1.24
1121.064 1.11
1122.038 0.974
1122.97 0.932
1123.952 0.982
1125.004 1.052
1126.028 1.024
1126.937 0.909
1127.784 0.847
1128.647 0.863
1129.611 0.964
1130.541 0.93
1131.464 0.923
1132.44 0.976
1133.517 1.077
1134.526 1.009
1135.394 0.868
1136.257 0.863
1137.182 0.925
1138.074 0.892
1139.031 0.957
1140.049 1.018
1140.986 0.937
1141.96 0.974
1142.947 0.987
1143.91 0.963
1144.774 0.864
1145.641 0.867
1146.544 0.903
1147.394 0.85
1148.254 0.86
1149.221 0.967
1150.265 1.044
1151.174 0.909
1152.087 0.913
1153.018 0.931
1153.954 0.936
1154.796 0.842
1155.623 0.827
1156.508 0.885
1157.536 1.028
1158.48 0.944
1159.328 0.848
1160.207 0.879
1161.158 0.951
1162.026 0.868
1162.904 0.878
1163.71 0.806
1164.581 0.871
1165.57 0.989
1166.53 0.96
1167.433 0.903
1168.36 0.927
1169.35 0.99
1170.274 0.924
1171.195 0.921
1172.146 0.951
1173.083 0.937
1173.955 0.872
1174.853 0.898
1175.797 0.944
1176.708 0.911
1177.554 0.846
1178.377 0.823
1179.261 0.884
1180.198 0.937
1181.134 0.936
1181.991 0.857
1182.761 0.77
1183.471 0.71
1184.153 0.682
1184.807 0.654
1185.44 0.633
1186.074 0.634
1186.721 0.647
1187.393 0.672
1188.153 0.76
1189.022 0.869
1189.888 0.866
1190.67 0.782
1191.385 0.715
1192.07 0.685
1192.767 0.697
1193.504 0.737
1194.355 0.851
1195.283 0.928
1196.176 0.893
1196.998 0.822
1197.868 0.87
1198.824 0.956
1199.809 0.985
1200.559 0.75
1201.693 1.134
1202.791 1.098
1203.852 1.061
1204.669 0.817
1205.379 0.71
1206.069 0.69
1206.81 0.741
1207.564 0.754
1207.844 0.28
1208.577 0.733
1209.34 0.763
1210.101 0.761
1210.845 0.744
1211.602 0.757
1212.377 0.775
1213.163 0.786
1213.899 0.736
1214.601 0.702
1215.305 0.704
1216.0 0.695
1216.676 0.676
1217.395 0.719
1218.149 0.754
1218.888 0.739
1219.602 0.714
1220.298 0.696
1221.016 0.718
1221.773 0.757
1222.541 0.768
1223.281 0.74
1223.995 0.714
1224.774 0.779
1225.547 0.773
1226.285 0.738
1227.052 0.767
1227.834 0.782
1228.613 0.779
1229.342 0.729
1230.035 0.693
1230.736 0.701
1231.483 0.747
1232.352 0.869
1233.357 1.005
1234.302 0.945
1235.149 0.847
1235.97 0.821
1236.815 0.845
1237.682 0.867
1238.541 0.859
1239.308 0.767
1239.986 0.678
1240.638 0.652
1241.296 0.658
1241.963 0.667
1242.704 0.741
1243.689 0.985
1244.555 0.866
1245.395 0.84
1246.223 0.828
1247.025 0.802
1247.744 0.719
1248.414 0.67
1249.116 0.702
1249.889 0.773
1250.916 1.027
1251.951 1.035
1252.884 0.933
1253.825 0.941
1254.75 0.925
1255.641 0.891
1256.443 0.802
1257.215 0.772
1258.029 0.814
1258.938 0.909
1259.884 0.946
1260.759 0.875
1261.631 0.872
1262.49 0.859
1263.356 0.866
1264.254 0.898
1265.092 0.838
1265.912 0.82
1266.709 0.797
1267.511 0.802
1268.445 0.934
1269.105 0.66
1270.039 0.934
1270.971 0.932
1271.44 0.469
1271.845 0.405
1272.581 0.736
1273.368 0.787
1274.061 0.693
1274.434 0.373
1274.76 0.326
1275.544 0.784
1276.409 0.865
1277.189 0.78
1277.972 0.783
1278.735 0.763
1279.454 0.719
1280.688 1.234
1281.778 1.09
1282.806 1.028
1283.715 0.909
1284.516 0.801
1285.263 0.747
1285.997 0.734
1286.769 0.772
1287.6 0.831
1288.464 0.864
1289.38 0.916
1290.216 0.836
1290.992 0.776
1291.777 0.785
1292.641 0.864
1293.543 0.902
1294.451 0.908
1295.262 0.811
1296.02 0.758
1296.739 0.719
1297.432 0.693
1298.159 0.727
1298.89 0.731
1299.663 0.773
1300.506 0.843
1301.624 1.118
1302.644 1.02
1303.521 0.877
1304.359 0.838
1305.249 0.89
1306.062 0.813
1306.876 0.814
1307.169 0.293
1307.63 0.461
1308.391 0.761
1309.543 1.152
1310.555 1.012
1311.525 0.97
1312.239 0.714
1312.523 0.284
1313.115 0.592
1313.472 0.357
1314.279 0.807
1315.031 0.752
1315.498 0.467
1315.857 0.359
1316.332 0.475
1316.585 0.253
1317.21 0.625
1317.583 0.373
1318.059 0.476
1318.339 0.28
1319.356 1.017
1319.902 0.546
1320.345 0.443
1320.676 0.331
1321.191 0.515
1321.603 0.412
1321.868 0.265
1322.564 0.696
1322.903 0.339
1323.162 0.259
1323.416 0.254
1323.907 0.491
1324.894 0.987
1325.925 1.031
1326.94 1.015
1327.336 0.396
1327.886 0.55
1328.171 0.285
1328.47 0.299
1328.733 0.263
1329.102 0.369
1329.389 0.287
1330.03 0.641
1330.444 0.414
1330.733 0.289
1331.019 0.286
1331.814 0.795
1332.143 0.329
1332.52 0.377
1332.778 0.258
1333.05 0.272
1333.358 0.308
1333.99 0.632
1334.67 0.68
1335.385 0.715
1335.783 0.398
1336.619 0.836
1337.233 0.614
1337.836 0.603
1338.088 0.252
1338.38 0.292
1338.652 0.272
1339.66 1.008
1340.326 0.666
1341.06 0.734
1341.804 0.744
1342.604 0.8
1343.446 0.842
1343.738 0.292
1344.428 0.69
1345.419 0.991
1346.368 0.949
1347.293 0.925
1347.657 0.364
1348.217 0.56
1348.875 0.658
1349.168 0.293
1349.874 0.706
1350.348 0.474
1350.704 0.356
1350.957 0.253
1351.564 0.607
1352.455 0.891
1353.273 0.818
1353.899 0.626
1354.329 0.43
1355.157 0.828
1355.502 0.345
1356.497 0.995
1357.01 0.513
1357.4 0.39
1358.183 0.783
1358.88 0.697
1359.563 0.683
1360.271 0.708
1361.308 1.037
1362.297 0.989
1363.219 0.922
1363.687 0.468
1364.205 0.518
1365.204 0.999
1366.09 0.886
1366.938 0.848
1367.792 0.854
1368.658 0.866
1369.417 0.759
1370.186 0.769
1370.966 0.78
1371.758 0.792
1372.936 1.178
1373.832 0.896
1374.611 0.779
1375.763 1.152
1376.763 1.0
1377.245 0.482
1377.684 0.439
1377.995 0.311
1378.473 0.478
1379.214 0.741
1379.622 0.408
1379.982 0.36
1380.278 0.296
1380.537 0.259
1380.913 0.376
1381.792 0.879
1382.338 0.546
1382.643 0.305
1382.939 0.296
1383.362 0.423
1384.312 0.95
1385.161 0.849
1386.029 0.868
1386.294 0.265
1386.644 0.35
1386.918 0.274
1387.187 0.269
1387.858 0.671
1388.822 0.964
1389.681 0.859
1390.494 0.813
1391.281 0.787
1392.045 0.764
1392.763 0.718
1393.1 0.337
1393.498 0.398
1394.237 0.739
1394.989 0.752
1395.732 0.743
1396.468 0.736
1397.002 0.534
1397.288 0.286
1397.948 0.66
1398.657 0.709
1399.199 0.542
1400.02 0.821
1400.291 0.271
1400.81 0.519
1401.229 0.419
1402.364 1.135
1402.844 0.48
1403.155 0.311
1403.596 0.441
1403.882 0.286
1404.343 0.461
1404.816 0.473
1405.16 0.344
1405.412 0.252
1405.97 0.558
1406.729 0.759
1407.563 0.834
1408.461 0.898
1409.372 0.911
1410.283 0.911
1411.17 0.887
1411.82 0.65
1412.228 0.408
1412.573 0.345
1412.827 0.254
1413.091 0.264
1413.364 0.273
1414.017 0.653
1414.695 0.678
1415.505 0.81
1416.494 0.989
1417.535 1.041
1418.549 1.014
1419.516 0.967
1420.395 0.879
1421.257 0.862
1422.108 0.851
1422.939 0.831
1423.796 0.857
1424.63 0.834
1425.086 0.456
1425.764 0.678
1426.522 0.758
1426.925 0.403
1427.178 0.253
1427.474 0.296
1428.242 0.768
1429.083 0.841
1429.641 0.558
1430.065 0.424
1430.662 0.597
1431.455 0.793
1432.769 1.314
1433.67 0.901
1434.382 0.712
1435.13 0.748
1435.903 0.773
1436.642 0.739
1437.366 0.724
1438.164 0.798
1438.992 0.828
1439.998 1.006
1440.81 0.812
1441.33 0.52
1441.666 0.336
1442.494 0.828
1442.9 0.406
1443.239 0.339
1443.951 0.712
1444.692 0.741
1445.507 0.815
1446.333 0.826
1447.172 0.839
1447.502 0.33
1447.82 0.318
1448.109 0.289
1448.937 0.828
1449.672 0.735
1450.601 0.929
1451.298 0.697
1452.161 0.863
1452.846 0.685
1453.163 0.317
1453.53 0.367
1454.233 0.703
1454.697 0.464
1455.035 0.338
1455.966 0.931
1456.822 0.856
1457.796 0.974
1458.654 0.858
1459.422 0.768
1459.795 0.373
1460.169 0.374
1460.984 0.815
1461.847 0.863
1462.732 0.885
1463.518 0.786
1464.308 0.79
1465.045 0.737
1465.749 0.704
1466.478 0.729
1467.272 0.794
1467.85 0.578
1468.937 1.087
1469.875 0.938
1470.863 0.988
1471.747 0.884
1472.25 0.503
1472.515 0.265
1472.961 0.446
1473.225 0.264
1473.538 0.313
1473.818 0.28
1474.49 0.672
1474.841 0.351
1475.487 0.646
1475.936 0.449
1476.28 0.344
1477.206 0.926
1477.459 0.253
1478.274 0.815
1479.251 0.977
1480.16 0.909
1481.001 0.841
1481.791 0.79
1482.183 0.392
1482.465 0.282
1483.154 0.689
1483.481 0.327
1483.888 0.407
1484.547 0.659
1485.692 1.145
1486.552 0.86
1487.326 0.774
1487.644 0.318
1487.957 0.313
1488.383 0.426
1488.779 0.396
1489.514 0.735
1490.255 0.741
1491.034 0.779
1491.905 0.871
1492.673 0.768
1493.168 0.495
1493.428 0.26
1493.855 0.427
1494.275 0.42
1494.825 0.55
1495.222 0.397
1495.886 0.664
1496.81 0.924
1497.52 0.71
1498.212 0.692
1498.946 0.734
1499.938 0.992
1500.802 0.864
1501.774 0.972
1502.933 1.159
1504.041 1.108
1504.972 0.931
1505.26 0.288
1505.881 0.621
1506.795 0.914
1507.727 0.932
1508.555 0.828
1509.345 0.79
1510.169 0.824
1511.248 1.079
1512.287 1.039
1513.237 0.95
1514.158 0.921
1515.064 0.906
1516.021 0.957
1516.927 0.906
1517.818 0.891
1518.701 0.883
1519.631 0.93
1520.642 1.011
1521.517 0.875
1522.297 0.78
1523.054 0.757
1523.86 0.806
1524.714 0.854
1525.572 0.858
1526.421 0.849
1527.222 0.801
1527.978 0.756
1528.732 0.754
1529.512 0.78
1530.35 0.838
1531.162 0.812
1532.038 0.876
1533.008 0.97
1533.992 0.984
1534.852 0.86
1535.728 0.876
1536.627 0.899
1537.466 0.839
1538.251 0.785
1539.075 0.824
1540.005 0.93
1540.889 0.884
1541.625 0.736
1542.32 0.695
1543.092 0.772
1543.594 0.502
1543.998 0.404
1544.296 0.298
1544.58 0.284
1544.908 0.328
1545.166 0.258
1545.865 0.699
1546.925 1.06
1547.909 0.984
1548.833 0.924
1549.604 0.771
1550.593 0.989
1551.393 0.8
1552.176 0.783
1552.945 0.769
1553.729 0.784
1554.525 0.796
1555.349 0.824
1556.175 0.826
1557.015 0.84
1557.849 0.834
1558.607 0.758
1559.135 0.528
1559.424 0.289
1560.068 0.644
1560.764 0.696
1561.502 0.738
1562.353 0.851
1563.228 0.875
1564.973 1.745
1565.738 0.765
1566.068 0.33
1566.626 0.558
1567.384 0.758
1568.106 0.722
1568.474 0.368
1568.794 0.32
1569.483 0.689
1570.199 0.716
1570.935 0.736
1571.718 0.783
1572.523 0.805
1572.788 0.265
1573.312 0.524
1574.14 0.828
1574.781 0.641
1575.443 0.662
1575.779 0.336
1576.501 0.722
1577.231 0.73
1578.037 0.806
1579.35 1.313
1580.398 1.048
1580.752 0.354
1581.184 0.432
1581.454 0.27
1582.431 0.977
1583.309 0.878
1584.086 0.777
1584.795 0.709
1585.448 0.653
1586.079 0.631
1586.715 0.636
1587.352 0.637
1588.943 1.591
1589.478 0.535
1589.907 0.429
1591.072 1.165
1591.375 0.303
1591.825 0.45
1592.288 0.463
1592.718 0.43
1593.371 0.653
1594.401 1.03
1595.23 0.829
1595.97 0.74
1596.662 0.692
1597.267 0.605
1598.247 0.98
1598.54 0.293
1599.496 0.956
1599.831 0.335
1600.213 0.382
1600.615 0.402
1601.635 1.02
1602.672 1.037
1603.603 0.931
1604.49 0.887
1605.283 0.793
1606.018 0.735
1606.722 0.704
1607.419 0.697
1608.167 0.748
1609.386 1.219
1610.136 0.75
1610.436 0.3
1611.416 0.98
1612.329 0.913
1613.213 0.884
1614.078 0.865
1614.888 0.81
1615.639 0.751
1616.349 0.71
1617.054 0.705
1617.835 0.781
1618.947 1.112
1619.485 0.538
1619.981 0.496
1620.842 0.861
1621.162 0.32
1621.444 0.282
1621.997 0.553
1622.87 0.873
1623.22 0.35
1623.704 0.484
1624.249 0.545
1624.506 0.257
1625.186 0.68
1625.785 0.599
1626.272 0.487
1626.633 0.361
1627.358 0.725
1628.593 1.235
1629.653 1.06
1630.041 0.388
1630.827 0.786
1631.32 0.493
1631.574 0.254
1632.741 1.167
1633.614 0.873
1634.443 0.829
1635.225 0.782
1635.75 0.525
1636.015 0.265
1636.692 0.677
1637.144 0.452
1637.417 0.273
1638.006 0.589
1638.294 0.288
1639.409 1.115
1639.95 0.541
1640.311 0.361
1641.139 0.828
1641.433 0.294
1641.754 0.321
1642.032 0.278
1642.338 0.306
1643.231 0.893
1644.033 0.802
1644.792 0.759
1645.513 0.721
1645.956 0.443
1646.219 0.263
1646.575 0.356
1646.85 0.275
1647.635 0.785
1648.482 0.847
1649.715 1.233
1650.117 0.402
1650.547 0.43
1650.91 0.363
1651.803 0.893
1652.658 0.855
1653.661 1.003
1654.504 0.843
1655.272 0.768
1655.656 0.384
1656.002 0.346
1656.431 0.429
1656.71 0.279
1657.481 0.771
1658.683 1.202
1659.804 1.121
1660.081 0.277
1660.416 0.335
1660.918 0.502
1661.173 0.255
1661.897 0.724
1662.79 0.893
1663.194 0.404
1663.654 0.46
1664.515 0.861
1665.346 0.831
1665.827 0.481
1666.836 1.009
1667.086 0.25
1667.596 0.51
1669.146 1.55
1669.436 0.29
1669.823 0.387
1670.202 0.379
1670.484 0.282
1670.931 0.447
1671.282 0.351
1671.571 0.289
1672.268 0.697
1672.936 0.668
1673.2 0.264
1674.123 0.923
1674.984 0.861
1675.352 0.368
1675.679 0.327
1676.543 0.864
1676.876 0.333
1677.311 0.435
1678.318 1.007
1678.768 0.45
1679.589 0.821
1680.228 0.639
1680.519 0.291
1680.833 0.314
1681.252 0.419
1681.751 0.499
1682.016 0.265
1682.293 0.277
1682.73 0.437
1683.043 0.313
1683.64 0.597
1684.528 0.888
1685.41 0.882
1685.932 0.522
1686.219 0.287
1686.8 0.581
1687.23 0.43
1687.569 0.339
1687.849 0.28
1688.795 0.946
1689.754 0.959
1690.049 0.295
1690.9 0.851
1692.059 1.159
1693.03 0.971
1693.944 0.914
1694.809 0.865
1695.392 0.583
1696.225 0.833
1696.77 0.545
1697.059 0.289
1697.332 0.273
1697.648 0.316
1698.835 1.187
1699.17 0.335
1699.495 0.325
1699.748 0.253
1700.068 0.32
1701.023 0.955
1701.943 0.92
1702.859 0.916
1703.729 0.87
1704.604 0.875
1705.412 0.808
1705.826 0.414
1706.178 0.352
1706.933 0.755
1707.758 0.825
1709.059 1.301
1709.613 0.554
1709.982 0.369
1710.237 0.255
1710.769 0.532
1711.216 0.447
1711.7 0.484
1711.957 0.257
1712.22 0.263
1713.18 0.96
1714.104 0.924
1714.96 0.856
1715.744 0.784
1716.051 0.307
1716.488 0.437
1717.26 0.772
1718.247 0.987
1719.468 1.221
1719.957 0.489
1720.234 0.277
1721.034 0.8
1721.301 0.267
1721.574 0.273
1722.107 0.533
1722.519 0.412
1723.078 0.559
1723.433 0.355
1724.308 0.875
1725.116 0.808
1725.679 0.563
1726.481 0.802
1727.292 0.811
1728.053 0.761
1729.212 1.159
1729.641 0.429
1730.15 0.509
1730.436 0.286
1730.724 0.288
1731.043 0.319
1731.339 0.296
1731.685 0.346
1732.057 0.372
1732.752 0.695
1733.048 0.296
1733.859 0.811
1734.628 0.769
1735.146 0.518
1735.998 0.852
1736.717 0.719
1737.419 0.702
1738.065 0.646
1739.485 1.42
1739.786 0.301
1740.039 0.253
1740.589 0.55
1740.948 0.359
1741.199 0.251
1741.608 0.409
1741.941 0.333
1742.616 0.675
1743.45 0.834
1744.08 0.63
1744.407 0.327
1744.709 0.302
1745.072 0.363
1745.941 0.869
1746.654 0.713
1747.413 0.759
1748.363 0.95
1749.592 1.229
1749.96 0.368
1750.286 0.326
1750.561 0.275
1750.82 0.259
1751.284 0.464
1751.549 0.265
1752.047 0.498
1752.402 0.355
1752.733 0.331
1753.461 0.728
1753.939 0.478
1754.288 0.349
1754.671 0.383
1755.052 0.381
1755.321 0.269
1755.592 0.271
1756.414 0.822
1757.359 0.945
1758.541 1.182
1759.136 0.595
1759.398 0.262
1759.804 0.406
1760.16 0.356
1760.642 0.482
1760.929 0.287
1761.375 0.446
1761.645 0.27
1762.031 0.386
1762.325 0.294
1764.908 2.583
1765.561 0.653
1765.851 0.29
1766.376 0.525
1766.743 0.367
1767.133 0.39
1767.724 0.591
1769.528 1.804
1770.093 0.565
1770.367 0.274
1770.677 0.31
1771.014 0.337
1771.381 0.367
1771.709 0.328
1772.746 1.037
1773.281 0.535
1773.628 0.347
1774.31 0.682
1776.828 2.518
1777.295 0.467
1777.71 0.415
1778.081 0.371
1779.019 0.938
1779.362 0.343
1780.707 1.345
1781.007 0.3
1781.406 0.399
1781.738 0.332
1782.011 0.273
1782.514 0.503
1783.431 0.917
1783.796 0.365
1784.124 0.328
1784.732 0.608
1785.943 1.211
1786.826 0.883
1787.08 0.254
1787.332 0.252
1789.812 2.48
1790.272 0.46
1790.523 0.251
1790.822 0.299
1791.092 0.27
1791.378 0.286
1791.663 0.285
1792.184 0.521
1795.145 2.961
1795.551 0.406
1795.894 0.343
1796.317 0.423
1796.592 0.275
1800.114 3.522
1800.496 0.382
1800.785 0.289
1801.198 0.413
1802.16 0.962
1802.988 0.828
1803.337 0.349
1803.753 0.416
1804.823 1.07
1805.553 0.73
1805.819 0.266
1806.11 0.291
1806.361 0.251
1806.671 0.31
1806.958 0.287
1807.683 0.725
1808.025 0.342
1810.06 2.035
1810.371 0.311
1810.621 0.25
1811.138 0.517
1811.933 0.795
1812.323 0.39
1812.766 0.443
1813.275 0.509
1816.137 2.862
1816.599 0.462
1817.069 0.47
1817.46 0.391
1817.764 0.304
1818.05 0.286
1818.307 0.257
1818.592 0.285
1819.825 1.233
1820.105 0.28
1820.57 0.465
1821.968 1.398
1822.231 0.263
1822.952 0.721
1823.219 0.267
1823.53 0.311
1824.623 1.093
1824.97 0.347
1825.619 0.649
1825.918 0.299
1826.183 0.265
1826.457 0.274
1827.033 0.576
1827.29 0.257
1827.609 0.319
1828.194 0.585
1829.592 1.398
1830.125 0.533
1830.547 0.422
1830.923 0.376
1831.268 0.345
1831.657 0.389
1831.984 0.327
1832.251 0.267
1832.646 0.395
1833.327 0.681
1833.612 0.285
1835.79 2.178
1836.53 0.74
1836.919 0.389
1837.248 0.329
1837.499 0.251
1837.829 0.33
1838.452 0.623
1838.984 0.532
1839.834 0.85
1840.179 0.345
1840.436 0.257
1841.874 1.438
1842.42 0.546
1844.99 2.57
1845.788 0.798
1846.562 0.774
1847.332 0.77
1848.129 0.797
1848.439 0.31
1849.027 0.588
1850.205 1.178
1851.1 0.895
1851.351 0.251
1852.326 0.975
1852.593 0.267
1853.292 0.699
1854.233 0.941
1855.078 0.845
1855.882 0.804
1856.446 0.564
1856.715 0.269
1857.49 0.775
1858.404 0.914
1859.516 1.112
1859.82 0.304
1860.197 0.377
1860.601 0.404
1860.852 0.251
1861.601 0.749
1862.514 0.913
1863.393 0.879
1864.035 0.642
1864.526 0.491
1864.993 0.467
1865.323 0.33
1865.7 0.377
1865.967 0.267
1866.437 0.47
1867.178 0.741
1868.05 0.872
1868.34 0.29
1868.656 0.316
1869.3 0.644
1869.887 0.587
1870.317 0.43
1870.635 0.318
1870.901 0.266
1871.335 0.434
1871.605 0.27
1872.03 0.425
1872.309 0.279
1873.095 0.786
1874.002 0.907
1874.812 0.81
1875.57 0.758
1875.974 0.404
1876.228 0.254
1876.55 0.322
1876.878 0.328
1877.235 0.357
1877.581 0.346
1877.857 0.276
1878.698 0.841
1879.792 1.094
1880.945 1.153
1882.068 1.123
1882.847 0.779
1883.143 0.296
1883.431 0.288
1883.71 0.279
1883.982 0.272
1884.927 0.945
1885.858 0.931
1886.542 0.684
1886.847 0.305
1887.541 0.694
1887.987 0.446
1888.372 0.385
1888.703 0.331
1889.153 0.45
1889.42 0.267
1889.714 0.294
1890.022 0.308
1890.278 0.256
1890.733 0.455
1891.496 0.763
1892.212 0.716
1892.537 0.325
1892.91 0.373
1893.208 0.298
1893.616 0.408
1893.966 0.35
1894.361 0.395
1894.645 0.284
1895.099 0.454
1896.703 1.604
1897.144 0.441
1897.507 0.363
1898.998 1.491
1899.673 0.675
1899.924 0.251
1900.409 0.485
1900.666 0.257
1901.538 0.872
1902.414 0.876
1903.244 0.83
1904.088 0.844
1904.897 0.809
1905.452 0.555
1905.71 0.258
1905.99 0.28
1906.419 0.429
1906.729 0.31
1907.229 0.5
1907.581 0.352
1907.873 0.292
1908.148 0.275
1908.427 0.279
1908.707 0.28
1909.009 0.302
1909.415 0.406
1909.773 0.358
1910.036 0.263
1910.662 0.626
1911.621 0.959
1912.026 0.405
1912.67 0.644
1913.023 0.353
1913.421 0.398
1913.819 0.398
1914.107 0.288
1914.661 0.554
1914.912 0.251