0.000 0.913
0.913 0.913
6.999 6.086
7.941 0.942
8.932 0.991
9.924 0.992
10.854 0.93
11.847 0.993
12.859 1.012
13.845 0.986
14.768 0.923
15.758 0.99
16.762 1.004
17.682 0.92
18.627 0.945
19.565 0.938
20.45 0.885
21.274 0.824
22.165 0.891
23.124 0.959
24.05 0.926
25.035 0.985
26.067 1.032
27.06 0.993
28.047 0.987
29.096 1.049
30.132 1.036
31.1 0.968
32.138 1.038
33.197 1.059
34.212 1.015
35.232 1.02
36.303 1.071
37.357 1.054
38.335 0.978
39.344 1.009
40.435 1.091
41.548 1.113
42.585 1.037
43.664 1.079
44.744 1.08
45.706 0.962
46.635 0.929
47.646 1.011
48.657 1.011
49.596 0.939
50.621 1.025
51.761 1.14
52.825 1.064
53.79 0.965
54.797 1.007
55.8 1.003
56.78 0.98
57.821 1.041
58.978 1.157
60.142 1.164
61.191 1.049
62.163 0.972
63.193 1.03
64.265 1.072
65.318 1.053
66.44 1.122
67.615 1.175
68.695 1.08
69.662 0.967
70.65 0.988
71.636 0.986
72.538 0.902
73.477 0.939
74.448 0.971
75.5 1.052
76.56 1.06
77.669 1.109
78.755 1.086
79.735 0.98
80.702 0.967
81.691 0.989
82.628 0.937
83.559 0.931
84.563 1.004
85.679 1.116
86.731 1.052
87.804 1.073
88.896 1.092
89.897 1.001
90.86 0.963
91.869 1.009
92.879 1.01
93.815 0.936
94.781 0.966
95.782 1.001
96.716 0.934
97.669 0.953
98.575 0.906
99.55 0.975
100.568 1.018
101.5 0.932
102.458 0.958
103.453 0.995
104.478 1.025
105.5 1.022
106.492 0.992
107.488 0.996
108.554 1.066
109.599 1.045
110.678 1.079
111.818 1.14
112.891 1.073
113.963 1.072
115.054 1.091
116.07 1.016
116.976 0.906
117.916 0.94
118.922 1.006
119.835 0.913
120.806 0.971
121.831 1.025
122.763 0.932
123.677 0.914
124.646 0.969
125.609 0.963
126.554 0.945
127.521 0.967
128.498 0.977
129.412 0.914
130.353 0.941
131.324 0.971
132.276 0.952
133.208 0.932
134.188 0.98
135.18 0.992
136.107 0.927
136.994 0.887
137.958 0.964
138.976 1.018
139.925 0.949
140.859 0.934
141.867 1.008
142.953 1.086
144.006 1.053
145.071 1.065
146.116 1.045
147.132 1.016
148.08 0.948
149.204 1.124
150.39 1.186
151.511 1.121
152.529 1.018
153.613 1.084
154.821 1.208
155.924 1.103
156.939 1.015
157.995 1.056
159.088 1.093
160.165 1.077
161.273 1.108
162.361 1.088
163.399 1.038
164.392 0.993
165.515 1.123
166.722 1.207
167.785 1.063
168.782 0.997
169.829 1.047
170.839 1.01
171.792 0.953
172.84 1.048
173.936 1.096
174.954 1.018
175.919 0.965
176.958 1.039
178.044 1.086
179.071 1.027
180.185 1.114
181.325 1.14
182.427 1.102
183.428 1.001
184.48 1.052
185.575 1.095
186.617 1.042
187.72 1.103
188.85 1.13
189.909 1.059
190.858 0.949
191.857 0.999
192.9 1.043
193.997 1.097
195.101 1.104
196.239 1.138
197.346 1.107
198.383 1.037
199.347 0.964
200.345 0.998
201.396 1.051
202.405 1.009
203.33 0.925
204.324 0.994
205.363 1.039
206.389 1.026
207.305 0.916
208.245 0.94
209.209 0.964
210.186 0.977
211.091 0.905
212.053 0.962
213.07 1.017
214.162 1.092
215.108 0.946
216.058 0.95
217.004 0.946
217.893 0.889
218.787 0.894
219.73 0.943
220.707 0.977
221.723 1.016
222.841 1.118
223.951 1.11
224.952 1.001
225.865 0.913
226.826 0.961
227.821 0.995
228.757 0.936
229.705 0.948
230.758 1.053
231.853 1.095
232.844 0.991
233.843 0.999
234.835 0.992
235.749 0.914
236.678 0.929
237.633 0.955
238.602 0.969
239.522 0.92
240.488 0.966
241.481 0.993
242.377 0.896
243.297 0.92
244.249 0.952
245.131 0.882
246.008 0.877
246.917 0.909
247.801 0.884
248.663 0.862
249.514 0.851
250.383 0.869
251.262 0.879
252.186 0.924
253.22 1.034
254.233 1.013
255.242 1.009
256.282 1.04
256.655 0.373
256.93 0.275
257.249 0.319
259.965 2.716
260.264 0.299
263.672 3.408
269.736 6.064
270.832 1.096
271.804 0.972
272.813 1.009
273.849 1.036
274.962 1.113
276.022 1.06
277.095 1.073
278.158 1.063
279.337 1.179
279.989 0.652
280.32 0.331
281.226 0.906
281.978 0.752
282.503 0.525
282.976 0.473
283.512 0.536
284.546 1.034
285.722 1.176
286.775 1.053
287.183 0.408
287.782 0.599
288.819 1.037
289.626 0.807
289.906 0.28
290.17 0.264
290.431 0.261
290.771 0.34
291.974 1.203
293.761 1.787
294.012 0.251
294.321 0.309
297.996 3.675
298.323 0.327
301.306 2.983
301.736 0.43
305.996 4.26
308.719 2.723
308.983 0.264
311.482 2.499
311.798 0.316
312.053 0.255
314.651 2.598
316.715 2.064
316.968 0.253
317.29 0.322
324.996 7.706
325.867 0.871
326.778 0.911
327.635 0.857
328.461 0.826
328.829 0.368
329.1 0.271
330.002 0.902
332.043 2.041
332.985 0.942
333.723 0.738
334.539 0.816
335.463 0.924
335.984 0.521
336.32 0.336
337.202 0.882
338.133 0.931
339.054 0.921
339.946 0.892
340.839 0.893
341.754 0.915
342.587 0.833
344.475 1.888
345.431 0.956
345.753 0.322
346.373 0.62
347.351 0.978
348.351 1.0
349.381 1.03
349.687 0.306
350.036 0.349
350.305 0.269
350.577 0.272
350.829 0.252
351.092 0.263
352.184 1.092
352.559 0.375
352.826 0.267
353.867 1.041
354.777 0.91
355.716 0.939
356.008 0.292
356.275 0.267
359.505 3.23
364.123 4.618
365.06 0.937
365.653 0.593
365.932 0.279
366.722 0.79
367.521 0.799
368.262 0.741
368.972 0.71
369.673 0.701
370.403 0.73
371.178 0.775
371.972 0.794
372.738 0.766
373.531 0.793
374.334 0.803
375.137 0.803
375.934 0.797
376.727 0.793
377.478 0.751
378.197 0.719
378.899 0.702
379.581 0.682
380.25 0.669
380.537 0.287
380.92 0.383
381.588 0.668
382.263 0.675
382.601 0.338
382.926 0.325
383.18 0.254
383.77 0.59
384.313 0.543
386.021 1.708
387.516 1.495
388.055 0.539
389.536 1.481
390.326 0.79
391.181 0.855
392.129 0.948
393.113 0.984
393.97 0.857
394.228 0.258
394.511 0.283
394.929 0.418
395.18 0.251
395.535 0.355
395.93 0.395
396.184 0.254
398.09 1.906
398.729 0.639
401.227 2.498
401.676 0.449
402.58 0.904
403.556 0.976
404.578 1.022
405.579 1.001
405.947 0.368
406.554 0.607
407.561 1.007
408.59 1.029
408.925 0.335
409.242 0.317
409.593 0.351
410.626 1.033
411.626 1.0
412.074 0.448
412.342 0.268
412.604 0.262
412.985 0.381
415.107 2.122
415.359 0.252
415.643 0.284
416.016 0.373
416.419 0.403
418.702 2.283
419.025 0.323
419.378 0.353
419.629 0.251
422.205 2.576
422.689 0.484
422.989 0.3
423.541 0.552
425.175 1.634
425.454 0.279
425.726 0.272
426.013 0.287
428.245 2.232
428.513 0.268
428.867 0.354
429.159 0.292
429.417 0.258
431.394 1.977
431.667 0.273
432.016 0.349
434.732 2.716
435.14 0.408
438.341 3.201
438.597 0.256
438.98 0.383
439.244 0.264
441.633 2.389
441.912 0.279
442.214 0.302
445.082 2.868
445.347 0.265
445.654 0.307
448.517 2.863
448.823 0.306
449.261 0.438
451.786 2.525
452.112 0.326
452.406 0.294
454.681 2.275
455.097 0.416
455.365 0.268
457.98 2.615
458.244 0.264
461.425 3.181
461.691 0.266
462.137 0.446
465.978 3.841
466.5 0.522
469.044 2.544
469.354 0.31
469.793 0.439
473.086 3.293
478.943 5.857
479.268 0.325
479.52 0.252
482.486 2.966
482.826 0.34
485.787 2.961
488.73 2.943
491.802 3.072
492.089 0.287
495.441 3.352
495.795 0.354
496.145 0.35
498.083 1.938
498.359 0.276
498.636 0.277
498.967 0.331
499.254 0.287
502.263 3.009
502.515 0.252
505.335 2.82
508.962 3.627
509.248 0.286
511.328 2.08
511.604 0.276
511.914 0.31
513.378 1.464
514.345 0.967
514.625 0.28
514.889 0.264
515.171 0.282
516.341 1.17
517.296 0.955
517.573 0.277
517.841 0.268
518.341 0.5
518.771 0.43
520.814 2.043
524.318 3.504
524.612 0.294
524.875 0.263
526.499 1.624
527.383 0.884
527.734 0.351
528.106 0.372
530.542 2.436
531.118 0.576
533.829 2.711
534.114 0.285
534.422 0.308
536.96 2.538
537.378 0.418
540.641 3.263
550.993 10.352
552.018 1.025
553.015 0.997
554.029 1.014
555.102 1.073
556.137 1.035
557.11 0.973
558.112 1.002
559.102 0.99
560.098 0.996
561.126 1.028
562.152 1.026
563.162 1.01
564.07 0.908
565.005 0.935
565.977 0.972
566.915 0.938
567.847 0.932
568.92 1.073
575.993 7.073
576.918 0.925
577.91 0.992
578.854 0.944
579.744 0.89
580.645 0.901
581.669 1.024
582.629 0.96
583.586 0.957
584.577 0.991
585.561 0.984
586.531 0.97
587.441 0.91
588.355 0.914
589.359 1.004
590.341 0.982
591.255 0.914
592.202 0.947
593.233 1.031
594.175 0.942
595.089 0.914
596.001 0.912
596.915 0.914
597.785 0.87
598.621 0.836
599.512 0.891
600.441 0.929
601.341 0.9
602.258 0.917
603.287 1.029
604.254 0.967
605.159 0.905
606.084 0.925
607.03 0.946
607.918 0.888
608.887 0.969
609.876 0.989
610.839 0.963
611.709 0.87
612.615 0.906
613.561 0.946
619.993 6.432
620.946 0.953
621.904 0.958
622.771 0.867
623.653 0.882
624.567 0.914
625.461 0.894
626.472 1.011
627.402 0.93
628.282 0.88
629.188 0.906
630.104 0.916
631.062 0.958
631.97 0.908
632.849 0.879
633.696 0.847
634.584 0.888
635.534 0.95
636.549 1.015
637.564 1.015
638.562 0.998
639.557 0.995
640.59 1.033
641.566 0.976
642.525 0.959
643.478 0.953
644.493 1.015
645.483 0.99
646.436 0.953
647.4 0.964
648.344 0.944
649.205 0.861
650.053 0.848
650.953 0.9
651.806 0.853
652.674 0.868
653.614 0.94
654.63 1.016
654.937 0.307
655.195 0.258
657.893 2.698
660.055 2.162
660.726 0.671
661.38 0.654
662.028 0.648
662.687 0.659
663.352 0.665
664.05 0.698
664.784 0.734
665.565 0.781
666.321 0.756
667.054 0.733
667.787 0.733
668.512 0.725
669.243 0.731
669.846 0.603
670.722 0.876
670.999 0.277
671.439 0.44
672.14 0.701
672.603 0.463
672.973 0.37
673.485 0.512
674.149 0.664
674.798 0.649
675.049 0.251
675.321 0.272
676.125 0.804
676.807 0.682
677.53 0.723
678.332 0.802
678.788 0.456
679.077 0.289
679.833 0.756
680.583 0.75
681.334 0.751
682.053 0.719
682.812 0.759
683.604 0.792
684.43 0.826
685.256 0.826
686.13 0.874
687.007 0.877
687.896 0.889
688.787 0.891
689.677 0.89
690.587 0.91
691.505 0.918
692.443 0.938
693.393 0.95
694.313 0.92
695.209 0.896
696.071 0.862
696.874 0.803
697.716 0.842
698.613 0.897
699.568 0.955
700.575 1.007
701.535 0.96
702.522 0.987
703.526 1.004
704.548 1.022
705.523 0.975
706.47 0.947
707.44 0.97
708.402 0.962
709.281 0.879
710.145 0.864
711.078 0.933
712.06 0.982
713.01 0.95
713.977 0.967
715.0 1.023
716.043 1.043
716.998 0.955
717.934 0.936
718.869 0.935
719.802 0.933
720.661 0.859
721.549 0.888
722.483 0.934
723.463 0.98
724.41 0.947
725.381 0.971
726.38 0.999
727.306 0.926
728.192 0.886
729.111 0.919
730.043 0.932
730.954 0.911
731.817 0.863
732.715 0.898
733.653 0.938
734.568 0.915
735.43 0.862
736.331 0.901
737.24 0.909
738.147 0.907
739.026 0.879
739.946 0.92
740.889 0.943
741.791 0.902
742.661 0.87
743.585 0.924
744.539 0.954
745.437 0.898
746.311 0.874
747.208 0.897
748.145 0.937
749.069 0.924
749.968 0.899
750.916 0.948
751.886 0.97
752.796 0.91
753.72 0.924
754.756 1.036
760.086 5.33
760.991 0.905
761.918 0.927
762.88 0.962
763.802 0.922
764.711 0.909
765.628 0.917
766.612 0.984
767.528 0.916
768.402 0.874
769.289 0.887
770.243 0.954
771.141 0.898
772.024 0.883
772.941 0.917
773.842 0.901
774.689 0.847
775.599 0.91
776.548 0.949
777.486 0.938
778.36 0.874
779.286 0.926
780.22 0.934
781.103 0.883
781.995 0.892
782.927 0.932
783.867 0.94
784.736 0.869
785.644 0.908
786.583 0.939
787.467 0.884
788.356 0.889
789.285 0.929
790.177 0.892
791.035 0.858
791.935 0.9
792.841 0.906
793.711 0.87
794.611 0.9
795.561 0.95
796.547 0.986
797.413 0.866
798.187 0.774
798.941 0.754
799.759 0.818
800.648 0.889
801.478 0.83
802.363 0.885
803.289 0.926
804.187 0.898
805.033 0.846
805.931 0.898
806.89 0.959
807.821 0.931
808.74 0.919
809.698 0.958
810.658 0.96
811.573 0.915
812.508 0.935
813.452 0.944
814.36 0.908
815.302 0.942
816.216 0.914
817.125 0.909
817.975 0.85
818.782 0.807
819.549 0.767
820.279 0.73
820.992 0.713
821.729 0.737
822.544 0.815
823.404 0.86
824.242 0.838
825.135 0.893
826.089 0.954
826.984 0.895
827.841 0.857
828.339 0.498
828.738 0.399
829.692 0.954
830.615 0.923
831.534 0.919
832.502 0.968
833.247 0.745
833.498 0.251
833.75 0.252
834.462 0.712
835.475 1.013
836.509 1.034
837.493 0.984
838.456 0.963
839.428 0.972
840.333 0.905
841.263 0.93
842.225 0.962
843.132 0.907
844.015 0.883
844.967 0.952
845.948 0.981
846.923 0.975
847.843 0.92
848.824 0.981
849.841 1.017
850.775 0.934
851.699 0.924
852.656 0.957
853.629 0.973
854.529 0.9
855.407 0.878
856.32 0.913
857.243 0.923
858.123 0.88
859.046 0.923
859.968 0.922
860.827 0.859
861.702 0.875
862.602 0.9
863.461 0.859
864.328 0.867
865.256 0.928
866.187 0.931
867.076 0.889
867.99 0.914
868.936 0.946
869.9 0.964
870.812 0.912
871.72 0.908
872.651 0.931
873.513 0.862
874.4 0.887
875.318 0.918
876.207 0.889
877.07 0.863
877.993 0.923
878.924 0.931
879.791 0.867
880.67 0.879
881.573 0.903
882.425 0.852
883.244 0.819
884.105 0.861
884.995 0.89
885.84 0.845
886.692 0.852
887.576 0.884
888.465 0.889
889.342 0.877
890.157 0.815
890.996 0.839
891.853 0.857
892.637 0.784
893.445 0.808
894.276 0.831
895.12 0.844
895.964 0.844
896.228 0.264
896.742 0.514
897.549 0.807
898.377 0.828
898.641 0.264
898.949 0.308
900.012 1.063
900.871 0.859
901.326 0.455
901.598 0.272
902.465 0.867
903.245 0.78
904.035 0.79
904.871 0.836
905.731 0.86
906.581 0.85
907.521 0.94
908.45 0.929
909.332 0.882
910.203 0.871
911.121 0.918
912.054 0.933
912.969 0.915
913.903 0.934
914.818 0.915
915.684 0.866
916.567 0.883
917.457 0.89
918.302 0.845
919.12 0.818
919.985 0.865
920.886 0.901
921.789 0.903
922.71 0.921
923.637 0.927
924.551 0.914
925.392 0.841
926.271 0.879
927.165 0.894
928.036 0.871
928.839 0.803
929.608 0.769
930.412 0.804
931.258 0.846
932.056 0.798
932.823 0.767
933.607 0.784
933.879 0.272
939.153 5.274
939.772 0.619
940.382 0.61
940.988 0.606
941.588 0.6
942.184 0.596
942.781 0.597
943.403 0.622
944.048 0.645
944.734 0.686
945.425 0.691
946.147 0.722
946.888 0.741
947.645 0.757
948.442 0.797
949.251 0.809
950.121 0.87
950.998 0.877
951.831 0.833
952.622 0.791
953.391 0.769
954.076 0.685
954.731 0.655
955.372 0.641
956.01 0.638
956.665 0.655
957.387 0.722
957.994 0.607
958.936 0.942
959.727 0.791
960.521 0.794
961.304 0.783
962.128 0.824
962.399 0.271
962.977 0.578
963.82 0.843
964.628 0.808
965.446 0.818
966.278 0.832
967.125 0.847
967.981 0.856
968.822 0.841
969.742 0.92
970.707 0.965
971.66 0.953
972.677 1.017
973.69 1.013
974.556 0.866
974.925 0.369
975.676 0.751
976.679 1.003
976.985 0.306
977.631 0.646
978.605 0.974
979.585 0.98
980.537 0.952
981.538 1.001
982.555 1.017
983.551 0.996
984.565 1.014
985.597 1.032
986.576 0.979
987.605 1.029
988.607 1.002
989.604 0.997
990.55 0.946
991.501 0.951
992.461 0.96
993.427 0.966
994.35 0.923
995.289 0.939
996.215 0.926
997.086 0.871
997.908 0.822
998.785 0.877
999.667 0.882
1000.581 0.914
1001.552 0.971
1002.525 0.973
1003.552 1.027
1004.587 1.035
1005.54 0.953
1006.417 0.877
1007.34 0.923
1008.284 0.944
1009.248 0.964
1010.27 1.022
1011.271 1.001
1012.216 0.945
1013.213 0.997
1014.22 1.007
1015.197 0.977
1016.069 0.872
1016.986 0.917
1017.982 0.996
1019.0 1.018
1019.976 0.976
1021.052 1.076
1022.105 1.053
1023.1 0.995
1024.119 1.019
1025.215 1.096
1026.167 0.952
1027.075 0.908
1028.031 0.956
1029.111 1.08
1030.192 1.081
1031.212 1.02
1032.321 1.109
1033.424 1.103
1034.462 1.038
1035.497 1.035
1036.456 0.959
1037.337 0.881
1038.249 0.912
1039.231 0.982
1040.388 1.157
1041.479 1.091
1042.447 0.968
1043.463 1.016
1044.512 1.049
1045.555 1.043
1046.596 1.041
1047.647 1.051
1048.63 0.983
1049.521 0.891
1050.452 0.931
1051.447 0.995
1052.526 1.079
1053.553 1.027
1054.634 1.081
1055.605 0.971
1056.549 0.944
1057.495 0.946
1058.518 1.023
1059.583 1.065
1060.556 0.973
1061.547 0.991
1062.551 1.004
1063.554 1.003
1064.486 0.932
1065.426 0.94
1066.417 0.991
1067.427 1.01
1068.476 1.049
1069.568 1.092
1070.613 1.045
1071.532 0.919
1072.496 0.964
1073.434 0.938
1074.313 0.879
1075.243 0.93
1076.204 0.961
1077.208 1.004
1078.218 1.01
1079.235 1.017
1080.266 1.031
1081.368 1.102
1082.377 1.009
1083.374 0.997
1084.367 0.993
1085.349 0.982
1086.347 0.998
1087.38 1.033
1088.388 1.008
1089.329 0.941
1090.34 1.011
1091.362 1.022
1092.322 0.96
1093.352 1.03
1094.391 1.039
1095.392 1.001
1096.351 0.959
1097.347 0.996
1098.361 1.014
1099.353 0.992
1100.369 1.016
1101.362 0.993
1102.283 0.921
1103.242 0.959
1104.261 1.019
1105.211 0.95
1105.764 0.553
1106.9 1.136
1107.676 0.776
1107.939 0.263
1108.499 0.56
1109.314 0.815
1110.105 0.791
1110.956 0.851
1111.859 0.903
1112.798 0.939
1113.725 0.927
1114.538 0.813
1115.376 0.838
1115.809 0.433
1116.2 0.391
1116.952 0.752
1117.734 0.782
1118.548 0.814
1119.387 0.839
1120.237 0.85
1121.133 0.896
1122.031 0.898
1122.86 0.829
1123.626 0.766
1124.386 0.76
1125.147 0.761
1125.937 0.79
1126.715 0.778
1127.541 0.826
1128.392 0.851
1129.263 0.871
1130.077 0.814
1130.894 0.817
1131.736 0.842
1132.606 0.87
1133.421 0.815
1134.257 0.836
1135.151 0.894
1136.063 0.912
1136.952 0.889
1137.783 0.831
1138.599 0.816
1139.427 0.828
1140.237 0.81
1141.063 0.826
1141.821 0.758
1142.594 0.773
1143.328 0.734
1144.098 0.77
1144.924 0.826
1145.818 0.894
1146.716 0.898
1147.539 0.823
1148.415 0.876
1149.342 0.927
1150.287 0.945
1151.176 0.889
1152.082 0.906
1153.005 0.923
1153.937 0.932
1154.891 0.954
1155.79 0.899
1156.727 0.937
1157.622 0.895
1158.467 0.845
1159.303 0.836
1160.156 0.853
1160.895 0.739
1161.805 0.91
1162.624 0.819
1163.47 0.846
1164.287 0.817
1165.173 0.886
1166.057 0.884
1166.951 0.894
1167.327 0.376
1167.786 0.459
1168.63 0.844
1169.504 0.874
1170.389 0.885
1171.226 0.837
1172.119 0.893
1173.029 0.91
1173.92 0.891
1174.864 0.944
1175.831 0.967
1176.763 0.932
1177.671 0.908
1178.619 0.948
1179.554 0.935
1180.442 0.888
1180.907 0.465
1183.021 2.114
1183.935 0.914
1184.881 0.946
1185.808 0.927
1186.814 1.006
1187.112 0.298
1187.506 0.394
1187.868 0.362
1188.119 0.251
1188.777 0.658
1189.728 0.951
1190.617 0.889
1191.418 0.801
1192.142 0.724
1192.858 0.716
1193.609 0.751
1194.483 0.874
1195.374 0.891
1196.367 0.993
1197.459 1.092
1198.574 1.115
1198.919 0.345
1199.463 0.544
1200.673 1.21
1201.512 0.839
1202.316 0.804
1203.1 0.784
1203.855 0.755
1204.683 0.828
1205.633 0.95
1206.644 1.011
1207.712 1.068
1208.691 0.979
1209.746 1.055
1210.614 0.868
1211.384 0.77
1212.1 0.716
1212.797 0.697
1213.514 0.717
1214.346 0.832
1215.248 0.902
1216.223 0.975
1217.246 1.023
1218.286 1.04
1219.315 1.029
1220.253 0.938
1221.088 0.835
1221.817 0.729
1222.519 0.702
1223.222 0.703
1224.011 0.789
1224.909 0.898
1225.904 0.995
1226.909 1.005
1227.932 1.023
1228.913 0.981
1229.894 0.981
1230.732 0.838
1231.524 0.792
1232.293 0.769
1233.05 0.757
1233.899 0.849
1234.839 0.94
1235.833 0.994
1236.871 1.038
1237.91 1.039
1238.899 0.989
1239.863 0.964
1240.709 0.846
1241.484 0.775
1242.226 0.742
1242.943 0.717
1243.719 0.776
1244.567 0.848
1245.487 0.92
1246.504 1.017
1247.566 1.062
1248.637 1.071
1249.665 1.028
1250.59 0.925
1251.428 0.838
1252.203 0.775
1252.944 0.741
1253.692 0.748
1254.517 0.825
1255.406 0.889
1256.352 0.946
1257.343 0.991
1258.344 1.001
1259.311 0.967
1260.215 0.904
1261.012 0.797
1261.764 0.752
1262.476 0.712
1263.194 0.718
1264.003 0.809
1264.889 0.886
1265.831 0.942
1266.828 0.997
1267.848 1.02
1268.847 0.999
1269.788 0.941
1270.605 0.817
1271.384 0.779
1272.15 0.766
1272.868 0.718
1273.604 0.736
1274.435 0.831
1275.324 0.889
1276.291 0.967
1277.301 1.01
1278.318 1.017
1279.251 0.933
1280.156 0.905
1281.039 0.883
1281.82 0.781
1282.54 0.72
1283.246 0.706
1284.0 0.754
1284.886 0.886
1285.808 0.922
1286.783 0.975
1287.805 1.022
1288.786 0.981
1289.692 0.906
1290.6 0.908
1291.432 0.832
1292.172 0.74
1292.89 0.718
1293.622 0.732
1294.432 0.81
1295.314 0.882
1296.222 0.908
1297.137 0.915
1298.049 0.912
1298.871 0.822
1299.582 0.711
1300.267 0.685
1300.94 0.673
1301.614 0.674
1302.322 0.708
1303.11 0.788
1303.99 0.88
1304.902 0.912
1305.854 0.952
1306.828 0.974
1307.168 0.34
1307.782 0.614
1308.683 0.901
1309.5 0.817
1310.279 0.779
1311.027 0.748
1311.761 0.734
1312.546 0.785
1313.396 0.85
1314.271 0.875
1315.238 0.967
1316.287 1.049
1317.359 1.072
1318.42 1.061
1319.412 0.992
1320.298 0.886
1321.092 0.794
1321.859 0.767
1322.591 0.732
1323.319 0.728
1324.115 0.796
1324.999 0.884
1325.926 0.927
1326.92 0.994
1327.948 1.028
1328.958 1.01
1329.921 0.963
1330.76 0.839
1331.557 0.797
1332.33 0.773
1333.061 0.731
1333.809 0.748
1334.67 0.861
1335.566 0.896
1336.522 0.956
1337.516 0.994
1338.513 0.997
1339.455 0.942
1340.333 0.878
1341.095 0.762
1341.803 0.708
1342.5 0.697
1343.215 0.715
1344.052 0.837
1344.94 0.888
1345.872 0.932
1346.871 0.999
1347.904 1.033
1348.927 1.023
1349.905 0.978
1350.757 0.852
1351.551 0.794
1352.296 0.745
1353.027 0.731
1353.77 0.743
1354.583 0.813
1355.452 0.869
1356.418 0.966
1357.421 1.003
1358.444 1.023
1359.437 0.993
1360.344 0.907
1361.155 0.811
1361.91 0.755
1362.633 0.723
1363.367 0.734
1364.172 0.805
1365.023 0.851
1365.945 0.922
1366.934 0.989
1367.943 1.009
1368.903 0.96
1369.821 0.918
1370.647 0.826
1371.41 0.763
1372.164 0.754
1372.899 0.735
1373.657 0.758
1374.485 0.828
1375.388 0.903
1376.364 0.976
1377.387 1.023
1378.411 1.024
1379.389 0.978
1380.28 0.891
1381.083 0.803
1381.833 0.75
1382.566 0.733
1383.298 0.732
1384.096 0.798
1384.938 0.842
1385.874 0.936
1386.878 1.004
1387.886 1.008
1388.878 0.992
1389.815 0.937
1390.665 0.85
1391.43 0.765
1392.165 0.735
1392.89 0.725
1393.629 0.739
1394.422 0.793
1395.269 0.847
1396.207 0.938
1397.181 0.974
1398.157 0.976
1399.107 0.95
1399.979 0.872
1400.771 0.792
1401.518 0.747
1402.225 0.707
1402.938 0.713
1403.74 0.802
1404.595 0.855
1405.519 0.924
1406.483 0.964
1407.461 0.978
1408.403 0.942
1409.274 0.871
1410.062 0.788
1410.804 0.742
1411.533 0.729
1412.215 0.682
1412.904 0.689
1413.716 0.812
1414.577 0.861
1415.507 0.93
1416.462 0.955
1417.422 0.96
1418.316 0.894
1419.112 0.796
1419.86 0.748
1420.588 0.728
1421.268 0.68
1421.952 0.684
1422.697 0.745
1423.54 0.843
1424.41 0.87
1425.324 0.914
1426.254 0.93
1427.166 0.912
1428.027 0.861
1428.812 0.785
1429.562 0.75
1430.277 0.715
1430.962 0.685
1431.628 0.666
1432.285 0.657
1432.956 0.671
1433.692 0.736
1434.521 0.829
1435.353 0.832
1436.237 0.884
1437.162 0.925
1438.075 0.913
1438.912 0.837
1439.714 0.802
1440.461 0.747
1441.179 0.718
1441.864 0.685
1442.527 0.663
1443.198 0.671
1443.908 0.71
1444.704 0.796
1445.572 0.868
1446.454 0.882
1447.356 0.902
1448.266 0.91
1449.145 0.879
1449.99 0.845
1450.764 0.774
1451.482 0.718
1452.177 0.695
1452.884 0.707
1453.664 0.78
1454.484 0.82
1455.362 0.878
1456.328 0.966
1457.343 1.015
1458.341 0.998
1459.309 0.968
1460.208 0.899
1460.987 0.779
1461.722 0.735
1462.405 0.683
1463.072 0.667
1463.802 0.73
1464.615 0.813
1465.476 0.861
1466.431 0.955
1467.428 0.997
1468.397 0.969
1469.342 0.945
1470.21 0.868
1470.983 0.773
1471.733 0.75
1472.472 0.739
1473.167 0.695
1473.906 0.739
1474.773 0.867
1475.629 0.856
1476.521 0.892
1477.429 0.908
1478.286 0.857
1479.104 0.818
1479.885 0.781
1480.61 0.725
1481.36 0.75
1482.1 0.74
1482.908 0.808
1483.781 0.873
1484.71 0.929
1485.663 0.953
1486.574 0.911
1487.47 0.896
1488.337 0.867
1489.129 0.792
1489.9 0.771
1490.625 0.725
1491.342 0.717
1492.087 0.745
1492.829 0.742
1493.567 0.738
1494.308 0.741
1495.041 0.733
1495.743 0.702
1496.416 0.673
1497.076 0.66
1497.758 0.682
1498.457 0.699
1499.185 0.728
1499.959 0.774
1500.749 0.79
1501.566 0.817
1502.375 0.809
1503.177 0.802
1503.997 0.82
1504.764 0.767
1505.514 0.75
1506.31 0.796
1507.176 0.866
1507.998 0.822
1508.746 0.748
1509.218 0.472
1509.569 0.351
1511.941 2.372
1512.587 0.646
1513.008 0.421