0.000 0.868
0.868 0.868
6.999 6.131
7.877 0.878
8.77 0.893
9.651 0.881
10.515 0.864
11.392 0.877
12.248 0.856
13.109 0.861
13.955 0.846
14.801 0.846
15.633 0.832
16.468 0.835
17.301 0.833
18.123 0.822
18.92 0.797
19.697 0.777
20.444 0.747
21.223 0.779
22.03 0.807
22.886 0.856
23.792 0.906
24.697 0.905
25.6 0.903
26.476 0.876
27.36 0.884
28.277 0.917
29.198 0.921
30.094 0.896
31.014 0.92
31.975 0.961
32.945 0.97
33.891 0.946
34.816 0.925
35.781 0.965
36.751 0.97
37.709 0.958
38.626 0.917
39.534 0.908
40.486 0.952
41.446 0.96
42.403 0.957
43.329 0.926
44.283 0.954
45.246 0.963
46.195 0.949
47.113 0.918
48.022 0.909
48.958 0.936
49.917 0.959
50.847 0.93
51.744 0.897
52.669 0.925
53.626 0.957
54.602 0.976
55.565 0.963
56.506 0.941
57.468 0.962
58.441 0.973
59.408 0.967
60.378 0.97
61.367 0.989
62.357 0.99
63.316 0.959
64.273 0.957
65.256 0.983
66.242 0.986
67.207 0.965
68.172 0.965
69.163 0.991
70.164 1.001
76.999 6.835
77.953 0.954
78.924 0.971
79.903 0.979
80.866 0.963
81.825 0.959
82.799 0.974
83.78 0.981
84.742 0.962
85.712 0.97
86.71 0.998
87.705 0.995
88.656 0.951
89.619 0.963
90.586 0.967
91.559 0.973
92.514 0.955
93.459 0.945
94.416 0.957
95.404 0.988
96.411 1.007
97.398 0.987
98.364 0.966
99.337 0.973
100.32 0.983
101.3 0.98
102.253 0.953
103.238 0.985
104.209 0.971
105.203 0.994
106.202 0.999
107.201 0.999
108.162 0.961
109.093 0.931
110.031 0.938
110.997 0.966
111.994 0.997
112.998 1.004
113.987 0.989
114.95 0.963
115.932 0.982
116.944 1.012
117.944 1.0
118.915 0.971
119.88 0.965
120.896 1.016
121.928 1.032
128.998 7.07
129.998 1.0
130.98 0.982
132.005 1.025
133.024 1.019
134.034 1.01
135.024 0.99
136.024 1.0
136.994 0.97
137.97 0.976
138.975 1.005
140.0 1.025
141.0 1.0
141.971 0.971
142.94 0.969
143.933 0.993
144.933 1.0
145.92 0.987
146.88 0.96
147.854 0.974
148.841 0.987
149.83 0.989
150.785 0.955
151.751 0.966
152.73 0.979
153.723 0.993
154.7 0.977
155.652 0.952
156.61 0.958
157.601 0.991
158.607 1.006
159.621 1.014
160.614 0.993
161.59 0.976
162.594 1.004
163.606 1.012
164.614 1.008
165.588 0.974
166.591 1.003
167.597 1.006
168.591 0.994
169.549 0.958
170.497 0.948
171.446 0.949
172.412 0.966
173.39 0.978
174.338 0.948
175.29 0.952
176.268 0.978
177.245 0.977
178.202 0.957
179.169 0.967
180.154 0.985
181.138 0.984
182.096 0.958
183.058 0.962
184.036 0.978
185.01 0.974
185.957 0.947
186.903 0.946
187.866 0.963
188.835 0.969
189.808 0.973
190.743 0.935
191.668 0.925
192.614 0.946
193.578 0.964
194.543 0.965
195.495 0.952
196.445 0.95
197.422 0.977
198.396 0.974
199.343 0.947
200.31 0.967
201.294 0.984
202.29 0.996
203.275 0.985
204.227 0.952
205.171 0.944
206.144 0.973
207.123 0.979
208.091 0.968
209.043 0.952
210.021 0.978
211.011 0.99
211.979 0.968
212.942 0.963
213.929 0.987
214.916 0.987
215.89 0.974
216.85 0.96
217.823 0.973
218.801 0.978
219.755 0.954
220.713 0.958
221.688 0.975
222.652 0.964
223.597 0.945
224.568 0.971
225.547 0.979
226.506 0.959
227.442 0.936
228.411 0.969
229.4 0.989
230.394 0.994
231.368 0.974
232.325 0.957
233.29 0.965
234.271 0.981
235.25 0.979
236.204 0.954
237.164 0.96
238.146 0.982
239.135 0.989
240.121 0.986
241.08 0.959
242.064 0.984
243.06 0.996
244.059 0.999
245.027 0.968
245.992 0.965
246.99 0.998
247.979 0.989
248.98 1.001
250.0 1.02
251.024 1.024
252.024 1.0
253.002 0.978
253.989 0.987
254.996 1.007
256.005 1.009
257.003 0.998
257.968 0.965
258.943 0.975
259.929 0.986
260.913 0.984
261.885 0.972
262.851 0.966
263.849 0.998
264.83 0.981
265.799 0.969
266.782 0.983
267.764 0.982
268.721 0.957
269.666 0.945
270.633 0.967
271.609 0.976
272.573 0.964
273.51 0.937
274.444 0.934
275.416 0.972
276.39 0.974
277.347 0.957
278.325 0.978
279.312 0.987
280.299 0.987
281.259 0.96
282.23 0.971
283.204 0.974
284.178 0.974
285.126 0.948
286.088 0.962
287.057 0.969
288.021 0.964
288.956 0.935
289.917 0.961
290.881 0.964
291.831 0.95
292.767 0.936
293.728 0.961
294.701 0.973
295.678 0.977
296.627 0.949
297.592 0.965
298.568 0.976
299.551 0.983
300.503 0.952
301.444 0.941
302.403 0.959
303.386 0.983
304.382 0.996
305.364 0.982
306.343 0.979
307.287 0.944
308.221 0.934
309.139 0.918
310.03 0.891
310.919 0.889
311.83 0.911
312.753 0.923
318.996 6.243
319.911 0.915
320.812 0.901
321.707 0.895
322.573 0.866
323.444 0.871
324.297 0.853
325.197 0.9
326.12 0.923
327.051 0.931
327.996 0.945
328.929 0.933
329.854 0.925
330.748 0.894
331.645 0.897
332.543 0.898
333.456 0.913
334.362 0.906
335.235 0.873
336.1 0.865
336.971 0.871
337.84 0.869
338.688 0.848
339.562 0.874
340.434 0.872
341.311 0.877
342.171 0.86
343.049 0.878
343.948 0.899
344.851 0.903
345.729 0.878
346.641 0.912
347.557 0.916
348.471 0.914
349.36 0.889
350.26 0.9
359.16 8.9
359.995 0.835
360.832 0.837
361.689 0.857
362.547 0.858
363.427 0.88
364.303 0.876
365.157 0.854
366.016 0.859
366.892 0.876
367.76 0.868
368.614 0.854
369.497 0.883
370.393 0.896
371.28 0.887
372.198 0.918
373.141 0.943
374.069 0.928
374.997 0.928
375.938 0.941
376.879 0.941
377.789 0.91
378.712 0.923
379.644 0.932
380.571 0.927
381.507 0.936
382.453 0.946
383.394 0.941
384.323 0.929
385.226 0.903
386.137 0.911
387.014 0.877
387.879 0.865
388.748 0.869
389.626 0.878
390.493 0.867
391.385 0.892
392.287 0.902
393.191 0.904
394.074 0.883
394.984 0.91
395.906 0.922
396.832 0.926
397.742 0.91
398.677 0.935
399.625 0.948
400.569 0.944
401.483 0.914
402.426 0.943
403.373 0.947
404.312 0.939
405.256 0.944
406.219 0.963
407.208 0.989
408.165 0.957
409.131 0.966
410.109 0.978
411.07 0.961
412.02 0.95
412.984 0.964
413.941 0.957
414.879 0.938
415.813 0.934
416.751 0.938
417.689 0.938
418.621 0.932
419.574 0.953
420.537 0.963
421.486 0.949
422.415 0.929
423.364 0.949
424.314 0.95
425.243 0.929
426.183 0.94
427.155 0.972
428.048 0.893
428.916 0.868
429.793 0.877
430.66 0.867
431.508 0.848
432.365 0.857
433.228 0.863
434.083 0.855
434.95 0.867
435.846 0.896
436.745 0.899
437.652 0.907
438.549 0.897
439.454 0.905
440.371 0.917
441.275 0.904
442.198 0.923
443.122 0.924
444.053 0.931
444.979 0.926
445.922 0.943
446.874 0.952
447.82 0.946
448.744 0.924
449.682 0.938
450.617 0.935
451.547 0.93
452.469 0.922
453.405 0.936
454.355 0.95
455.306 0.951
456.253 0.947
457.216 0.963
458.188 0.972
459.157 0.969
460.094 0.937
461.04 0.946
461.992 0.952
462.924 0.932
463.839 0.915
464.774 0.935
465.735 0.961
466.682 0.947
467.617 0.935
468.583 0.966
469.555 0.972
470.523 0.968
471.463 0.94
472.428 0.965
473.41 0.982
474.382 0.972
475.338 0.956
476.317 0.979
477.303 0.986
478.262 0.959
479.235 0.973
480.213 0.978
481.199 0.986
482.175 0.976
483.163 0.988
484.169 1.006
485.172 1.003
486.143 0.971
487.128 0.985
488.134 1.006
489.138 1.004
490.116 0.978
491.097 0.981
492.077 0.98
493.054 0.977
494.011 0.957
494.982 0.971
495.956 0.974
496.931 0.975
497.898 0.967
498.871 0.973
499.855 0.984
500.821 0.966
501.771 0.95
502.73 0.959
503.695 0.965
504.65 0.955
505.603 0.953
506.579 0.976
507.559 0.98
508.521 0.962
509.488 0.967
510.463 0.975
511.436 0.973
512.386 0.95
513.341 0.955
514.307 0.966
515.272 0.965
516.212 0.94
517.171 0.959
518.132 0.961
519.06 0.928
519.98 0.92
520.906 0.926
521.837 0.931
522.747 0.91
523.658 0.911
524.588 0.93
525.526 0.938
526.458 0.932
527.407 0.949
528.376 0.969
529.347 0.971
530.311 0.964
531.275 0.964
532.247 0.972
533.223 0.976
534.2 0.977
535.184 0.984
536.167 0.983
537.135 0.968
538.104 0.969
539.079 0.975
540.042 0.963
540.985 0.943
541.935 0.95
542.896 0.961
543.855 0.959
544.808 0.953
545.786 0.978
546.769 0.983
547.754 0.985
548.719 0.965
549.688 0.969
550.656 0.968
551.606 0.95
552.547 0.941
553.502 0.955
554.466 0.964
555.425 0.959
556.382 0.957
557.353 0.971
558.317 0.964
559.267 0.95
560.231 0.964
561.209 0.978
562.188 0.979
563.152 0.964
564.129 0.977
565.112 0.983
566.085 0.973
567.046 0.961
568.005 0.959
568.972 0.967
569.933 0.961
570.88 0.947
571.837 0.957
572.801 0.964
573.775 0.974
574.732 0.957
575.691 0.959
576.655 0.964
577.612 0.957
578.546 0.934
579.462 0.916
580.389 0.927
581.337 0.948
582.288 0.951
583.236 0.948
584.184 0.948
585.149 0.965
586.114 0.965
587.061 0.947
588.004 0.943
588.957 0.953
589.915 0.958
590.867 0.952
591.82 0.953
592.784 0.964
593.754 0.97
594.708 0.954
595.666 0.958
596.622 0.956
597.583 0.961
598.536 0.953
599.497 0.961
600.457 0.96
601.412 0.955
602.361 0.949
603.317 0.956
604.281 0.964
605.238 0.957
606.179 0.941
607.125 0.946
608.073 0.948
609.012 0.939
609.956 0.944
610.911 0.955
611.863 0.952
612.802 0.939
613.743 0.941
614.696 0.953
615.638 0.942
616.573 0.935
617.522 0.949
618.478 0.956
619.428 0.95
620.389 0.961
621.361 0.972
622.33 0.969
623.291 0.961
624.25 0.959
625.208 0.958
626.164 0.956
627.1 0.936
628.039 0.939
628.99 0.951
629.938 0.948
630.882 0.944
631.849 0.967
632.828 0.979
633.785 0.957
634.734 0.949
635.68 0.946
636.626 0.946
637.56 0.934
638.508 0.948
639.469 0.961
640.42 0.951
641.359 0.939
642.308 0.949
643.259 0.951
644.202 0.943
645.131 0.929
646.074 0.943
647.026 0.952
647.976 0.95
648.916 0.94
649.875 0.959
650.836 0.961
651.783 0.947
652.719 0.936
653.659 0.94
654.61 0.951
655.555 0.945
656.494 0.939
657.448 0.954
658.407 0.959
659.36 0.953
660.298 0.938
661.245 0.947
662.194 0.949
663.14 0.946
664.06 0.92
664.96 0.9
665.883 0.923
666.813 0.93
667.749 0.936
668.696 0.947
669.651 0.955
670.618 0.967
671.579 0.961
672.546 0.967
673.516 0.97
674.484 0.968
675.452 0.968
676.424 0.972
677.392 0.968
678.374 0.982
679.353 0.979
680.33 0.977
681.296 0.966
682.252 0.956
683.207 0.955
684.158 0.951
685.099 0.941
686.047 0.948
687.002 0.955
687.956 0.954
688.899 0.943
689.839 0.94
690.79 0.951
691.747 0.957
692.683 0.936
693.63 0.947
694.58 0.95
695.513 0.933
696.424 0.911
697.301 0.877
698.185 0.884
699.066 0.881
699.928 0.862
700.755 0.827
701.589 0.834
702.425 0.836
703.264 0.839
704.099 0.835
704.923 0.824
705.747 0.824
706.57 0.823
707.393 0.823
708.211 0.818
709.02 0.809
709.867 0.847
710.785 0.918
711.686 0.901
712.606 0.92
713.554 0.948
714.505 0.951
715.457 0.952
716.389 0.932
717.331 0.942
718.262 0.931
719.17 0.908
720.071 0.901
720.953 0.882
721.856 0.903
722.771 0.915
723.688 0.917
724.609 0.921
725.562 0.953
726.526 0.964
727.465 0.939
728.41 0.945
729.364 0.954
730.318 0.954
731.252 0.934
732.204 0.952
733.171 0.967
734.116 0.945
735.07 0.954
736.034 0.964
736.998 0.964
737.952 0.954
738.921 0.969
739.898 0.977
740.85 0.952
741.812 0.962
742.785 0.973
743.747 0.962
744.697 0.95
745.664 0.967
746.63 0.966
747.598 0.968
748.56 0.962
749.534 0.974
750.513 0.979
751.478 0.965
752.446 0.968
753.429 0.983
754.405 0.976
755.367 0.962
756.333 0.966
757.306 0.973
758.275 0.969
759.241 0.966
760.212 0.971
761.197 0.985
762.179 0.982
763.143 0.964
764.13 0.987
765.118 0.988
766.062 0.944
766.997 0.935
767.943 0.946
768.897 0.954
769.822 0.925
775.99 6.168
776.946 0.956
777.914 0.968
778.885 0.971
784.99 6.105
785.958 0.968
786.944 0.986
787.929 0.985
788.904 0.975
789.862 0.958
790.826 0.964
791.794 0.968
792.752 0.958
793.719 0.967
794.686 0.967
795.649 0.963
796.615 0.966
797.581 0.966
798.525 0.944
799.475 0.95
800.443 0.968
801.401 0.958
802.34 0.939
803.286 0.946
804.238 0.952
805.183 0.945
806.124 0.941
807.077 0.953
808.04 0.963
808.993 0.953
809.948 0.955
810.908 0.96
811.867 0.959
812.811 0.944
813.764 0.953
814.716 0.952
815.661 0.945
816.613 0.952
817.565 0.952
818.502 0.937
819.438 0.936
820.387 0.949
821.344 0.957
822.29 0.946
823.232 0.942
824.193 0.961
825.156 0.963
826.105 0.949
827.058 0.953
828.017 0.959
828.975 0.958
829.919 0.944
830.878 0.959
831.845 0.967
832.816 0.971
833.779 0.963
834.756 0.977
835.738 0.982
836.723 0.985
837.697 0.974
838.673 0.976
839.644 0.971
840.593 0.949
841.547 0.954
842.5 0.953
843.45 0.95
844.383 0.933
845.324 0.941
846.277 0.953
847.226 0.949
848.158 0.932
854.989 6.831
855.934 0.945
856.874 0.94
857.808 0.934
858.748 0.94
859.702 0.954
860.64 0.938
861.588 0.948
862.524 0.936
863.464 0.94
864.411 0.947
865.349 0.938
866.273 0.924
867.194 0.921
868.144 0.95
869.083 0.939
870.033 0.95
871.01 0.977
871.99 0.98
872.955 0.965
873.922 0.967
874.903 0.981
875.865 0.962
876.821 0.956
877.788 0.967
878.752 0.964
879.698 0.946
880.653 0.955
881.608 0.955
882.565 0.957
883.509 0.944
884.462 0.953
885.411 0.949
886.367 0.956
887.309 0.942
888.26 0.951
889.211 0.951
890.16 0.949
891.109 0.949
892.069 0.96
893.026 0.957
893.962 0.936
894.892 0.93
895.831 0.939
896.771 0.94
897.709 0.938
898.655 0.946
899.611 0.956
900.57 0.959
901.528 0.958
902.477 0.949
903.431 0.954
904.4 0.969
905.358 0.958
906.302 0.944
907.251 0.949
908.211 0.96
909.169 0.958
910.115 0.946
911.067 0.952
912.026 0.959
912.984 0.958
913.938 0.954
914.904 0.966
915.879 0.975
916.846 0.967
917.815 0.969
918.799 0.984
919.775 0.976
920.74 0.965
921.71 0.97
922.68 0.97
923.641 0.961
924.588 0.947
925.552 0.964
926.512 0.96
927.471 0.959
928.425 0.954
929.401 0.976
930.38 0.979
931.35 0.97
932.309 0.959
933.273 0.964
934.239 0.966
935.19 0.951
936.126 0.936
937.081 0.955
938.055 0.974
939.022 0.967
939.983 0.961
940.959 0.976
941.937 0.978
942.918 0.981
943.895 0.977
944.842 0.947
945.775 0.933
946.725 0.95
947.656 0.931
948.596 0.94
949.544 0.948
950.502 0.958
951.46 0.958
952.436 0.976
953.407 0.971
954.368 0.961
955.326 0.958
956.294 0.968
957.262 0.968
958.211 0.949
959.17 0.959
960.138 0.968
961.103 0.965
962.041 0.938
962.997 0.956
963.957 0.96
964.915 0.958
965.873 0.958
966.844 0.971
967.817 0.973
968.78 0.963
969.746 0.966
970.715 0.969
971.678 0.963
972.627 0.949
973.572 0.945
974.472 0.9
975.375 0.903
976.295 0.92
977.182 0.887
978.064 0.882
978.944 0.88
979.799 0.855
980.674 0.875
981.546 0.872
982.402 0.856
983.234 0.832
984.09 0.856
984.968 0.878
985.851 0.883
986.71 0.859
987.601 0.891
988.504 0.903
994.988 6.484
995.852 0.864
996.707 0.855
997.55 0.843
998.418 0.868
999.291 0.873
1000.159 0.868
1001.041 0.882
1001.942 0.901
1002.84 0.898
1003.739 0.899
1004.626 0.887
1005.497 0.871
1006.381 0.884
1007.277 0.896
1008.175 0.898
1009.058 0.883
1009.967 0.909
1010.872 0.905
1016.987 6.115
1017.863 0.876
1018.811 0.948
1019.741 0.93
1020.692 0.951
1021.657 0.965
1022.63 0.973
1023.593 0.963
1024.546 0.953
1025.513 0.967
1026.479 0.966
1027.441 0.962
1028.392 0.951
1029.364 0.972
1030.335 0.971
1031.3 0.965
1032.249 0.949
1033.212 0.963
1034.18 0.968
1035.151 0.971
1036.106 0.955
1037.054 0.948
1038.014 0.96
1038.986 0.972
1039.947 0.961
1040.904 0.957
1041.867 0.963
1042.831 0.964
1043.795 0.964
1044.745 0.95
1045.707 0.962
1046.673 0.966
1047.643 0.97
1048.605 0.962
1049.571 0.966
1050.546 0.975
1051.526 0.98
1052.492 0.966
1053.446 0.954
1054.412 0.966
1055.377 0.965
1056.349 0.972
1057.309 0.96
1058.275 0.966
1059.246 0.971
1060.217 0.971
1061.195 0.978
1062.16 0.965
1063.131 0.971
1064.113 0.982
1065.092 0.979
1066.06 0.968
1067.029 0.969
1068.011 0.982
1068.994 0.983
1069.97 0.976
1070.947 0.977
1071.93 0.983
1072.917 0.987
1073.892 0.975
1074.851 0.959
1075.818 0.967
1076.782 0.964
1077.741 0.959
1078.697 0.956
1079.64 0.943
1080.591 0.951
1081.551 0.96
1082.514 0.963
1083.46 0.946
1084.421 0.961
1085.384 0.963
1086.344 0.96
1087.293 0.949
1088.263 0.97
1089.231 0.968
1090.174 0.943
1091.121 0.947
1092.065 0.944
1092.966 0.901
1093.863 0.897
1094.777 0.914
1103.772 8.995
1104.769 0.997
1105.757 0.988
1106.732 0.975
1107.678 0.946
1108.626 0.948
1109.584 0.958
1110.539 0.955
1111.503 0.964
1112.449 0.946
1113.391 0.942
1114.352 0.961
1115.322 0.97
1116.286 0.964
1117.228 0.942
1118.187 0.959
1119.145 0.958
1120.107 0.962
1121.05 0.943
1122.005 0.955
1122.967 0.962
1123.928 0.961
1129.986 6.058
1130.935 0.949
1131.896 0.961
1132.857 0.961
1133.799 0.942
1134.74 0.941
1135.694 0.954
1136.643 0.949
1137.586 0.943
1138.516 0.93
1144.986 6.47
1145.947 0.961
1146.913 0.966
1151.986 5.073
1152.858 0.872
1153.764 0.906
1154.683 0.919
1155.605 0.922
1156.517 0.912
1157.444 0.927
1158.386 0.942
1159.336 0.95
1160.298 0.962
1161.257 0.959
1162.217 0.96
1163.188 0.971
1164.168 0.98
1165.15 0.982
1166.13 0.98
1173.986 7.856
1174.964 0.978
1175.912 0.948
1176.845 0.933
1177.765 0.92
1178.707 0.942
1179.682 0.975
1180.687 1.005
1181.695 1.008
1182.708 1.013
1183.731 1.023
1184.752 1.021
1185.787 1.035
1186.805 1.018
1187.832 1.027
1188.868 1.036
1189.9 1.032
1190.933 1.033
1191.939 1.006
1192.954 1.015
1193.986 1.032
1195.019 1.033
1196.051 1.032
1197.086 1.035
1198.109 1.023
1199.104 0.995
1200.105 1.001
1201.105 1.0
1202.1 0.995
1203.068 0.968
1204.037 0.969
1205.033 0.996
1206.04 1.007
1207.061 1.021
1208.074 1.013
1209.07 0.996
1210.073 1.003
1211.068 0.995
1212.047 0.979
1213.014 0.967
1213.994 0.98
1214.981 0.987
1215.976 0.995
1216.976 1.0
1217.96 0.984
1218.938 0.978
1219.928 0.99
1220.912 0.984
1221.879 0.967
1222.841 0.962
1223.824 0.983
1224.815 0.991
1225.814 0.999
1226.816 1.002
1227.798 0.982
1228.781 0.983
1229.788 1.007
1230.802 1.014
1231.82 1.018
1232.829 1.009
1233.823 0.994
1234.813 0.99
1235.807 0.994
1236.82 1.013
1237.822 1.002
1238.825 1.003
1239.832 1.007
1240.829 0.997
1241.828 0.999
1242.83 1.002
1243.834 1.004
1244.837 1.003
1245.841 1.004
1246.823 0.982
1247.806 0.983
1248.803 0.997
1249.798 0.995
1250.797 0.999
1251.781 0.984
1252.772 0.991
1253.769 0.997
1254.754 0.985
1255.729 0.975
1256.719 0.99
1257.705 0.986
1258.695 0.99
1259.668 0.973
1260.646 0.978
1261.625 0.979
1262.609 0.984
1263.577 0.968
1264.548 0.971
1265.52 0.972
1266.497 0.977
1267.459 0.962
1268.413 0.954
1269.384 0.971
1270.365 0.981
1271.35 0.985
1272.323 0.973
1273.284 0.961
1274.244 0.96
1275.208 0.964
1276.182 0.974
1277.144 0.962
1278.099 0.955
1279.062 0.963
1280.03 0.968
1280.986 0.956
1281.94 0.954
1282.904 0.964
1283.877 0.973
1284.85 0.973
1285.814 0.964
1286.796 0.982
1287.777 0.981
1288.759 0.982
1289.727 0.968
1290.705 0.978
1291.682 0.977
1292.648 0.966
1293.61 0.962
1294.579 0.969
1295.543 0.964
1296.494 0.951
1297.449 0.955
1298.414 0.965
1299.375 0.961
1300.339 0.964
1301.318 0.979
1302.299 0.981
1303.258 0.959
1304.225 0.967
1305.204 0.979
1306.171 0.967
1307.127 0.956
1308.091 0.964
1309.06 0.969
1310.019 0.959
1310.969 0.95
1311.929 0.96
1312.904 0.975
1313.889 0.985
1314.875 0.986
1315.845 0.97
1316.816 0.971
1317.799 0.983
1318.778 0.979
1319.753 0.975
1320.713 0.96
1321.685 0.972
1322.662 0.977
1323.645 0.983
1324.606 0.961
1325.574 0.968
1326.554 0.98
1327.527 0.973
1328.489 0.962
1329.447 0.958
1330.406 0.959
1331.368 0.962
1332.331 0.963
1333.285 0.954
1334.248 0.963
1335.218 0.97
1336.191 0.973
1337.151 0.96
1338.114 0.963
1339.087 0.973
1340.054 0.967
1341.003 0.949
1341.963 0.96
1342.933 0.97
1343.896 0.963
1344.867 0.971
1345.847 0.98
1346.816 0.969
1347.786 0.97
1348.75 0.964
1349.714 0.964
1350.674 0.96
1351.629 0.955
1352.594 0.965
1353.555 0.961
1354.513 0.958
1355.474 0.961
1356.446 0.972
1357.421 0.975
1358.378 0.957
1359.34 0.962
1360.307 0.967
1361.261 0.954
1362.215 0.954
1363.171 0.956
1364.115 0.944
1365.063 0.948
1366.017 0.954
1366.976 0.959
1367.928 0.952
1368.887 0.959
1369.858 0.971
1370.823 0.965
1371.776 0.953
1372.736 0.96
1373.7 0.964
1374.662 0.962
1375.608 0.946
1376.565 0.957
1377.523 0.958
1378.475 0.952
1379.417 0.942
1380.356 0.939
1381.291 0.935
1382.233 0.942
1383.195 0.962
1384.17 0.975
1385.137 0.967
1386.115 0.978
1394.983 8.868
1395.989 1.006
1396.997 1.008
1397.995 0.998
1398.993 0.998
1399.984 0.991
1400.977 0.993
1401.964 0.987
1402.96 0.996
1403.94 0.98
1404.893 0.953
1405.856 0.963
1406.821 0.965
1407.777 0.956
1408.729 0.952
1409.658 0.929
1410.596 0.938
1411.538 0.942
1412.482 0.944
1413.416 0.934
1414.369 0.953
1415.338 0.969
1416.297 0.959
1417.278 0.981
1418.277 0.999
1419.276 0.999
1420.256 0.98
1421.246 0.99
1422.238 0.992
1423.225 0.987
1424.198 0.973
1425.185 0.987
1426.176 0.991
1427.168 0.992
1428.175 1.007
1429.176 1.001
1430.169 0.993
1431.152 0.983
1432.151 0.999
1433.154 1.003
1434.135 0.981
1435.122 0.987
1436.121 0.999
1437.12 0.999
1438.117 0.997
1439.114 0.997
1445.982 0.821
1446.791 0.809
1447.593 0.802
1448.383 0.79
1449.139 0.756
1449.893 0.754
1450.636 0.743
1451.365 0.729
1452.084 0.719
1452.796 0.712
1453.501 0.705
1454.2 0.699
1454.545 0.345
1454.982 0.437