0.000 0.801
0.801 0.801
6.999 6.198
7.905 0.906
8.838 0.933
9.746 0.908
10.666 0.92
11.589 0.923
12.502 0.913
13.349 0.847
14.206 0.857
15.06 0.854
15.935 0.875
16.807 0.872
17.64 0.833
18.46 0.82
19.273 0.813
20.066 0.793
20.852 0.786
21.185 0.333
21.617 0.432
22.381 0.764
23.181 0.8
24.019 0.838
24.865 0.846
25.714 0.849
26.601 0.887
27.527 0.926
28.424 0.897
29.327 0.903
30.262 0.935
31.162 0.9
31.989 0.827
32.828 0.839
33.678 0.85
33.935 0.257
34.303 0.368
35.415 1.112
35.694 0.279
35.984 0.29
36.359 0.375
36.707 0.348
37.344 0.637
38.325 0.981
39.279 0.954
40.266 0.987
41.271 1.005
42.206 0.935
43.148 0.942
44.11 0.962
45.064 0.954
45.968 0.904
46.914 0.946
47.886 0.972
48.86 0.974
49.769 0.909
50.707 0.938
51.663 0.956
52.608 0.945
53.519 0.911
54.467 0.948
55.45 0.983
56.399 0.949
57.371 0.972
58.359 0.988
59.339 0.98
60.265 0.926
61.21 0.945
62.16 0.95
63.098 0.938
63.994 0.896
64.941 0.947
65.928 0.987
66.955 1.027
67.923 0.968
68.924 1.001
69.939 1.015
70.92 0.981
71.86 0.94
72.79 0.93
73.735 0.945
74.66 0.925
75.577 0.917
76.547 0.97
77.548 1.001
78.506 0.958
79.455 0.949
80.422 0.967
81.4 0.978
82.34 0.94
83.196 0.856
84.024 0.828
84.926 0.902
85.907 0.981
86.959 1.052
88.012 1.053
89.027 1.015
90.023 0.996
91.037 1.014
92.063 1.026
93.062 0.999
93.983 0.921
94.92 0.937
95.877 0.957
96.86 0.983
97.831 0.971
98.773 0.942
99.742 0.969
100.729 0.987
101.712 0.983
102.659 0.947
103.535 0.876
104.399 0.864
105.258 0.859
106.139 0.881
107.035 0.896
107.877 0.842
108.752 0.875
109.664 0.912
110.614 0.95
111.533 0.919
112.476 0.943
113.422 0.946
114.354 0.932
115.231 0.877
116.121 0.89
117.015 0.894
117.921 0.906
118.779 0.858
119.682 0.903
120.623 0.941
121.563 0.94
122.453 0.89
123.367 0.914
124.3 0.933
125.249 0.949
126.176 0.927
127.109 0.933
128.065 0.956
129.03 0.965
129.963 0.933
130.84 0.877
131.723 0.883
132.618 0.895
133.488 0.87
134.356 0.868
135.252 0.896
136.177 0.925
137.102 0.925
138.026 0.924
138.979 0.953
139.927 0.948
140.847 0.92
141.723 0.876
142.627 0.904
143.557 0.93
144.511 0.954
145.418 0.907
146.373 0.955
147.349 0.976
148.323 0.974
149.242 0.919
150.17 0.928
151.114 0.944
152.051 0.937
152.935 0.884
153.831 0.896
154.762 0.931
155.714 0.952
156.627 0.913
157.557 0.93
158.499 0.942
159.451 0.952
160.34 0.889
161.239 0.899
162.156 0.917
163.116 0.96
164.057 0.941
164.968 0.911
165.908 0.94
166.867 0.959
167.813 0.946
168.707 0.894
169.632 0.925
170.58 0.948
171.536 0.956
172.45 0.914
173.394 0.944
174.357 0.963
175.328 0.971
176.261 0.933
177.19 0.929
178.133 0.943
179.085 0.952
179.984 0.899
180.876 0.892
181.786 0.91
182.728 0.942
183.66 0.932
184.593 0.933
185.581 0.988
186.599 1.018
187.563 0.964
188.562 0.999
189.564 1.002
190.548 0.984
191.471 0.923
192.407 0.936
193.351 0.944
194.317 0.966
195.242 0.925
196.204 0.962
197.194 0.99
198.187 0.993
199.131 0.944
200.116 0.985
201.108 0.992
202.105 0.997
203.03 0.925
203.957 0.927
204.904 0.947
205.87 0.966
206.787 0.917
207.71 0.923
208.643 0.933
209.593 0.95
210.519 0.926
211.406 0.887
212.313 0.907
213.233 0.92
214.184 0.951
215.094 0.91
216.016 0.922
216.922 0.906
217.846 0.924
218.776 0.93
219.651 0.875
220.527 0.876
221.397 0.87
222.275 0.878
223.13 0.855
223.986 0.856
224.871 0.885
225.79 0.919
226.724 0.934
227.63 0.906
228.557 0.927
229.503 0.946
230.468 0.965
231.39 0.922
232.337 0.947
233.301 0.964
234.275 0.974
235.182 0.907
236.074 0.892
236.957 0.883
237.841 0.884
238.705 0.864
239.618 0.913
240.565 0.947
241.518 0.953
242.441 0.923
243.402 0.961
244.39 0.988
245.369 0.979
246.289 0.92
247.23 0.941
248.174 0.944
249.112 0.938
250.017 0.905
250.915 0.898
251.828 0.913
252.767 0.939
253.706 0.939
254.587 0.881
255.505 0.918
256.426 0.921
257.363 0.937
258.27 0.907
259.18 0.91
260.12 0.94
261.083 0.963
262.051 0.968
262.935 0.884
263.82 0.885
264.681 0.861
265.535 0.854
266.346 0.811
267.16 0.814
267.993 0.833
268.858 0.865
269.718 0.86
270.595 0.877
271.517 0.922
272.468 0.951
273.404 0.936
274.322 0.918
275.251 0.929
276.188 0.937
277.092 0.904
277.978 0.886
278.887 0.909
279.809 0.922
280.72 0.911
286.996 6.276
287.902 0.906
288.818 0.916
289.718 0.9
290.575 0.857
291.462 0.887
292.339 0.877
293.251 0.912
294.107 0.856
294.974 0.867
295.856 0.882
296.758 0.902
297.655 0.897
298.511 0.856
299.411 0.9
300.342 0.931
301.289 0.947
302.175 0.886
303.061 0.886
303.961 0.9
304.871 0.91
305.729 0.858
306.602 0.873
307.502 0.9
308.423 0.921
309.31 0.887
310.176 0.866
311.061 0.885
311.967 0.906
312.891 0.924
313.783 0.892
314.627 0.844
315.499 0.872
316.382 0.883
317.256 0.874
318.077 0.821
318.939 0.862
319.834 0.895
320.754 0.92
321.632 0.878
322.517 0.885
323.426 0.909
324.339 0.913
325.218 0.879
326.063 0.845
326.939 0.876
327.849 0.91
328.783 0.934
329.662 0.879
330.521 0.859
331.331 0.81
332.133 0.802
332.933 0.8
333.377 0.444
333.732 0.355
334.527 0.795
335.305 0.778
336.093 0.788
336.892 0.799
337.703 0.811
338.49 0.787
339.261 0.771
340.024 0.763
340.78 0.756
341.54 0.76
342.328 0.788
343.133 0.805
343.905 0.772
344.703 0.798
345.515 0.812
346.337 0.822
347.148 0.811
347.975 0.827
348.834 0.859
349.727 0.893
350.644 0.917
351.505 0.861
352.362 0.857
353.208 0.846
354.049 0.841
354.83 0.781
355.58 0.75
356.359 0.779
357.155 0.796
357.966 0.811
358.791 0.825
359.618 0.827
360.427 0.809
361.211 0.784
361.976 0.765
362.628 0.652
362.893 0.265
363.41 0.517
364.114 0.704
364.831 0.717
365.548 0.717
366.321 0.773
367.134 0.813
367.987 0.853
368.831 0.844
369.737 0.906
370.67 0.933
371.564 0.894
372.503 0.939
373.473 0.97
374.471 0.998
375.407 0.936
376.347 0.94
377.289 0.942
378.217 0.928
379.093 0.876
380.012 0.919
380.958 0.946
381.887 0.929
382.76 0.873
383.66 0.9
384.57 0.91
385.478 0.908
386.379 0.901
387.331 0.952
388.322 0.991
389.297 0.975
390.265 0.968
391.255 0.99
392.258 1.003
393.217 0.959
394.109 0.892
394.997 0.888
395.889 0.892
396.837 0.948
397.754 0.917
398.74 0.986
399.771 1.031
400.82 1.049
401.824 1.004
402.856 1.032
403.912 1.056
404.928 1.016
405.872 0.944
406.786 0.914
407.67 0.884
408.521 0.851
409.371 0.85
410.267 0.896
411.074 0.807
411.876 0.802
412.304 0.428
412.681 0.377
413.499 0.818
414.313 0.814
415.132 0.819
415.897 0.765
416.603 0.706
417.359 0.756
417.725 0.366
418.121 0.396
418.743 0.622
419.709 0.966
420.513 0.804
421.304 0.791
422.083 0.779
422.852 0.769
423.587 0.735
424.321 0.734
425.039 0.718
425.761 0.722
426.477 0.716
427.226 0.749
428.009 0.783
428.835 0.826
429.696 0.861
430.517 0.821
431.37 0.853
432.252 0.882
433.163 0.911
434.055 0.892
434.965 0.91
435.885 0.92
436.798 0.913
437.688 0.89
438.587 0.899
439.509 0.922
440.474 0.965
441.423 0.949
442.394 0.971
443.39 0.996
444.395 1.005
445.373 0.978
446.355 0.982
447.345 0.99
448.302 0.957
449.225 0.923
450.174 0.949
451.152 0.978
452.126 0.974
453.055 0.929
453.999 0.944
454.958 0.959
455.884 0.926
456.784 0.9
457.686 0.902
458.569 0.883
459.414 0.845
460.275 0.861
461.165 0.89
462.1 0.935
462.994 0.894
463.896 0.902
464.818 0.922
465.755 0.937
466.68 0.925
467.59 0.91
468.508 0.918
469.445 0.937
470.356 0.911
471.271 0.915
472.202 0.931
473.14 0.938
474.051 0.911
474.942 0.891
475.835 0.893
476.74 0.905
477.637 0.897
478.513 0.876
479.424 0.911
480.37 0.946
481.288 0.918
482.205 0.917
483.126 0.921
484.069 0.943
484.965 0.896
485.888 0.923
486.826 0.938
487.775 0.949
488.678 0.903
489.585 0.907
490.486 0.901
491.4 0.914
492.299 0.899
493.219 0.92
494.173 0.954
495.136 0.963
496.078 0.942
497.033 0.955
498.0 0.967
498.977 0.977
499.925 0.948
500.867 0.942
501.827 0.96
502.806 0.979
503.774 0.968
504.719 0.945
505.702 0.983
506.705 1.003
507.713 1.008
508.7 0.987
509.711 1.011
510.712 1.001
511.7 0.988
512.658 0.958
513.63 0.972
514.612 0.982
515.569 0.957
516.506 0.937
517.416 0.91
518.31 0.894
519.191 0.881
520.026 0.835
520.89 0.864
521.774 0.884
522.672 0.898
523.555 0.883
524.486 0.931
525.445 0.959
526.408 0.963
527.32 0.912
528.227 0.907
529.13 0.903
530.027 0.897
530.89 0.863
531.78 0.89
532.696 0.916
533.617 0.921
534.506 0.889
535.429 0.923
536.362 0.933
537.315 0.953
538.218 0.903
539.139 0.921
540.088 0.949
541.038 0.95
541.954 0.916
542.886 0.932
543.83 0.944
544.791 0.961
545.713 0.922
546.657 0.944
547.594 0.937
548.523 0.929
549.396 0.873
550.271 0.875
551.161 0.89
552.071 0.91
552.958 0.887
553.884 0.926
554.848 0.964
555.824 0.976
556.751 0.927
557.681 0.93
558.597 0.916
559.496 0.899
560.376 0.88
561.303 0.927
562.261 0.958
563.236 0.975
564.187 0.951
565.145 0.958
566.11 0.965
567.086 0.976
568.041 0.955
568.994 0.953
569.955 0.961
570.929 0.974
571.874 0.945
572.804 0.93
573.734 0.93
574.679 0.945
575.612 0.933
576.514 0.902
577.432 0.918
578.348 0.916
579.22 0.872
580.02 0.8
580.828 0.808
581.644 0.816
582.411 0.767
583.212 0.801
584.037 0.825
584.901 0.864
585.797 0.896
586.673 0.876
587.586 0.913
588.517 0.931
589.46 0.943
590.366 0.906
591.282 0.916
592.195 0.913
593.101 0.906
593.971 0.87
594.854 0.883
595.768 0.914
596.698 0.93
597.602 0.904
598.502 0.9
599.427 0.925
600.378 0.951
601.318 0.94
602.285 0.967
603.28 0.995
604.275 0.995
605.244 0.969
606.22 0.976
607.176 0.956
608.097 0.921
608.95 0.853
609.817 0.867
610.71 0.893
611.613 0.903
612.48 0.867
613.396 0.916
614.328 0.932
615.263 0.935
616.162 0.899
617.073 0.911
618.005 0.932
618.931 0.926
619.799 0.868
620.69 0.891
621.607 0.917
622.534 0.927
623.418 0.884
624.326 0.908
625.246 0.92
626.169 0.923
627.055 0.886
627.941 0.886
628.82 0.879
629.692 0.872
630.528 0.836
631.396 0.868
632.285 0.889
633.197 0.912
634.091 0.894
634.997 0.906
635.924 0.927
636.872 0.948
637.795 0.923
638.741 0.946
639.717 0.976
640.693 0.976
641.611 0.918
642.556 0.945
643.509 0.953
644.457 0.948
645.358 0.901
646.251 0.893
647.157 0.906
648.101 0.944
649.021 0.92
649.928 0.907
650.854 0.926
651.785 0.931
652.704 0.919
653.606 0.902
654.54 0.934
655.496 0.956
656.462 0.966
657.383 0.921
658.331 0.948
659.288 0.957
660.241 0.953
661.139 0.898
662.056 0.917
662.982 0.926
663.898 0.916
664.793 0.895
665.724 0.931
666.688 0.964
667.647 0.959
668.564 0.917
669.491 0.927
670.427 0.936
671.364 0.937
672.249 0.885
673.134 0.885
674.024 0.89
674.92 0.896
675.794 0.874
676.703 0.909
677.647 0.944
678.599 0.952
679.5 0.901
680.401 0.901
681.287 0.886
682.187 0.9
683.068 0.881
683.97 0.902
684.906 0.936
685.866 0.96
686.799 0.933
687.734 0.935
688.677 0.943
689.612 0.935
690.521 0.909
691.444 0.923
692.373 0.929
693.307 0.934
694.217 0.91
695.152 0.935
696.114 0.962
697.064 0.95
697.999 0.935
698.945 0.946
699.898 0.953
700.831 0.933
701.735 0.904
702.649 0.914
703.574 0.925
704.483 0.909
705.392 0.909
706.313 0.921
707.236 0.923
708.118 0.882
709.015 0.897
709.926 0.911
710.867 0.941
711.783 0.916
712.711 0.928
713.653 0.942
714.607 0.954
715.521 0.914
716.45 0.929
717.395 0.945
718.347 0.952
719.25 0.903
720.142 0.892
721.063 0.921
721.993 0.93
722.896 0.903
723.786 0.89
724.672 0.886
725.555 0.883
726.293 0.738
727.217 0.924
727.562 0.345
727.944 0.382
728.842 0.898
729.63 0.788
730.425 0.795
731.243 0.818
732.115 0.872
733.011 0.896
733.865 0.854
734.393 0.528
734.739 0.346
735.638 0.899
736.544 0.906
737.405 0.861
738.265 0.86
739.131 0.866
740.005 0.874
740.89 0.885
741.755 0.865
742.668 0.913
743.621 0.953
744.558 0.937
745.469 0.911
746.418 0.949
747.38 0.962
748.34 0.96
749.253 0.913
750.166 0.913
751.09 0.924
752.029 0.939
752.942 0.913
753.76 0.818
754.571 0.811
755.398 0.827
756.263 0.865
757.172 0.909
758.084 0.912
759.021 0.937
759.98 0.959
760.928 0.948
761.848 0.92
762.706 0.858
763.54 0.834
764.344 0.804
765.145 0.801
765.942 0.797
766.79 0.848
767.668 0.878
768.568 0.9
769.467 0.899
770.361 0.894
771.265 0.904
772.184 0.919
773.102 0.918
774.026 0.924
774.974 0.948
775.934 0.96
776.848 0.914
777.78 0.932
778.73 0.95
779.651 0.921
780.545 0.894
781.46 0.915
782.385 0.925
783.311 0.926
784.223 0.912
785.149 0.926
786.075 0.926
786.985 0.91
787.889 0.904
788.811 0.922
789.751 0.94
790.649 0.898
791.577 0.928
792.538 0.961
793.489 0.951
794.388 0.899
795.322 0.934
796.271 0.949
797.218 0.947
798.126 0.908
799.078 0.952
800.047 0.969
801.01 0.963
801.935 0.925
802.882 0.947
803.858 0.976
804.832 0.974
805.775 0.943
806.757 0.982
807.739 0.982
808.699 0.96
809.66 0.961
810.614 0.954
811.569 0.955
812.475 0.906
813.402 0.927
814.352 0.95
815.315 0.963
816.247 0.932
817.196 0.949
818.142 0.946
819.048 0.906
819.98 0.932
820.926 0.946
821.87 0.944
822.778 0.908
823.714 0.936
824.664 0.95
825.623 0.959
826.551 0.928
827.487 0.936
828.432 0.945
829.368 0.936
830.293 0.925
831.223 0.93
832.165 0.942
833.074 0.909
833.996 0.922
834.926 0.93
835.865 0.939
836.77 0.905
837.694 0.924
838.626 0.932
839.541 0.915
840.424 0.883
841.336 0.912
842.269 0.933
843.176 0.907
844.083 0.907
845.011 0.928
845.949 0.938
846.846 0.897
847.772 0.926
848.734 0.962
849.684 0.95
850.583 0.899
851.497 0.914
852.423 0.926
853.341 0.918
854.253 0.912
855.195 0.942
856.17 0.975
857.137 0.967
858.07 0.933
859.018 0.948
859.975 0.957
860.923 0.948
861.87 0.947
862.831 0.961
863.812 0.981
864.75 0.938
865.695 0.945
866.66 0.965
867.635 0.975
868.556 0.921
869.486 0.93
870.427 0.941
871.368 0.941
872.303 0.935
873.269 0.966
874.266 0.997
875.237 0.971
876.2 0.963
877.179 0.979
878.145 0.966
879.049 0.904
879.964 0.915
880.896 0.932
881.833 0.937
882.736 0.903
883.675 0.939
884.637 0.962
885.606 0.969
886.54 0.934
887.487 0.947
888.452 0.965
889.409 0.957
890.342 0.933
891.291 0.949
892.225 0.934
893.088 0.863
893.983 0.895
894.905 0.922
895.874 0.969
896.857 0.983
897.779 0.922
898.718 0.939
899.673 0.955
900.637 0.964
901.569 0.932
902.538 0.969
903.507 0.969
904.496 0.989
905.437 0.941
906.379 0.942
907.337 0.958
908.317 0.98
909.3 0.983
910.283 0.983
911.292 1.009
912.319 1.027
913.315 0.996
914.281 0.966
915.248 0.967
916.216 0.968
917.148 0.932
918.072 0.924
919.012 0.94
919.961 0.949
920.869 0.908
921.749 0.88
922.654 0.905
923.597 0.943
924.577 0.98
925.529 0.952
926.459 0.93
927.41 0.951
928.365 0.955
929.331 0.966
930.235 0.904
931.17 0.935
932.111 0.941
933.061 0.95
934.008 0.947
934.94 0.932
935.904 0.964
936.874 0.97
937.833 0.959
938.767 0.934
939.732 0.965
940.706 0.974
941.669 0.963
942.608 0.939
943.566 0.958
944.557 0.991
945.529 0.972
946.453 0.924
947.404 0.951
948.354 0.95
949.303 0.949
950.22 0.917
951.145 0.925
952.07 0.925
952.998 0.928
953.883 0.885
954.803 0.92
955.741 0.938
956.686 0.945
957.564 0.878
958.366 0.802
959.217 0.851
960.09 0.873
961.019 0.929
961.987 0.968
962.961 0.974
963.894 0.933
964.839 0.945
965.79 0.951
966.735 0.945
967.637 0.902
968.539 0.902
969.437 0.898
970.338 0.901
971.212 0.874
972.125 0.913
973.049 0.924
974.002 0.953
974.968 0.966
975.884 0.916
976.812 0.928
977.739 0.927
978.661 0.922
979.552 0.891
980.447 0.895
981.353 0.906
982.254 0.901
983.171 0.917
984.103 0.932
985.041 0.938
985.95 0.909
986.855 0.905
987.77 0.915
988.691 0.921
989.612 0.921
990.496 0.884
991.376 0.88
992.24 0.864
993.046 0.806
993.857 0.811
994.646 0.789
995.416 0.77
995.729 0.313
996.181 0.452
996.919 0.738
997.656 0.737
998.173 0.517
998.597 0.424
998.945 0.348
999.27 0.325
999.729 0.459
1000.65 0.921
1001.03 0.38
1001.426 0.396
1001.699 0.273
1002.121 0.422
1003.008 0.887
1003.84 0.832
1004.119 0.279
1004.702 0.583
1005.591 0.889
1006.5 0.909
1007.367 0.867
1008.246 0.879
1008.614 0.368
1008.906 0.292
1009.988 1.082
1010.832 0.844
1011.64 0.808
1012.453 0.813
1013.273 0.82
1014.072 0.799
1014.894 0.822
1015.738 0.844
1016.465 0.727
1017.455 0.99
1018.348 0.893
1018.715 0.367
1019.291 0.576
1020.277 0.986
1020.588 0.311
1021.256 0.668
1022.207 0.951
1023.179 0.972
1024.159 0.98
1025.136 0.977
1026.056 0.92
1027.013 0.957
1028.006 0.993
1029.016 1.01
1029.984 0.968
1030.979 0.995
1031.975 0.996
1032.948 0.973
1033.833 0.885
1034.699 0.866
1035.151 0.452
1035.556 0.405
1036.428 0.872
1037.268 0.84
1038.124 0.856
1039.003 0.879
1039.892 0.889
1040.157 0.265
1040.752 0.595
1041.588 0.836
1042.227 0.639
1043.337 1.11
1044.252 0.915
1045.146 0.894
1045.891 0.745
1046.947 1.056
1047.899 0.952
1048.855 0.956
1049.816 0.961
1050.802 0.986
1051.802 1.0
1052.801 0.999
1053.754 0.953
1054.733 0.979
1055.73 0.997
1056.725 0.995
1057.662 0.937
1058.629 0.967
1059.624 0.995
1060.632 1.008
1061.607 0.975
1062.619 1.012
1063.632 1.013
1064.642 1.01
1065.587 0.945
1066.563 0.976
1067.535 0.972
1068.542 1.007
1069.511 0.969
1070.534 1.023
1071.591 1.057
1072.661 1.07
1073.691 1.03
1074.741 1.05
1075.765 1.024
1076.773 1.008
1077.699 0.926
1078.641 0.942
1079.595 0.954
1080.565 0.97
1081.492 0.927
1082.432 0.94
1083.433 1.001
1084.472 1.039
1085.477 1.005
1086.517 1.04
1087.571 1.054
1088.601 1.03
1094.985 6.384
1096.022 1.037
1104.985 8.963
1106.012 1.027
1107.044 1.032
1108.051 1.007
1109.006 0.955
1110.009 1.003
1111.03 1.021
1112.068 1.038
1113.017 0.949
1113.957 0.94
1114.918 0.961
1115.913 0.995
1116.872 0.959
1117.849 0.977
1118.856 1.007
1119.879 1.023
1120.825 0.946
1121.788 0.963
1122.757 0.969
1123.741 0.984
1124.665 0.924
1125.591 0.926
1126.552 0.961
1127.537 0.985
1128.478 0.941
1129.43 0.952
1130.404 0.974
1131.382 0.978
1132.303 0.921
1133.26 0.957
1134.253 0.993
1135.276 1.023
1136.248 0.972
1137.237 0.989
1138.251 1.014
1139.257 1.006
1140.206 0.949
1141.183 0.977
1142.186 1.003
1143.213 1.027
1144.216 1.003
1145.175 0.959
1146.157 0.982
1147.146 0.989
1148.142 0.996
1149.081 0.939
1150.057 0.976
1151.06 1.003
1152.068 1.008
1153.047 0.979
1154.066 1.019
1155.109 1.043
1156.124 1.015
1157.087 0.963
1158.068 0.981
1159.059 0.991
1160.032 0.973
1160.936 0.904
1161.863 0.927
1162.789 0.926
1163.74 0.951
1164.676 0.936
1165.632 0.956
1166.63 0.998
1167.642 1.012
1168.587 0.945
1169.536 0.949
1170.511 0.975
1171.515 1.004
1172.539 1.024
1173.565 1.026
1174.613 1.048
1175.689 1.076
1176.742 1.053
1177.724 0.982
1178.717 0.993
1179.693 0.976
1180.65 0.957
1181.61 0.96
1182.512 0.902
1183.418 0.906
1184.32 0.902
1185.231 0.911
1186.129 0.898
1187.017 0.888
1187.967 0.95
1188.957 0.99
1189.94 0.983
1190.899 0.959
1191.895 0.996
1192.912 1.017
1193.894 0.982
1194.817 0.923
1195.743 0.926
1196.642 0.899
1197.475 0.833
1198.336 0.861
1199.224 0.888
1200.136 0.912
1201.01 0.874
1201.909 0.899
1202.835 0.926
1203.781 0.946
1204.708 0.927
1205.61 0.902
1206.531 0.921
1207.483 0.952
1208.442 0.959
1209.365 0.923
1210.259 0.894
1211.174 0.915
1212.039 0.865
1212.897 0.858
1213.769 0.872
1214.624 0.855
1215.44 0.816
1216.257 0.817
1217.13 0.873
1218.072 0.942
1219.068 0.996
1220.073 1.005
1221.031 0.958
1222.021 0.99
1223.023 1.002
1224.045 1.022
1225.072 1.027
1226.061 0.989
1227.068 1.007
1228.097 1.029
1229.149 1.052
1230.181 1.032
1231.206 1.025
1232.231 1.025
1233.241 1.01
1234.25 1.009
1235.257 1.007
1236.205 0.948
1237.192 0.987
1238.2 1.008
1239.22 1.02
1240.2 0.98
1241.186 0.986
1242.182 0.996
1243.181 0.999
1244.143 0.962
1245.072 0.929
1246.032 0.96
1247.021 0.989
1247.987 0.966
1248.909 0.922
1249.852 0.943
1250.837 0.985
1251.804 0.967
1252.734 0.93
1253.703 0.969
1254.7 0.997
1255.701 1.001
1256.632 0.931
1257.586 0.954
1258.563 0.977
1259.572 1.009
1260.559 0.987
1261.495 0.936
1262.457 0.962
1263.449 0.992
1264.45 1.001
1265.397 0.947
1266.365 0.968
1267.348 0.983
1268.344 0.996
1269.331 0.987
1270.252 0.921
1271.192 0.94
1272.187 0.995
1273.226 1.039
1274.266 1.04
1275.234 0.968
1276.185 0.951
1277.163 0.978
1278.157 0.994
1279.187 1.03
1280.222 1.035
1281.254 1.032
1282.223 0.969
1283.165 0.942
1284.127 0.962
1285.133 1.006
1286.162 1.029
1287.202 1.04
1288.185 0.983
1289.203 1.018
1290.235 1.032
1291.281 1.046
1292.321 1.04
1293.306 0.985
1294.294 0.988
1295.296 1.002
1296.301 1.005
1297.297 0.996
1298.235 0.938
1299.197 0.962
1300.19 0.993
1301.211 1.021
1302.218 1.007
1303.176 0.958
1304.145 0.969
1305.135 0.99
1306.133 0.998
1307.13 0.997
1308.083 0.953
1309.069 0.986
1310.075 1.006
1311.099 1.024
1312.066 0.967
1313.006 0.94
1313.964 0.958
1314.934 0.97
1315.882 0.948
1316.791 0.909
1317.757 0.966
1318.775 1.018
1319.803 1.028
1320.781 0.978
1321.761 0.98
1322.737 0.976
1323.726 0.989
1324.696 0.97
1325.613 0.917
1326.571 0.958
1327.552 0.981
1328.543 0.991
1329.501 0.958
1330.463 0.962
1331.448 0.985
1332.449 1.001
1333.437 0.988
1334.356 0.919
1335.286 0.93
1336.237 0.951
1337.219 0.982
1338.204 0.985
1339.143 0.939
1340.118 0.975
1341.117 0.999
1342.131 1.014
1343.116 0.985
1344.074 0.958
1345.046 0.972
1346.034 0.988
1347.026 0.992
1347.963 0.937
1348.926 0.963
1349.918 0.992
1350.925 1.007
1351.9 0.975
1352.895 0.995
1353.922 1.027
1354.962 1.04
1356.003 1.041
1356.988 0.985
1358.003 1.015
1359.029 1.026
1360.053 1.024
1361.021 0.968
1362.001 0.98
1362.989 0.988
1363.987 0.998
1364.921 0.934
1365.86 0.939
1366.812 0.952
1367.791 0.979
1368.789 0.998
1369.739 0.95
1370.715 0.976
1371.711 0.996
1372.728 1.017
1373.704 0.976
1374.674 0.97
1375.667 0.993
1376.679 1.012
1377.636 0.957
1378.618 0.982
1379.627 1.009
1380.646 1.019
1381.618 0.972
1382.58 0.962
1383.542 0.962
1384.526 0.984
1385.508 0.982
1386.434 0.926
1387.38 0.946
1388.351 0.971
1389.333 0.982
1390.292 0.959
1391.204 0.912
1392.127 0.923
1393.06 0.933
1394.012 0.952
1394.937 0.925
1395.853 0.916
1396.795 0.942
1397.756 0.961
1398.727 0.971
1399.659 0.932
1400.61 0.951
1401.569 0.959
1402.524 0.955
1403.443 0.919
1404.356 0.913
1405.274 0.918
1406.19 0.916
1407.083 0.893
1407.947 0.864
1408.862 0.915
1409.829 0.967
1410.815 0.986
1411.766 0.951
1412.734 0.968
1413.73 0.996
1414.729 0.999
1415.676 0.947
1416.62 0.944
1417.565 0.945
1418.52 0.955
1419.448 0.928
1420.306 0.858
1421.18 0.874
1422.069 0.889
1422.993 0.924
1423.892 0.899
1424.784 0.892
1425.705 0.921
1426.646 0.941
1427.598 0.952
1428.519 0.921
1429.471 0.952
1430.454 0.983
1431.451 0.997
1432.419 0.968
1433.375 0.956
1434.34 0.965
1435.327 0.987
1436.273 0.946
1437.219 0.946
1438.199 0.98
1439.197 0.998
1440.188 0.991
1441.084 0.896
1441.929 0.845
1442.716 0.787
1443.446 0.73
1444.199 0.753
1445.041 0.842
1445.97 0.929
1446.965 0.995
1447.98 1.015
1448.955 0.975
1449.967 1.012
1450.991 1.024
1452.007 1.016
1453.006 0.999
1453.949 0.943
1454.886 0.937
1455.839 0.953
1456.826 0.987
1457.819 0.993
1458.767 0.948
1459.73 0.963
1460.699 0.969
1461.677 0.978
1462.626 0.949
1463.565 0.939
1464.497 0.932
1465.418 0.921
1466.261 0.843
1467.032 0.771
1467.793 0.761
1468.578 0.785
1469.432 0.854
1470.406 0.974
1471.448 1.042
1472.516 1.068
1473.588 1.072
1474.676 1.088
1475.753 1.077
1476.835 1.082
1477.917 1.082
1478.972 1.055
1479.989 1.017
1480.95 0.961
1481.932 0.982
1482.928 0.996
1483.942 1.014
1484.934 0.992
1485.933 0.999
1486.935 1.002
1487.937 1.002
1488.892 0.955
1489.858 0.966
1490.842 0.984
1491.852 1.01
1492.847 0.995
1493.787 0.94
1494.758 0.971
1495.738 0.98
1496.726 0.988
1497.661 0.935
1498.585 0.924
1499.522 0.937
1500.476 0.954
1501.433 0.957
1502.341 0.908
1503.259 0.918
1504.19 0.931
1505.105 0.915
1505.997 0.892
1506.839 0.842
1507.685 0.846
1508.541 0.856
1509.369 0.828
1510.201 0.832
1511.064 0.863
1511.958 0.894
1512.884 0.926
1513.802 0.918
1514.723 0.921
1515.657 0.934
1516.593 0.936
1517.541 0.948
1518.441 0.9
1519.357 0.916
1520.292 0.935
1521.218 0.926
1522.06 0.842
1522.919 0.859
1523.81 0.891
1524.697 0.887
1525.596 0.899
1526.452 0.856
1527.286 0.834
1528.091 0.805
1528.891 0.8
1529.695 0.804
1530.486 0.791
1531.298 0.812
1532.107 0.809
1532.91 0.803
1533.726 0.816
1534.551 0.825
1535.399 0.848
1536.262 0.863
1537.117 0.855
1537.87 0.753
1538.716 0.846
1539.013 0.297
1539.277 0.264
1539.546 0.269
1540.264 0.718
1540.552 0.288
1540.818 0.266
1541.087 0.269