0.000 2.999
2.999 2.999
3.641 0.642
4.29 0.649
4.943 0.653
5.581 0.638
6.229 0.648
6.871 0.642
7.491 0.62
8.089 0.598
8.693 0.604
9.289 0.596
9.873 0.584
10.455 0.582
11.04 0.585
11.621 0.581
12.2 0.579
12.784 0.584
13.377 0.593
13.972 0.595
14.57 0.598
15.178 0.608
15.779 0.601
16.388 0.609
17.003 0.615
17.607 0.604
18.201 0.594
18.778 0.577
19.36 0.582
19.942 0.582
20.525 0.583
21.111 0.586
21.691 0.58
22.271 0.58
22.845 0.574
23.416 0.571
23.989 0.573
24.573 0.584
25.178 0.605
25.811 0.633
26.464 0.653
27.093 0.629
27.705 0.612
28.299 0.594
28.891 0.592
29.485 0.594
30.09 0.605
30.718 0.628
31.373 0.655
32.055 0.682
32.752 0.697
33.43 0.678
34.09 0.66
34.745 0.655
35.405 0.66
36.082 0.677
36.781 0.699
37.493 0.712
38.191 0.698
38.871 0.68
39.545 0.674
40.228 0.683
40.927 0.699
41.646 0.719
42.378 0.732
43.121 0.743
43.854 0.733
44.552 0.698
45.237 0.685
45.925 0.688
46.629 0.704
47.341 0.712
48.038 0.697
48.708 0.67
49.356 0.648
50.005 0.649
50.669 0.664
51.349 0.68
52.05 0.701
52.736 0.686
53.408 0.672
54.081 0.673
54.77 0.689
55.48 0.71
56.207 0.727
56.949 0.742
57.697 0.748
58.414 0.717
59.1 0.686
59.784 0.684
60.481 0.697
61.206 0.725
61.947 0.741
62.661 0.714
63.367 0.706
64.097 0.73
64.851 0.754
65.611 0.76
66.328 0.717
67.025 0.697
67.73 0.705
68.45 0.72
69.178 0.728
69.883 0.705
70.571 0.688
71.263 0.692
71.973 0.71
72.7 0.727
73.422 0.722
74.127 0.705
74.836 0.709
75.562 0.726
76.299 0.737
77.036 0.737
77.747 0.711
78.459 0.712
79.187 0.728
79.924 0.737
80.632 0.708
81.305 0.673
81.971 0.666
82.642 0.671
83.332 0.69
84.055 0.723
84.797 0.742
85.53 0.733
86.244 0.714
86.963 0.719
87.701 0.738
88.452 0.751
89.209 0.757
89.962 0.753
90.687 0.725
91.391 0.704
92.099 0.708
92.824 0.725
93.577 0.753
94.358 0.781
95.143 0.785
95.904 0.761
96.654 0.75
97.42 0.766
98.201 0.781
98.992 0.791
99.766 0.774
100.506 0.74
101.226 0.72
101.968 0.742
102.737 0.769
103.538 0.801
104.344 0.806
105.148 0.804
105.938 0.79
106.682 0.744
107.415 0.733
108.156 0.741
108.905 0.749
109.676 0.771
110.459 0.783
111.25 0.791
112.002 0.752
112.742 0.74
113.49 0.748
114.256 0.766
115.023 0.767
115.788 0.765
116.522 0.734
117.246 0.724
117.981 0.735
118.736 0.755
119.506 0.77
120.283 0.777
121.058 0.775
121.818 0.76
122.56 0.742
123.298 0.738
124.061 0.763
124.827 0.766
125.602 0.775
126.381 0.779
127.136 0.755
127.881 0.745
128.65 0.769
129.428 0.778
130.209 0.781
130.964 0.755
131.701 0.737
132.45 0.749
133.217 0.767
133.984 0.767
134.706 0.722
135.413 0.707
136.125 0.712
136.855 0.73
137.601 0.746
138.353 0.752
139.096 0.743
139.818 0.722
140.557 0.739
141.31 0.753
142.067 0.757
142.822 0.755
143.554 0.732
144.276 0.722
145.012 0.736
145.766 0.754
146.53 0.764
147.299 0.769
148.073 0.774
148.818 0.745
149.55 0.732
150.292 0.742
151.051 0.759
151.814 0.763
152.554 0.74
153.279 0.725
154.027 0.748
154.795 0.768
155.562 0.767
156.329 0.767
157.088 0.759
157.825 0.737
158.57 0.745
159.328 0.758
160.092 0.764
160.854 0.762
161.589 0.735
162.329 0.74
163.09 0.761
163.857 0.767
164.627 0.77
165.378 0.751
166.106 0.728
166.841 0.735
167.585 0.744
168.328 0.743
169.038 0.71
169.743 0.705
170.462 0.719
171.196 0.734
171.937 0.741
172.681 0.744
173.396 0.715
174.088 0.692
174.764 0.676
175.425 0.661
176.074 0.649
176.729 0.655
177.393 0.664
178.064 0.671
178.745 0.681
179.45 0.705
180.183 0.733
180.936 0.753
181.698 0.762
182.433 0.735
183.152 0.719
183.878 0.726
184.606 0.728
185.336 0.73
186.049 0.713
186.75 0.701
187.46 0.71
188.19 0.73
188.937 0.747
189.689 0.752
190.425 0.736
191.176 0.751
191.947 0.771
192.728 0.781
193.514 0.786
194.27 0.756
195.009 0.739
195.766 0.757
196.538 0.772
197.317 0.779
198.075 0.758
198.815 0.74
199.561 0.746
200.31 0.749
201.045 0.735
201.756 0.711
202.467 0.711
203.19 0.723
203.927 0.737
204.679 0.752
205.417 0.738
206.15 0.733
206.896 0.746
207.655 0.759
208.419 0.764
209.185 0.766
209.938 0.753
210.675 0.737
211.416 0.741
212.162 0.746
212.911 0.749
213.643 0.732
214.357 0.714
215.082 0.725
215.814 0.732
216.558 0.744
217.309 0.751
218.042 0.733
218.765 0.723
219.49 0.725
220.216 0.726
220.942 0.726
221.653 0.711
222.365 0.712
223.094 0.729
223.839 0.745
224.595 0.756
225.351 0.756
226.09 0.739
226.811 0.721
227.541 0.73
228.286 0.745
229.051 0.765
229.811 0.76
230.54 0.729
231.259 0.719
231.984 0.725
232.725 0.741
233.477 0.752
234.235 0.758
234.964 0.729
235.694 0.73
236.445 0.751
237.194 0.749
237.918 0.724
238.646 0.728
239.386 0.74
240.135 0.749
240.885 0.75
241.607 0.722
242.316 0.709
243.033 0.717
243.756 0.723
244.483 0.727
245.205 0.722
245.913 0.708
246.634 0.721
247.375 0.741
248.125 0.75
248.879 0.754
249.639 0.76
250.371 0.732
251.097 0.726
251.84 0.743
252.597 0.757
253.353 0.756
254.111 0.758
254.862 0.751
255.594 0.732
256.327 0.733
257.08 0.753
257.838 0.758
258.587 0.749
259.331 0.744
260.063 0.732
260.797 0.734
261.545 0.748
262.294 0.749
263.037 0.743
263.765 0.728
264.503 0.738
265.255 0.752
266.011 0.756
266.77 0.759
267.506 0.736
268.229 0.723
268.963 0.734
269.703 0.74
270.447 0.744
271.184 0.737
271.915 0.731
272.616 0.701
273.303 0.687
273.993 0.69
274.69 0.697
275.394 0.704
276.098 0.704
276.786 0.688
277.471 0.685
278.166 0.695
278.877 0.711
279.599 0.722
280.311 0.712
281.011 0.7
281.721 0.71
282.437 0.716
283.155 0.718
283.852 0.697
284.54 0.688
285.234 0.694
285.936 0.702
286.647 0.711
287.37 0.723
288.082 0.712
288.777 0.695
289.476 0.699
290.184 0.708
290.904 0.72
291.64 0.736
292.394 0.754
293.139 0.745
293.873 0.734
294.616 0.743
295.369 0.753
296.125 0.756
296.864 0.739
297.583 0.719
298.297 0.714
299.023 0.726
299.764 0.741
300.519 0.755
301.27 0.751
302.003 0.733
302.73 0.727
303.47 0.74
304.219 0.749
304.979 0.76
305.734 0.755
306.465 0.731
307.193 0.728
307.935 0.742
308.69 0.755
309.455 0.765
310.226 0.771
310.974 0.748
311.726 0.752
312.492 0.766
313.258 0.766
314.015 0.757
314.751 0.736
315.487 0.736
316.236 0.749
317.007 0.771
317.795 0.788
318.591 0.796
319.364 0.773
320.108 0.744
320.85 0.742
321.599 0.749
322.35 0.751
323.107 0.757
323.844 0.737
324.57 0.726
325.319 0.749
326.074 0.755
326.836 0.762
327.594 0.758
328.346 0.752
329.081 0.735
329.83 0.749
330.58 0.75
331.318 0.738
332.014 0.696
332.731 0.717
333.413 0.682
334.122 0.709
334.826 0.704
335.494 0.668
336.163 0.669
336.823 0.66
337.468 0.645
338.115 0.647
338.769 0.654
339.421 0.652
340.059 0.638
340.699 0.64
341.346 0.647
341.995 0.649
342.643 0.648
343.285 0.642
343.91 0.625
344.52 0.61
345.128 0.608
345.736 0.608
346.344 0.608
346.97 0.626
347.607 0.637
348.27 0.663
348.963 0.693
349.64 0.677
350.342 0.702
351.052 0.71
351.767 0.715
352.458 0.691
353.129 0.671
353.789 0.66
354.431 0.642
355.076 0.645
355.722 0.646
356.376 0.654
357.02 0.644
357.649 0.629
358.28 0.631
358.896 0.616
359.523 0.627
360.167 0.644
360.838 0.671
361.544 0.706
362.27 0.726
363.005 0.735
363.741 0.736
364.453 0.712
365.169 0.716
365.879 0.71
366.565 0.686
367.256 0.691
367.941 0.685
368.605 0.664
369.262 0.657
369.931 0.669
370.614 0.683
371.289 0.675
371.973 0.684
372.661 0.688
373.364 0.703
374.064 0.7
374.744 0.68
375.424 0.68
376.117 0.693
376.83 0.713
377.559 0.729
378.289 0.73
379.008 0.719
379.737 0.729
380.478 0.741
381.224 0.746
381.959 0.735
382.69 0.731
383.397 0.707
384.115 0.718
384.849 0.734
385.59 0.741
386.336 0.746
387.054 0.718
387.771 0.717
388.506 0.735
389.238 0.732
389.959 0.721
390.63 0.671
391.315 0.685
391.996 0.681
392.679 0.683
393.356 0.677
394.016 0.66
394.652 0.636
395.291 0.639
395.931 0.64
396.578 0.647
397.235 0.657
397.904 0.669
398.583 0.679
399.245 0.662
399.903 0.658
400.565 0.662
401.229 0.664
401.904 0.675
402.589 0.685
403.266 0.677
403.946 0.68
404.64 0.694
405.356 0.716
406.099 0.743
406.822 0.723
407.543 0.721
408.244 0.701
408.929 0.685
409.629 0.7
410.337 0.708
411.047 0.71
411.769 0.722
412.463 0.694
413.155 0.692
413.863 0.708
414.566 0.703
415.275 0.709
415.96 0.685
416.652 0.692
417.375 0.723
418.099 0.724
418.827 0.728
419.539 0.712
420.231 0.692
420.933 0.702
421.644 0.711
422.364 0.72
423.097 0.733
423.819 0.722
424.522 0.703
425.246 0.724
425.976 0.73
426.704 0.728
427.426 0.722
428.117 0.691
428.801 0.684
429.485 0.684
430.181 0.696
430.895 0.714
431.642 0.747
432.411 0.769
433.185 0.774
433.929 0.744
434.666 0.737
435.425 0.759
436.183 0.758
436.938 0.755
437.688 0.75
438.404 0.716
439.132 0.728
439.869 0.737
440.607 0.738
441.356 0.749
442.07 0.714
442.789 0.719
443.525 0.736
444.254 0.729
444.987 0.733
445.694 0.707
446.405 0.711
447.139 0.734
447.886 0.747
448.638 0.752
449.371 0.733
450.093 0.722
450.84 0.747
451.592 0.752
452.343 0.751
453.055 0.712
453.79 0.735
454.535 0.745
455.283 0.748
456.043 0.76
456.78 0.737
457.501 0.721
458.241 0.74
458.994 0.753
459.747 0.753
460.472 0.725
461.191 0.719
461.932 0.741
462.679 0.747
463.413 0.734
464.122 0.709
464.837 0.715
465.564 0.727
466.293 0.729
467.032 0.739
467.775 0.743
468.494 0.719
469.212 0.718
469.941 0.729
470.676 0.735
471.419 0.743
472.134 0.715
472.852 0.718
473.59 0.738
474.333 0.743
475.084 0.751
475.807 0.723
476.523 0.716
477.255 0.732
478.001 0.746
478.753 0.752
479.519 0.766
480.262 0.743
481.003 0.741
481.773 0.77
482.55 0.777
483.328 0.778
484.103 0.775
484.844 0.741
485.571 0.727
486.301 0.73
487.037 0.736
487.785 0.748
488.528 0.743
489.257 0.729
489.998 0.741
490.761 0.763
491.529 0.768
492.276 0.747
493.009 0.733
493.744 0.735
494.496 0.752
495.254 0.758
496.012 0.758
496.744 0.732
497.466 0.722
498.208 0.742
498.954 0.746
499.712 0.758
500.467 0.755
501.195 0.728
501.933 0.738
502.684 0.751
503.442 0.758
504.2 0.758
504.928 0.728
505.652 0.724
506.385 0.733
507.122 0.737
507.864 0.742
508.591 0.727
509.305 0.714
510.035 0.73
510.778 0.743
511.526 0.748
512.278 0.752
513.014 0.736
513.733 0.719
514.471 0.738
515.221 0.75
515.976 0.755
516.719 0.743
517.441 0.722
518.177 0.736
518.929 0.752
519.682 0.753
520.439 0.757
521.181 0.742
521.905 0.724
522.648 0.743
523.397 0.749
524.155 0.758
524.922 0.767
525.649 0.727
526.376 0.727
527.109 0.733
527.849 0.74
528.587 0.738
529.332 0.745
530.075 0.743
530.799 0.724
531.544 0.745
532.287 0.743
533.031 0.744
533.778 0.747
534.499 0.721
535.222 0.723
535.958 0.736
536.697 0.739
537.444 0.747
538.18 0.736
538.911 0.731
539.663 0.752
540.408 0.745
541.14 0.732
541.85 0.71
542.554 0.704
543.258 0.704
543.947 0.689
544.655 0.708
545.361 0.706
551.276 5.915
551.991 0.715
552.717 0.726
553.453 0.736
554.159 0.706
554.903 0.744
555.651 0.748
556.363 0.712
557.068 0.705
557.791 0.723
558.517 0.726
559.244 0.727
559.963 0.719
560.661 0.698
561.367 0.706
562.084 0.717
562.811 0.727
563.549 0.738
564.269 0.72
564.977 0.708
565.698 0.721
566.436 0.738
567.183 0.747
567.932 0.749
568.655 0.723
569.367 0.712
570.089 0.722
570.818 0.729
571.542 0.724
572.28 0.738
572.998 0.718
573.717 0.719
574.454 0.737
575.202 0.748
575.956 0.754
576.688 0.732
577.403 0.715
578.139 0.736
578.888 0.749
579.632 0.744
580.381 0.749
581.101 0.72
581.817 0.716
582.559 0.742
583.311 0.752
584.069 0.758
584.829 0.76
585.561 0.732
586.287 0.726
587.021 0.734
587.762 0.741
588.496 0.734
589.221 0.725
589.93 0.709
590.655 0.725
591.385 0.73
592.116 0.731
592.849 0.733
593.562 0.713
594.271 0.709
594.999 0.728
595.728 0.729
596.465 0.737
597.185 0.72
597.894 0.709
598.603 0.709
599.305 0.702
600.013 0.708
600.703 0.69
601.383 0.68
602.069 0.686
602.747 0.678
603.427 0.68
604.123 0.696
604.816 0.693
605.514 0.698
606.218 0.704
606.91 0.692
607.606 0.696
608.304 0.698
609.015 0.711
609.739 0.724
610.446 0.707
611.174 0.728
611.91 0.736
612.655 0.745
613.392 0.737
614.106 0.714
614.844 0.738
615.585 0.741
616.325 0.74
617.045 0.72
617.757 0.712
618.491 0.734
619.231 0.74
619.975 0.744
620.702 0.727
621.432 0.73
622.177 0.745
622.923 0.746
623.676 0.753
624.417 0.741
625.153 0.736
625.905 0.752
626.663 0.758
627.421 0.758
628.17 0.749
628.899 0.729
629.645 0.746
630.4 0.755
631.163 0.763
631.938 0.775
632.687 0.749
633.437 0.75
634.207 0.77
634.98 0.773
635.751 0.771
636.511 0.76
637.247 0.736
637.995 0.748
638.749 0.754
639.506 0.757
640.254 0.748
640.988 0.734
641.733 0.745
642.495 0.762
643.261 0.766
644.025 0.764
644.759 0.734
645.483 0.724
646.211 0.728
646.95 0.739
647.684 0.734
648.422 0.738
649.147 0.725
649.875 0.728
650.61 0.735
651.344 0.734
652.077 0.733
652.785 0.708
653.499 0.714
654.234 0.735
654.97 0.736
655.716 0.746
656.46 0.744
657.178 0.718
657.913 0.735
658.647 0.734
659.375 0.728
660.095 0.72
660.792 0.697
661.477 0.685
662.211 0.734
662.907 0.696
663.608 0.701
664.317 0.709
665.035 0.718
665.749 0.714
666.48 0.731
667.214 0.734
667.958 0.744
668.709 0.751
669.449 0.74
670.182 0.733
670.922 0.74
671.665 0.743
672.415 0.75
673.171 0.756
673.928 0.757
674.666 0.738
675.415 0.749
676.167 0.752
676.924 0.757
677.689 0.765
678.458 0.769
679.232 0.774
679.99 0.758
680.729 0.739
681.457 0.728
682.194 0.737
682.945 0.751
683.713 0.768
684.483 0.77
685.239 0.756
686.005 0.766
686.772 0.767
687.535 0.763
688.28 0.745
689.031 0.751
689.779 0.748
690.478 0.699
691.175 0.697
691.889 0.714
692.596 0.707
693.306 0.71
694.014 0.708
694.722 0.708
695.426 0.704
696.122 0.696
696.813 0.691
697.488 0.675
698.167 0.679
698.853 0.686
699.538 0.685
700.236 0.698
700.939 0.703
701.637 0.698
702.341 0.704
703.06 0.719
703.788 0.728
704.519 0.731
705.233 0.714
705.958 0.725
706.705 0.747
707.454 0.749
708.206 0.752
708.927 0.721
709.642 0.715
710.369 0.727
711.106 0.737
711.861 0.755
712.601 0.74
713.332 0.731
714.083 0.751
714.836 0.753
715.597 0.761
716.335 0.738
717.078 0.743
717.837 0.759
718.595 0.758
719.348 0.753
720.083 0.735
720.833 0.75
721.586 0.753
722.341 0.755
723.064 0.723
723.784 0.72
724.519 0.735
725.261 0.742
726.008 0.747
726.756 0.748
727.494 0.738
728.248 0.754
729.0 0.752
729.746 0.746
730.468 0.722
731.208 0.74
731.955 0.747
732.716 0.761
733.462 0.746
734.199 0.737
734.955 0.756
735.714 0.759
736.476 0.762
737.236 0.76
737.973 0.737
738.716 0.743
739.478 0.762
740.244 0.766
741.018 0.774
741.767 0.749
742.518 0.751
743.283 0.765
744.051 0.768
744.819 0.768
745.564 0.745
746.307 0.743
747.067 0.76
747.839 0.772
748.607 0.768
749.372 0.765
750.107 0.735
750.844 0.737
751.594 0.75
752.343 0.749
753.096 0.753
753.824 0.728
754.559 0.735
755.25 0.691
755.931 0.681
756.604 0.673
757.281 0.677
757.959 0.678
758.654 0.695
759.366 0.712
760.1 0.734
760.81 0.71
761.526 0.716
762.247 0.721
762.968 0.721
763.66 0.692
764.356 0.696
765.04 0.684
765.719 0.679
766.386 0.667
767.039 0.653
767.702 0.663
768.368 0.666
769.041 0.673
769.734 0.693
770.439 0.705
771.129 0.69
771.837 0.708
772.546 0.709
773.255 0.709
773.971 0.716
774.66 0.689
775.35 0.69
776.047 0.697
776.747 0.7
777.449 0.702
778.15 0.701
778.835 0.685
779.538 0.703
780.241 0.703
780.956 0.715
781.683 0.727
782.392 0.709
783.094 0.702
783.815 0.721
784.529 0.714
785.242 0.713
785.933 0.691
786.626 0.693
787.333 0.707
788.044 0.711
788.763 0.719
789.464 0.701
790.167 0.703
790.887 0.72
791.62 0.733
792.355 0.735
793.081 0.726
793.798 0.717
794.54 0.742
795.271 0.731
796.002 0.731
796.705 0.703
797.39 0.685
798.072 0.682
798.759 0.687
799.45 0.691
800.153 0.703
800.877 0.724
801.598 0.721
802.292 0.694
803.007 0.715
803.729 0.722
804.457 0.728
805.193 0.736
805.902 0.709
806.608 0.706
807.326 0.718
808.048 0.722
808.769 0.721
809.479 0.71
810.177 0.698
810.881 0.704
811.582 0.701
812.283 0.701
812.988 0.705
813.693 0.705
814.409 0.716
815.136 0.727
815.857 0.721
816.56 0.703
817.275 0.715
817.994 0.719
818.728 0.734
819.455 0.727
820.153 0.698
820.849 0.696
821.558 0.709
822.271 0.713
822.992 0.721
823.708 0.716
824.419 0.711
825.147 0.728
825.884 0.737
826.61 0.726
827.345 0.735
828.057 0.712
828.775 0.718
829.509 0.734
830.243 0.734
830.984 0.741
831.702 0.718
832.424 0.722
833.165 0.741
833.907 0.742
834.656 0.749
835.379 0.723
836.096 0.717
836.838 0.742
837.58 0.742
838.322 0.742
839.064 0.742
839.775 0.711
840.503 0.728
841.232 0.729
841.965 0.733
842.7 0.735
843.415 0.715
844.152 0.737
844.89 0.738
845.634 0.744
846.374 0.74
847.102 0.728
847.862 0.76
848.628 0.766
849.391 0.763
850.133 0.742
850.876 0.743
851.634 0.758
852.391 0.757
853.142 0.751
853.875 0.733
854.59 0.715
855.317 0.727
856.043 0.726
856.773 0.73
857.5 0.727
858.204 0.704
858.923 0.719
859.651 0.728
860.379 0.728
861.115 0.736
861.825 0.71
862.544 0.719
863.274 0.73
863.996 0.722
864.726 0.73
865.433 0.707
866.151 0.718
866.875 0.724
867.598 0.723
868.324 0.726
869.029 0.705
869.747 0.718
870.472 0.725
871.197 0.725
871.923 0.726
872.627 0.704
873.331 0.704
874.045 0.714
874.763 0.718
875.489 0.726
876.222 0.733
876.94 0.718
877.636 0.696
878.35 0.714
879.065 0.715
879.778 0.713
880.493 0.715
881.187 0.694
881.893 0.706
882.599 0.706
883.308 0.709
884.019 0.711
884.713 0.694
885.418 0.705
886.136 0.718
886.851 0.715
887.573 0.722
888.273 0.7
888.99 0.717
889.711 0.721
890.426 0.715
891.136 0.71
891.824 0.688
892.529 0.705
893.231 0.702
893.939 0.708
894.647 0.708
895.341 0.694
896.022 0.681
896.701 0.679
897.391 0.69
898.084 0.693
898.784 0.7
899.475 0.691
900.149 0.674
900.81 0.661
901.469 0.659
902.118 0.649
902.776 0.658
903.435 0.659
904.099 0.664
904.78 0.681
905.445 0.665
906.116 0.671
906.793 0.677
907.469 0.676
914.985 7.516
915.654 0.669
916.327 0.673
917.014 0.687
917.71 0.696
918.417 0.707
919.135 0.718
919.863 0.728
920.593 0.73
921.333 0.74
922.041 0.708
922.753 0.712
923.474 0.721
924.19 0.716
924.912 0.722
925.612 0.7
926.313 0.701
927.021 0.708
934.257 7.236
934.985 0.728
935.707 0.722
936.429 0.722
937.136 0.707
937.859 0.723
938.58 0.721
939.307 0.727
940.025 0.718
940.756 0.731
941.499 0.743
942.239 0.74
942.959 0.72
943.668 0.709
944.392 0.724
945.12 0.728
945.857 0.737
946.608 0.751
947.33 0.722
948.053 0.723
948.788 0.735
949.517 0.729
950.244 0.727
950.958 0.714
951.672 0.714
952.4 0.728
953.139 0.739
953.884 0.745
954.611 0.727
955.33 0.719
956.069 0.739
956.81 0.741
957.547 0.737
958.262 0.715
958.971 0.709
959.688 0.717
960.406 0.718
961.123 0.717
961.84 0.717
962.533 0.693
963.233 0.7
963.936 0.703
964.653 0.717
965.347 0.694
966.061 0.714
966.791 0.73
967.535 0.744
968.254 0.719
968.987 0.733
969.723 0.736
970.462 0.739
971.199 0.737
971.909 0.71
972.628 0.719
973.345 0.717
974.064 0.719
974.791 0.727
975.494 0.703
976.202 0.708
976.918 0.716
977.644 0.726
978.37 0.726
979.089 0.719
979.787 0.698
980.482 0.695
981.183 0.701
981.892 0.709
982.598 0.706
983.308 0.71
984.008 0.7
984.721 0.713
985.443 0.722
986.173 0.73
986.914 0.741
987.624 0.71
988.344 0.72
989.08 0.736
989.82 0.74
990.546 0.726
991.256 0.71
991.987 0.731
992.72 0.733
993.444 0.724
994.173 0.729
994.862 0.689
995.551 0.689
996.259 0.708
996.963 0.704
997.664 0.701
998.353 0.689
999.05 0.697
999.743 0.693
1000.43 0.687
1001.096 0.666
1001.783 0.687
1002.473 0.69
1003.168 0.695
1003.864 0.696
1004.553 0.689
1005.236 0.683
1005.921 0.685
1006.597 0.676
1007.285 0.688
1007.98 0.695
1008.686 0.706
1009.396 0.71
1010.087 0.691
1010.779 0.692
1011.48 0.701
1012.189 0.709
1012.918 0.729
1013.652 0.734
1014.364 0.712
1015.045 0.681
1015.744 0.699
1016.434 0.69
1017.11 0.676
1017.777 0.667
1018.445 0.668
1019.118 0.673
1019.808 0.69
1020.493 0.685
1021.174 0.681
1021.855 0.681
1022.528 0.673
1023.192 0.664
1023.861 0.669
1024.525 0.664
1025.187 0.662
1025.851 0.664
1026.507 0.656
1027.166 0.659
1027.831 0.665
1028.506 0.675
1029.197 0.691
1029.892 0.695
1030.572 0.68
1031.252 0.68
1031.945 0.693
1032.648 0.703
1033.352 0.704
1034.04 0.688
1034.721 0.681
1035.423 0.702
1036.127 0.704
1036.833 0.706
1037.526 0.693
1038.198 0.672
1038.879 0.681
1039.565 0.686
1040.249 0.684
1040.92 0.671
1041.569 0.649
1042.228 0.659
1042.896 0.668
1043.578 0.682
1044.274 0.696
1044.989 0.715
1045.671 0.682
1046.362 0.691
1047.069 0.707
1047.787 0.718
1048.515 0.728
1049.245 0.73
1049.964 0.719
1050.668 0.704
1051.379 0.711
1052.105 0.726
1052.838 0.733
1058.983 0.743
1059.7 0.717
1060.42 0.72
1061.136 0.716
1061.863 0.727
1062.6 0.737
1063.342 0.742
1064.089 0.747
1064.81 0.721
1065.524 0.714
1066.248 0.724
1066.976 0.728
1067.712 0.736
1068.457 0.745
1069.185 0.728
1069.905 0.72
1070.633 0.728
1071.365 0.732
1072.098 0.733
1072.838 0.74
1073.584 0.746
1074.31 0.726
1075.027 0.717
1075.758 0.731
1076.498 0.74
1077.243 0.745
1077.995 0.752
1078.732 0.737
1079.455 0.723
1080.179 0.724
1080.91 0.731
1081.645 0.735
1082.388 0.743
1083.123 0.735
1083.846 0.723
1084.568 0.722
1085.3 0.732
1086.033 0.733
1086.775 0.742
1087.513 0.738
1088.232 0.719
1088.949 0.717
1089.678 0.729
1090.417 0.739
1091.167 0.75
1091.927 0.76
1092.671 0.744
1093.407 0.736
1094.159 0.752
1094.919 0.76
1095.678 0.759
1096.436 0.758
1097.176 0.74
1097.905 0.729
1098.633 0.728
1099.368 0.735
1100.1 0.732
1100.834 0.734
1101.555 0.721
1102.266 0.711
1102.98 0.714
1103.7 0.72
1104.427 0.727
1105.161 0.734
1105.881 0.72
1106.604 0.723
1107.342 0.738
1108.095 0.753
1108.852 0.757
1109.61 0.758
1110.336 0.726
1111.053 0.717
1111.775 0.722
1112.493 0.718
1113.217 0.724
1113.948 0.731
1114.664 0.716
1115.356 0.692
1116.034 0.678
1116.719 0.685
1117.413 0.694
1118.12 0.707
1118.84 0.72
1119.541 0.701
1120.247 0.706
1120.948 0.701
1121.652 0.704
1122.362 0.71
1123.073 0.711
1123.776 0.703
1124.483 0.707
1125.202 0.719
1125.91 0.708
1126.602 0.692
1127.285 0.683
1127.973 0.688
1128.673 0.7
1129.39 0.717
1130.116 0.726
1130.83 0.714
1131.531 0.701
1132.228 0.697
1132.933 0.705
1133.641 0.708
1134.36 0.719
1135.084 0.724
1135.79 0.706
1136.489 0.699
1137.19 0.701
1137.896 0.706
1138.607 0.711
1139.33 0.723
1140.056 0.726
1140.761 0.705
1141.464 0.703
1142.168 0.704
1142.885 0.717
1143.612 0.727
1144.344 0.732
1145.06 0.716
1145.773 0.713
1146.482 0.709
1147.204 0.722
1147.93 0.726
1148.665 0.735
1149.402 0.737
1150.114 0.712
1150.821 0.707
1151.531 0.71
1152.251 0.72
1152.972 0.721
1153.704 0.732
1154.425 0.721
1155.138 0.713
1155.852 0.714
1156.573 0.721
1157.293 0.72
1158.02 0.727
1158.748 0.728
1159.461 0.713
1160.167 0.706
1160.869 0.702
1161.576 0.707
1162.296 0.72
1163.024 0.728
1163.764 0.74
1164.487 0.723
1165.206 0.719
1165.941 0.735
1166.678 0.737
1167.397 0.719
1168.114 0.717
1168.835 0.721
1169.545 0.71
1170.235 0.69
1170.913 0.678
1171.588 0.675
1172.276 0.688
1172.965 0.689
1173.639 0.674
1174.314 0.675
1175.0 0.686
1175.691 0.691
1176.387 0.696
1177.074 0.687
1177.764 0.69
1178.454 0.69
1179.134 0.68
1179.816 0.682
1180.483 0.667
1181.147 0.664
1181.807 0.66
1182.478 0.671
1183.162 0.684
1183.829 0.667
1184.511 0.682
1185.208 0.697
1185.916 0.708
1186.611 0.695
1187.298 0.687
1187.993 0.695
1188.69 0.697
1189.37 0.68
1190.058 0.688
1190.746 0.688
1191.423 0.677
1192.076 0.653
1192.723 0.647
1193.35 0.627
1193.98 0.63
1194.616 0.636
1195.276 0.66
1195.964 0.688
1196.682 0.718
1197.426 0.744
1198.184 0.758
1198.952 0.768
1199.68 0.728
1200.388 0.708
1201.107 0.719
1201.835 0.728
1202.573 0.738
1203.315 0.742
1204.059 0.744
1204.779 0.72
1205.495 0.716
1206.217 0.722
1206.952 0.735
1207.691 0.739
1208.438 0.747
1209.19 0.752
1209.926 0.736
1210.653 0.727
1211.378 0.725
1212.114 0.736
1212.858 0.744
1213.614 0.756
1214.356 0.742
1215.058 0.702
1215.752 0.694
1216.454 0.702
1217.144 0.69
1217.832 0.688
1218.54 0.708
1219.263 0.723
1220.007 0.744
1220.742 0.735
1221.464 0.722
1222.194 0.73
1222.941 0.747
1223.688 0.747
1224.435 0.747
1225.185 0.75
1225.91 0.725
1226.624 0.714
1227.34 0.716
1228.065 0.725
1228.796 0.731
1229.54 0.744
1230.286 0.746
1231.028 0.742
1231.754 0.726
1232.481 0.727
1233.222 0.741
1233.97 0.748
1234.723 0.753
1235.468 0.745
1236.191 0.723
1236.913 0.722
1237.653 0.74
1238.397 0.744
1239.146 0.749
1239.895 0.749
1240.633 0.738
1241.356 0.723
1242.084 0.728
1242.829 0.745
1243.577 0.748
1244.333 0.756
1245.094 0.761
1245.835 0.741
1246.567 0.732
1247.313 0.746
1248.071 0.758
1248.835 0.764
1249.605 0.77
1250.369 0.764
1251.12 0.751
1251.87 0.75
1252.633 0.763
1253.399 0.766
1254.169 0.77
1254.94 0.771
1255.705 0.765
1256.445 0.74
1257.178 0.733
1257.918 0.74
1258.663 0.745
1259.411 0.748
1260.165 0.754
1260.925 0.76
1261.678 0.753
1262.414 0.736
1263.139 0.725
1263.877 0.738
1264.612 0.735
1265.346 0.734
1266.086 0.74
1266.828 0.742
1267.551 0.723
1268.268 0.717
1268.983 0.715
1269.705 0.722
1270.431 0.726
1271.168 0.737
1271.914 0.746
1272.665 0.751
1273.391 0.726
1274.109 0.718
1274.825 0.716
1275.549 0.724
1276.287 0.738
1277.034 0.747
1277.789 0.755
1278.535 0.746
1279.26 0.725
1279.982 0.722
1280.707 0.725
1281.434 0.727
1282.167 0.733
1282.908 0.741
1283.634 0.726
1284.352 0.718
1285.079 0.727
1285.818 0.739
1286.565 0.747
1287.315 0.75
1288.061 0.746
1288.78 0.719
1289.493 0.713
1290.21 0.717
1290.927 0.717
1291.651 0.724
1292.374 0.723
1293.097 0.723
1293.801 0.704
1294.493 0.692
1295.185 0.692
1295.883 0.698
1296.583 0.7
1297.293 0.71
1298.007 0.714
1298.724 0.717
1299.431 0.707
1300.132 0.701
1300.84 0.708
1301.553 0.713
1302.275 0.722
1303.002 0.727
1303.708 0.706
1304.387 0.679
1305.067 0.68
1305.752 0.685
1306.433 0.681
1307.105 0.672
1307.765 0.66
1308.427 0.662
1309.093 0.666
1309.766 0.673
1310.458 0.692
1311.168 0.71
1311.885 0.717
1312.609 0.724
1313.32 0.711
1314.018 0.698
1314.716 0.698
1315.416 0.7
1316.12 0.704
1316.833 0.713
1317.553 0.72
1318.268 0.715
1318.971 0.703
1319.674 0.703
1320.384 0.71
1321.104 0.72
1321.839 0.735
1322.59 0.751
1323.322 0.732
1324.051 0.729
1324.796 0.745
1325.551 0.755
1326.311 0.76
1327.071 0.76
1327.828 0.757
1328.557 0.729
1329.281 0.724
1330.018 0.737
1330.755 0.737
1331.495 0.74
1332.24 0.745
1332.988 0.748
1333.708 0.72
1334.417 0.709
1335.133 0.716
1335.852 0.719
1336.582 0.73
1337.318 0.736
1338.052 0.734
1338.774 0.722
1339.481 0.707
1340.189 0.708
1340.9 0.711
1341.619 0.719
1342.348 0.729
1343.086 0.738
1343.834 0.748
1344.572 0.738
1345.294 0.722
1346.013 0.719
1346.741 0.728
1347.473 0.732
1348.216 0.743
1348.965 0.749
1349.72 0.755
1350.463 0.743
1351.196 0.733
1351.925 0.729
1352.667 0.742
1353.411 0.744
1354.154 0.743
1354.874 0.72
1355.585 0.711
1356.289 0.704
1356.989 0.7
1357.702 0.713
1358.43 0.728
1359.181 0.751
1359.938 0.757
1360.704 0.766
1361.468 0.764
1362.228 0.76
1362.987 0.759
1363.723 0.736
1364.448 0.725
1365.175 0.727
1365.905 0.73
1366.639 0.734
1367.375 0.736
1368.113 0.738
1368.849 0.736
1369.57 0.721
1370.281 0.711
1370.99 0.709
1371.71 0.72
1372.441 0.731
1373.184 0.743
1373.939 0.755
1374.698 0.759
1375.448 0.75
1376.179 0.731
1376.915 0.736
1377.666 0.751
1378.418 0.752
1379.178 0.76
1379.939 0.761
1380.687 0.748
1381.421 0.734
1382.154 0.733
1382.894 0.74
1383.638 0.744
1384.383 0.745
1385.127 0.744
1385.871 0.744
1386.594 0.723
1387.314 0.72
1388.045 0.731
1388.78 0.735
1389.513 0.733
1390.251 0.738
1390.982 0.731
1391.695 0.713
1392.402 0.707
1393.112 0.71
1393.826 0.714
1394.543 0.717
1395.26 0.717
1395.977 0.717
1396.692 0.715
1397.392 0.7
1398.091 0.699
1398.794 0.703
1399.506 0.712
1400.228 0.722
1400.959 0.731
1401.698 0.739
1402.421 0.723
1403.137 0.716
1403.86 0.723
1404.589 0.729
1405.323 0.734
1406.037 0.714
1406.736 0.699
1407.418 0.682
1408.112 0.694
1408.802 0.69
1409.503 0.701
1410.221 0.718
1410.952 0.731
1411.697 0.745
1412.454 0.757
1413.19 0.736
1413.912 0.722
1414.653 0.741
1415.401 0.748
1416.149 0.748
1416.892 0.743
1417.634 0.742
1418.36 0.726
1419.073 0.713
1419.799 0.726
1420.498 0.699
1421.185 0.687
1421.889 0.704
1422.603 0.714
1423.331 0.728
1424.088 0.757
1424.857 0.769
1425.636 0.779
1426.402 0.766
1427.132 0.73
1427.861 0.729
1428.605 0.744
1429.351 0.746
1430.093 0.742
1430.838 0.745
1431.578 0.74
1432.309 0.731
1433.051 0.742
1433.801 0.75
1434.55 0.749
1435.299 0.749
1436.051 0.752
1436.788 0.737
1437.506 0.718
1438.221 0.715
1438.939 0.718
1439.668 0.729
1440.414 0.746
1441.172 0.758
1441.943 0.771
1442.705 0.762
1443.449 0.744
1444.187 0.738
1444.93 0.743
1445.669 0.739
1446.406 0.737
1447.144 0.738
1447.879 0.735
1448.598 0.719
1449.319 0.721
1450.053 0.734
1450.794 0.741
1451.537 0.743
1452.279 0.742
1453.009 0.73
1453.729 0.72
1454.457 0.728
1455.189 0.732
1455.924 0.735
1456.663 0.739
1457.396 0.733
1458.123 0.727
1458.854 0.731
1459.597 0.743
1460.342 0.745
1461.093 0.751
1461.841 0.748
1462.564 0.723
1463.277 0.713
1464.001 0.724
1464.727 0.726
1465.458 0.731
1466.194 0.736
1466.916 0.722
1467.62 0.704
1468.315 0.695
1469.009 0.694
1469.698 0.689
1470.387 0.689
1471.081 0.694
1471.763 0.682
1472.44 0.677
1473.12 0.68
1473.806 0.686
1474.495 0.689
1475.189 0.694
1475.881 0.692
1476.557 0.676
1477.223 0.666
1477.892 0.669
1478.564 0.672
1479.235 0.671
1479.902 0.667
1480.571 0.669
1481.229 0.658
1481.886 0.657
1482.547 0.661
1483.213 0.666
1483.88 0.667
1484.553 0.673
1485.233 0.68
1485.902 0.669
1486.569 0.667
1487.243 0.674
1487.927 0.684
1488.622 0.695
1489.332 0.71
1490.055 0.723
1490.761 0.706
1491.458 0.697
1492.168 0.71
1492.894 0.726
1493.621 0.727
1494.354 0.733
1495.085 0.731
1495.801 0.716
1496.511 0.71
1497.22 0.709
1497.947 0.727
1498.676 0.729
1499.397 0.721
1500.099 0.702
1500.804 0.705
1501.524 0.72
1502.266 0.742
1503.012 0.746
1503.768 0.756
1504.53 0.762
1505.279 0.749
1506.037 0.758
1506.809 0.772
1507.573 0.764
1508.314 0.741
1509.014 0.7
1509.718 0.704
1510.396 0.678
1511.094 0.698
1511.784 0.69
1512.48 0.696
1513.15 0.67
1513.839 0.689
1514.519 0.68
1515.207 0.688
1515.906 0.699
1516.615 0.709
1517.324 0.709
1517.988 0.664
1518.677 0.689
1519.363 0.686
1520.046 0.683
1520.724 0.678
1521.404 0.68
1522.074 0.67
1522.744 0.67