0.000 0.804
0.804 0.804
1.718 0.914
2.568 0.85
3.491 0.923
4.796 1.305
5.785 0.989
6.687 0.902
7.502 0.815
8.282 0.78
9.221 0.939
10.17 0.949
11.087 0.917
12.409 1.322
13.476 1.067
14.32 0.844
15.26 0.94
16.276 1.016
17.104 0.828
18.027 0.923
19.367 1.34
20.522 1.155
21.365 0.843
22.185 0.82
28.999 6.814
30.336 1.337
31.471 1.135
32.477 1.006
33.809 1.332
35.007 1.198
36.38 1.373
37.591 1.211
38.543 0.952
39.787 1.244
41.181 1.394
42.494 1.313
43.547 1.053
44.912 1.365
46.225 1.313
47.28 1.055
48.243 0.963
49.628 1.385
50.989 1.361
52.273 1.284
53.203 0.93
54.021 0.818
54.897 0.876
56.257 1.36
57.652 1.395
58.953 1.301
59.928 0.975
60.966 1.038
62.382 1.416
63.632 1.25
64.631 0.999
65.984 1.353
67.134 1.15
68.005 0.871
69.445 1.44
70.736 1.291
71.709 0.973
72.754 1.045
74.15 1.396
75.495 1.345
76.535 1.04
77.419 0.884
78.834 1.415
80.036 1.202
80.943 0.907
82.345 1.402
83.592 1.247
84.507 0.915
85.503 0.996
86.711 1.208
87.603 0.892
88.443 0.84
89.854 1.411
91.172 1.318
92.221 1.049
93.144 0.923
94.584 1.44
95.927 1.343
97.149 1.222
98.112 0.963
99.152 1.04
100.535 1.383
101.613 1.078
102.452 0.839
103.36 0.908
104.732 1.372
106.05 1.318
107.252 1.202
108.273 1.021
109.614 1.341
110.892 1.278
111.891 0.999
112.872 0.981
114.121 1.249
115.286 1.165
116.231 0.945
117.573 1.342
118.552 0.979
119.385 0.833
120.731 1.346
121.721 0.99
122.698 0.977
124.073 1.375
125.308 1.235
126.385 1.077
127.678 1.293
128.894 1.216
130.217 1.323
131.456 1.239
132.74 1.284
133.95 1.21
134.887 0.937
135.907 1.02
137.308 1.401
138.532 1.224
139.541 1.009
140.512 0.971
141.565 1.053
142.958 1.393
144.195 1.237
145.198 1.003
146.342 1.144
147.48 1.138
148.513 1.033
149.925 1.412
151.205 1.28
152.443 1.238
153.809 1.366
154.933 1.124
155.891 0.958
157.164 1.273
158.376 1.212
159.487 1.111
160.843 1.356
162.073 1.23
162.984 0.911
163.887 0.903
164.826 0.939
165.741 0.915
166.817 1.076
168.156 1.339
169.345 1.189
170.575 1.23
171.637 1.062
172.513 0.876
173.436 0.923
174.816 1.38
176.022 1.206
177.006 0.984
178.363 1.357
179.69 1.327
180.724 1.034
181.677 0.953
182.867 1.19
183.851 0.984
185.292 1.441
186.599 1.307
187.577 0.978
188.452 0.875
189.371 0.919
190.288 0.917
191.261 0.973
192.137 0.876
193.545 1.408
194.81 1.265
195.755 0.945
196.789 1.034
197.999 1.21
198.967 0.968
199.829 0.862
200.853 1.024
202.23 1.377
203.368 1.138
204.381 1.013
205.581 1.2
206.52 0.939
207.529 1.009
208.885 1.356
210.102 1.217
211.196 1.094
212.49 1.294
213.565 1.075
214.579 1.014
215.923 1.344
217.094 1.171
218.029 0.935
219.316 1.287
220.56 1.244
221.652 1.092
223.017 1.365
224.186 1.169
225.118 0.932
226.203 1.085
227.497 1.294
228.489 0.992
229.774 1.285
231.039 1.265
232.087 1.048
233.452 1.365
234.661 1.209
235.591 0.93
236.505 0.914
237.586 1.081
238.815 1.229
239.819 1.004
240.936 1.117
242.075 1.139
243.043 0.968
243.937 0.894
244.917 0.98
246.178 1.261
247.116 0.938
248.025 0.909
249.24 1.215
250.358 1.118
251.535 1.177
252.542 1.007
253.362 0.82
254.181 0.819
255.117 0.936
256.039 0.922
256.924 0.885
257.724 0.8
258.657 0.933
259.978 1.321
261.014 1.036
261.919 0.905
262.901 0.982
263.848 0.947
264.701 0.853
265.61 0.909
266.93 1.32
268.143 1.213
269.055 0.912
269.99 0.935
271.094 1.104
272.142 1.048
273.01 0.868
274.002 0.992
275.378 1.376
276.525 1.147
277.502 0.977
278.597 1.095
279.53 0.933
280.376 0.846
281.284 0.908
282.292 1.008
283.142 0.85
284.593 1.451
285.751 1.158
286.63 0.879
287.523 0.893
288.579 1.056
289.809 1.23
290.764 0.955
291.72 0.956
293.086 1.366
294.276 1.19
295.351 1.075
296.695 1.344
297.945 1.25
298.878 0.933
299.823 0.945
301.269 1.446
302.513 1.244
303.646 1.133
305.014 1.368
306.081 1.067
307.133 1.052
308.55 1.417
309.789 1.239
310.985 1.196
312.327 1.342
313.416 1.089
314.753 1.337
315.885 1.132
316.858 0.973
317.89 1.032
319.003 1.113
320.326 1.323
321.67 1.344
322.844 1.174
323.827 0.983
324.652 0.825
325.497 0.845
326.459 0.962
327.444 0.985
328.417 0.973
329.522 1.105
330.677 1.155
331.625 0.948
332.446 0.821
333.306 0.86
334.167 0.861
334.967 0.8
335.901 0.934
336.869 0.968
337.727 0.858
338.667 0.94
339.613 0.946
340.528 0.915
341.413 0.885
342.232 0.819
343.095 0.863
343.976 0.881
344.839 0.863
345.799 0.96
346.763 0.964
347.657 0.894
348.635 0.978
349.69 1.055
350.584 0.894
351.542 0.958
352.433 0.891
353.296 0.863
354.26 0.964
355.218 0.958
356.073 0.855
356.954 0.881
357.888 0.934
358.928 1.04
359.908 0.98
361.236 1.328
362.35 1.114
363.3 0.95
364.309 1.009
365.274 0.965
366.195 0.921
367.17 0.975
368.097 0.927
368.889 0.792
369.634 0.745
370.382 0.748
371.252 0.87
372.638 1.386
373.894 1.256
374.827 0.933
375.744 0.917
376.718 0.974
377.646 0.928
378.572 0.926
379.599 1.027
380.664 1.065
381.642 0.978
382.602 0.96
383.476 0.874
384.319 0.843
385.381 1.062
386.307 0.926
387.437 1.13
388.751 1.314
389.876 1.125
391.071 1.195
392.302 1.231
393.279 0.977
394.551 1.272
395.656 1.105
397.125 1.469
398.487 1.362
399.499 1.012
400.939 1.44
402.142 1.203
403.157 1.015
404.621 1.464
405.93 1.309
407.247 1.317
408.438 1.191
409.39 0.952
410.452 1.062
411.741 1.289
412.816 1.075
413.997 1.181
415.115 1.118
416.129 1.014
417.464 1.335
418.732 1.268
419.714 0.982
420.682 0.968
421.703 1.021
422.621 0.918
423.578 0.957
424.93 1.352
426.165 1.235
427.165 1.0
428.115 0.95
429.303 1.188
430.447 1.144
431.496 1.049
432.91 1.414
434.168 1.258
435.364 1.196
436.659 1.295
437.709 1.05
438.642 0.933
440.016 1.374
441.235 1.219
442.336 1.101
443.487 1.151
444.39 0.903
445.415 1.025
446.486 1.071
447.944 1.458
449.286 1.342
450.407 1.121
451.63 1.223
452.635 1.005
453.565 0.93
454.602 1.037
455.771 1.169
457.026 1.255
458.36 1.334
459.421 1.061
460.457 1.036
461.793 1.336
462.902 1.109
463.831 0.929
464.784 0.953
465.941 1.157
466.892 0.951
468.018 1.126
469.098 1.08
470.03 0.932
471.128 1.098
472.34 1.212
473.313 0.973
474.312 0.999
475.298 0.986
476.224 0.926
477.301 1.077
478.459 1.158
479.378 0.919
480.254 0.876
481.328 1.074
482.357 1.029
483.43 1.073
484.623 1.193
485.505 0.882
486.386 0.881
487.355 0.969
488.326 0.971
489.207 0.881
490.046 0.839
490.885 0.839
492.259 1.374
493.349 1.09
494.279 0.93
495.167 0.888
495.996 0.829
496.934 0.938
498.015 1.081
498.941 0.926
499.911 0.97
501.059 1.148
502.073 1.014
502.987 0.914
503.947 0.96
504.945 0.998
505.878 0.933
507.281 1.403
508.426 1.145
509.377 0.951
510.597 1.22
511.801 1.204
512.701 0.9
513.632 0.931
514.965 1.333
516.06 1.095
517.138 1.078
518.294 1.156
519.217 0.923
520.163 0.946
521.585 1.422
522.789 1.204
523.839 1.05
525.044 1.205
526.005 0.961
526.9 0.895
527.888 0.988
528.857 0.969
529.749 0.892
531.18 1.431
532.438 1.258
533.46 1.022
534.542 1.082
535.66 1.118
536.918 1.258
537.872 0.954
538.953 1.081
540.002 1.049
540.882 0.88
542.293 1.411
543.566 1.273
544.473 0.907
545.451 0.978
546.424 0.973
547.32 0.896
548.801 1.481
550.008 1.207
550.916 0.908
551.904 0.988
552.797 0.893
553.614 0.817
554.991 1.377
556.197 1.206
557.291 1.094
558.227 0.936
559.057 0.83
559.879 0.822
560.764 0.885
562.088 1.324
563.304 1.216
564.199 0.895
565.117 0.918
566.088 0.971
567.324 1.236
568.311 0.987
569.331 1.02
570.49 1.159
571.558 1.068
572.546 0.988
573.559 1.013
574.478 0.919
575.371 0.893
576.387 1.016
577.381 0.994
578.305 0.924
579.493 1.188
580.513 1.02
581.635 1.122
582.793 1.158
583.73 0.937
584.745 1.015
586.029 1.284
586.983 0.954
587.933 0.95
589.007 1.074
590.262 1.255
591.478 1.216
592.807 1.329
593.838 1.031
594.783 0.945
595.762 0.979
596.676 0.914
597.654 0.978
598.797 1.143
599.812 1.015
600.892 1.08
602.042 1.15
602.986 0.944
603.888 0.902
604.796 0.908
605.635 0.839
606.542 0.907
607.585 1.043
608.554 0.969
609.434 0.88
610.4 0.966
611.346 0.946
612.217 0.871
613.157 0.94
614.125 0.968
615.005 0.88
615.844 0.839
616.698 0.854
617.51 0.812
618.306 0.796
619.205 0.899
620.016 0.811
620.836 0.82
621.637 0.801
622.449 0.812
623.239 0.79
624.048 0.809
624.998 0.95
626.114 1.116
627.105 0.991
628.079 0.974
629.084 1.005
630.064 0.98
630.926 0.862
631.768 0.842
632.803 1.035
633.989 1.186
634.963 0.974
636.041 1.078
637.163 1.122
638.064 0.901
638.999 0.935
640.149 1.15
641.179 1.03
642.128 0.949
643.564 1.436
644.753 1.189
645.664 0.911
646.641 0.977
647.771 1.13
648.774 1.003
649.971 1.197
651.195 1.224
652.261 1.066
653.312 1.051
654.311 0.999
655.192 0.881
656.144 0.952
657.246 1.102
658.165 0.919
659.142 0.977
660.185 1.043
661.116 0.931
662.027 0.911
663.005 0.978
663.938 0.933
664.822 0.884
665.837 1.015
666.869 1.032
667.825 0.956
668.732 0.907
669.518 0.786
670.326 0.808
671.132 0.806
671.987 0.855
672.859 0.872
673.638 0.779
674.422 0.784
675.278 0.856
676.147 0.869
677.012 0.865
677.814 0.802
678.565 0.751
679.294 0.729
680.03 0.736
680.831 0.801
681.717 0.886
682.58 0.863
683.436 0.856
684.244 0.808
685.127 0.883
686.188 1.061
687.271 1.083
688.163 0.892
689.078 0.915
690.073 0.995
691.137 1.064
692.066 0.929
692.85 0.784
693.612 0.762
694.398 0.786
695.297 0.899
696.133 0.836
697.088 0.955
698.465 1.377
699.628 1.163
700.597 0.969
701.533 0.936
702.398 0.865
703.234 0.836
704.19 0.956
705.19 1.0
706.084 0.894
707.028 0.944
708.134 1.106
709.106 0.972
710.24 1.134
711.358 1.118
712.239 0.881
713.079 0.84
714.007 0.928
714.992 0.985
716.006 1.014
716.914 0.908
717.918 1.004
718.924 1.006
719.866 0.942
720.827 0.961
721.983 1.156
723.076 1.093
723.992 0.916
725.004 1.012
726.0 0.996
726.837 0.837
727.635 0.798
728.403 0.768
729.304 0.901
730.683 1.379
731.853 1.17
732.939 1.086
734.069 1.13
735.054 0.985
736.012 0.958
737.111 1.099
738.132 1.021
739.23 1.098
740.512 1.282
741.623 1.111
742.865 1.242
744.148 1.283
745.209 1.061
746.343 1.134
747.737 1.394
748.917 1.18
749.94 1.023
751.132 1.192
752.378 1.246
753.572 1.194
754.971 1.399
756.152 1.181
757.321 1.169
758.744 1.423
759.865 1.121
760.866 1.001
761.894 1.028
763.017 1.123
764.339 1.322
765.626 1.287
766.746 1.12
767.769 1.023
768.837 1.068
769.871 1.034
770.791 0.92
771.843 1.052
772.919 1.076
774.012 1.093
775.389 1.377
776.576 1.187
777.683 1.107
778.893 1.21
779.92 1.027
780.843 0.923
782.151 1.308
783.404 1.253
784.58 1.176
785.925 1.345
786.94 1.015
788.097 1.157
789.279 1.182
790.257 0.978
791.411 1.154
792.631 1.22
793.797 1.166
794.987 1.19
796.071 1.084
797.014 0.943
798.072 1.058
799.209 1.137
800.183 0.974
801.081 0.898
802.283 1.202
803.541 1.258
804.525 0.984
805.564 1.039
806.753 1.189
807.697 0.944
808.951 1.254
810.238 1.287
811.357 1.119
812.508 1.151
813.566 1.058
814.456 0.89
815.462 1.006
816.724 1.262
817.744 1.02
818.779 1.035
819.987 1.208
820.992 1.005
822.009 1.017
823.426 1.417
824.65 1.224
825.706 1.056
826.734 1.028
827.785 1.051
829.117 1.332
830.452 1.335
831.567 1.115
832.763 1.196
833.885 1.122
834.839 0.954
835.982 1.143
837.127 1.145
838.124 0.997
839.444 1.32
840.542 1.098
841.534 0.992
842.849 1.315
844.02 1.171
845.012 0.992
846.074 1.062
847.178 1.104
848.234 1.056
849.596 1.362
850.792 1.196
851.869 1.077
852.963 1.094
853.941 0.978
854.958 1.017
856.129 1.171
857.171 1.042
858.103 0.932
859.091 0.988
860.105 1.014
860.995 0.89
861.982 0.987
863.058 1.076
864.023 0.965
864.887 0.864
865.843 0.956
867.16 1.317
868.3 1.14
869.325 1.025
870.414 1.089
871.34 0.926
872.338 0.998
873.458 1.12
874.435 0.977
875.482 1.047
876.621 1.139
877.591 0.97
878.526 0.935
879.875 1.349
881.098 1.223
882.155 1.057
883.248 1.093
884.186 0.938
885.114 0.928
886.248 1.134
887.304 1.056
888.289 0.985
889.326 1.037
890.635 1.309
891.572 0.937
892.508 0.936
893.661 1.153
894.772 1.111
895.715 0.943
896.842 1.127
897.98 1.138
898.934 0.954
899.994 1.06
901.066 1.072
902.066 1.0
903.261 1.195
904.214 0.953
905.271 1.057
906.403 1.132
913.99 7.587
915.29 1.3
916.491 1.201
917.479 0.988
918.4 0.921
919.257 0.857
920.187 0.93
921.595 1.408
922.831 1.236
923.874 1.043
924.921 1.047
925.989 1.068
926.931 0.942
927.978 1.047
929.095 1.117
930.045 0.95
931.093 1.048
932.14 1.047
933.099 0.959
934.154 1.055
935.326 1.172
936.213 0.887
937.017 0.804
937.853 0.836
938.665 0.812
939.44 0.775
940.245 0.805
941.022 0.777
941.819 0.797
942.672 0.853
943.484 0.812
944.277 0.793
945.062 0.785
945.796 0.734
946.52 0.724
947.256 0.736
948.037 0.781
948.795 0.758
949.64 0.845
950.563 0.923
951.47 0.907
952.49 1.02
953.518 1.028
954.518 1.0
955.522 1.004
956.472 0.95
957.359 0.887
958.398 1.039
959.546 1.148
960.635 1.089
961.834 1.199
962.827 0.993
963.955 1.128
964.93 0.975
966.364 1.434
967.606 1.242
968.721 1.115
969.86 1.139
970.849 0.989
972.096 1.247
973.502 1.406
974.853 1.351
976.141 1.288
977.154 1.013
978.129 0.975
979.176 1.047
980.328 1.152
981.26 0.932
982.238 0.978
983.621 1.383
984.768 1.147
985.615 0.847
986.433 0.818
987.198 0.765
987.958 0.76
988.79 0.832
989.802 1.012
990.857 1.055
991.965 1.108
992.95 0.985
993.871 0.921
994.887 1.016
996.11 1.223
997.213 1.103
998.179 0.966
999.311 1.132
1000.731 1.42
1001.869 1.138
1003.042 1.173
1004.043 1.001
1005.131 1.088
1006.371 1.24
1007.408 1.037
1008.718 1.31
1009.777 1.059
1010.816 1.039
1011.97 1.154
1012.948 0.978
1013.965 1.017
1015.088 1.123
1016.053 0.965
1017.091 1.038
1018.483 1.392
1019.675 1.192
1020.658 0.983
1021.663 1.005
1022.601 0.938
1023.494 0.893
1024.486 0.992
1025.581 1.095
1026.715 1.134
1027.848 1.133
1028.993 1.145
1029.953 0.96
1030.885 0.932
1031.89 1.005
1032.956 1.066
1034.203 1.247
1035.282 1.079
1036.251 0.969
1037.219 0.968
1038.2 0.981
1039.122 0.922
1040.169 1.047
1041.604 1.435
1042.716 1.112
1043.709 0.993
1045.013 1.304
1045.983 0.97
1046.969 0.986
1048.221 1.252
1049.194 0.973
1050.211 1.017
1051.309 1.098
1052.188 0.879
1053.15 0.962
1054.051 0.901
1054.931 0.88
1055.972 1.041
1057.025 1.053
1058.009 0.984
1059.041 1.032
1060.045 1.004
1061.192 1.147
1062.32 1.128
1063.24 0.92
1064.286 1.046
1065.652 1.366
1066.716 1.064
1067.803 1.087
1068.87 1.067
1069.812 0.942
1071.271 1.459
1072.504 1.233
1073.512 1.008
1074.702 1.19
1075.781 1.079
1076.724 0.943
1077.997 1.273
1079.216 1.219
1080.193 0.977
1081.555 1.362
1082.751 1.196
1083.675 0.924
1084.702 1.027
1085.814 1.112
1086.739 0.925
1087.731 0.992
1088.971 1.24
1090.073 1.102
1090.99 0.917
1091.976 0.986
1093.375 1.399
1094.643 1.268
1095.731 1.088
1096.675 0.944
1097.507 0.832
1098.41 0.903
1099.704 1.294
1100.716 1.012
1101.691 0.975
1102.746 1.055
1103.659 0.913
1104.574 0.915
1105.465 0.891
1106.253 0.788
1107.067 0.814
1107.888 0.821
1108.685 0.797
1109.45 0.765
1110.189 0.739
1110.929 0.74
1111.708 0.779
1112.552 0.844
1113.303 0.751
1114.065 0.762
1114.842 0.777
1115.701 0.859
1116.55 0.849
1117.404 0.854
1118.171 0.767
1118.913 0.742
1119.712 0.799
1120.784 1.072
1122.085 1.301
1123.317 1.232
1124.474 1.157
1125.496 1.022
1126.537 1.041
1127.603 1.066
1128.445 0.842
1129.296 0.851
1130.114 0.818
1130.892 0.778
1131.676 0.784
1132.541 0.865
1133.452 0.911
1134.281 0.829
1135.099 0.818
1135.969 0.87
1136.863 0.894
1137.709 0.846
1138.593 0.884
1139.571 0.978
1140.573 1.002
1141.475 0.902
1142.344 0.869
1143.361 1.017
1144.696 1.335
1145.741 1.045
1146.558 0.817
1147.354 0.796
1148.209 0.855
1149.527 1.318
1150.758 1.231
1151.868 1.11
1153.045 1.177
1154.195 1.15
1155.333 1.138
1156.486 1.153
1157.578 1.092
1158.64 1.062
1159.744 1.104
1160.827 1.083
1161.677 0.85
1162.462 0.785
1163.246 0.784
1164.142 0.896
1165.491 1.349
1166.79 1.299
1168.01 1.22
1169.139 1.129
1170.183 1.044
1171.2 1.017
1172.234 1.034
1173.384 1.15
1174.538 1.154
1175.643 1.105
1176.737 1.094
1177.851 1.114
1178.902 1.051
1179.99 1.088
1180.999 1.009
1181.945 0.946
1182.859 0.914
1183.996 1.137
1185.108 1.112
1186.294 1.186
1187.494 1.2
1188.639 1.145
1189.637 0.998
1190.663 1.026
1192.16 1.497
1193.434 1.274
1194.342 0.908
1195.312 0.97
1196.815 1.503
1198.098 1.283
1199.023 0.925
1199.868 0.845
1200.747 0.879
1202.217 1.47
1203.621 1.404
1204.898 1.277
1206.024 1.126
1206.92 0.896
1207.735 0.815
1208.555 0.82
1209.487 0.932
1210.926 1.439
1212.222 1.296
1213.247 1.025
1214.093 0.846
1214.914 0.821
1215.781 0.867
1217.184 1.403
1218.553 1.369
1219.743 1.19
1220.894 1.151
1221.88 0.986
1222.751 0.871
1223.636 0.885
1224.997 1.361
1226.337 1.34
1227.481 1.144
1228.5 1.019
1229.387 0.887
1230.247 0.86
1231.108 0.861
1232.564 1.456
1233.904 1.34
1235.187 1.283
1236.422 1.235
1237.386 0.964
1238.23 0.844
1239.066 0.836
1240.063 0.997
1241.474 1.411
1242.768 1.294
1243.84 1.072
1244.756 0.916
1245.681 0.925
1246.855 1.174
1248.248 1.393
1249.499 1.251
1250.506 1.007
1251.371 0.865
1252.294 0.923
1253.544 1.25
1254.852 1.308
1255.93 1.078
1256.82 0.89
1257.664 0.844
1258.543 0.879
1259.935 1.392
1261.213 1.278
1262.296 1.083
1263.385 1.089
1264.503 1.118
1265.392 0.889
1266.218 0.826
1267.069 0.851
1268.244 1.175
1269.486 1.242
1270.649 1.163
1271.771 1.122
1272.706 0.935
1273.532 0.826
1274.352 0.82
1275.289 0.937
1276.294 1.005
1277.396 1.102
1278.469 1.073
1279.453 0.984
1280.3 0.847
1281.195 0.895
1282.235 1.04
1283.373 1.138
1284.627 1.254
1285.678 1.051
1286.545 0.867
1287.453 0.908
1288.633 1.18
1289.95 1.317
1291.163 1.213
1292.194 1.031
1293.213 1.019
1294.259 1.046
1295.317 1.058
1296.247 0.93
1297.274 1.027
1298.425 1.151
1299.524 1.099
1300.478 0.954
1301.315 0.837
1302.15 0.835
1303.198 1.048
1304.561 1.363
1305.869 1.308
1306.938 1.069
1307.85 0.912
1308.779 0.929
1309.838 1.059
1311.091 1.253
1312.132 1.041
1313.048 0.916
1313.957 0.909
1315.364 1.407
1316.741 1.377
1317.829 1.088
1318.722 0.893
1319.56 0.838
1320.528 0.968
1321.958 1.43
1323.274 1.316
1324.44 1.166
1325.551 1.111
1326.455 0.904
1327.433 0.978
1328.827 1.394
1330.143 1.316
1331.146 1.003
1332.01 0.864
1332.857 0.847
1334.32 1.463
1335.668 1.348
1336.805 1.137
1337.789 0.984
1338.676 0.887
1339.558 0.882
1340.601 1.043
1341.937 1.336
1343.226 1.289
1344.394 1.168
1345.42 1.026
1346.269 0.849
1347.071 0.802
1347.886 0.815
1348.968 1.082
1350.203 1.235
1351.365 1.162
1352.475 1.11
1353.516 1.041
1354.573 1.057
1355.597 1.024
1356.538 0.941
1357.377 0.839
1358.489 1.112
1359.74 1.251
1360.844 1.104
1361.982 1.138
1363.242 1.26
1364.276 1.034
1365.315 1.039
1366.503 1.188
1367.775 1.272
1368.877 1.102
1369.978 1.101
1371.068 1.09
1372.031 0.963
1373.125 1.094
1374.295 1.17
1375.315 1.02
1376.265 0.95
1377.378 1.113
1378.532 1.154
1379.525 0.993
1380.515 0.99
1381.561 1.046
1382.629 1.068
1383.584 0.955
1384.632 1.048
1385.741 1.109
1386.708 0.967
1387.629 0.921
1388.659 1.03
1389.884 1.225
1390.915 1.031
1391.814 0.899
1392.671 0.857
1393.544 0.873
1394.631 1.087
1395.885 1.254
1397.016 1.131
1397.956 0.94
1398.887 0.931
1399.932 1.045
1400.911 0.979
1401.805 0.894
1402.672 0.867
1403.578 0.906
1404.907 1.329
1406.174 1.267
1407.198 1.024
1408.089 0.891
1409.016 0.927
1409.945 0.929
1410.818 0.873
1411.768 0.95
1412.795 1.027
1413.697 0.902
1414.654 0.957
1415.531 0.877
1416.352 0.821
1417.327 0.975
1418.202 0.875
1419.079 0.877
1420.019 0.94
1420.927 0.908
1421.761 0.834
1422.599 0.838
1423.426 0.827
1424.192 0.766
1424.958 0.766
1425.72 0.762
1426.452 0.732
1427.17 0.718
1427.862 0.692
1428.54 0.678
1429.213 0.673
1429.864 0.651
1430.53 0.666
1431.007 0.477
1431.825 0.818
1432.468 0.643
1433.112 0.644
1433.747 0.635
1434.38 0.633
1434.77 0.39