0.000 0.7
0.7 0.7
6.349 5.649
6.999 0.65
7.698 0.699
8.421 0.723
9.198 0.777
9.896 0.698
10.591 0.695
11.324 0.733
12.09 0.766
12.895 0.805
13.651 0.756
14.395 0.744
15.184 0.789
15.955 0.771
16.722 0.767
17.423 0.701
18.129 0.706
18.865 0.736
19.642 0.777
20.379 0.737
21.073 0.694
21.775 0.702
22.514 0.739
23.29 0.776
24.104 0.814
24.918 0.814
25.642 0.724
26.409 0.767
27.188 0.779
27.976 0.788
28.675 0.699
29.372 0.697
30.107 0.735
30.871 0.764
31.643 0.772
32.346 0.703
33.071 0.725
33.848 0.777
34.655 0.807
35.419 0.764
36.138 0.719
36.882 0.744
37.661 0.779
38.474 0.813
39.272 0.798
40.078 0.806
40.848 0.77
41.546 0.698
42.251 0.705
43.008 0.757
43.79 0.782
44.518 0.728
45.18 0.662
45.845 0.665
46.5 0.655
47.145 0.645
47.839 0.694
48.533 0.694
49.177 0.644
49.847 0.67
50.562 0.715
51.284 0.722
52.008 0.724
52.751 0.743
53.431 0.68
54.098 0.667
54.806 0.708
55.537 0.731
56.343 0.806
57.155 0.812
57.869 0.714
58.566 0.697
59.299 0.733
60.064 0.765
60.854 0.79
61.653 0.799
62.364 0.711
63.074 0.71
63.809 0.735
64.572 0.763
65.377 0.805
66.213 0.836
66.98 0.767
67.708 0.728
68.467 0.759
69.258 0.791
70.072 0.814
70.894 0.822
71.692 0.798
72.419 0.727
73.109 0.69
73.828 0.719
74.581 0.753
75.367 0.786
76.17 0.803
76.897 0.727
77.606 0.709
78.328 0.722
79.081 0.753
79.855 0.774
80.664 0.809
81.444 0.78
82.154 0.71
82.88 0.726
83.638 0.758
84.418 0.78
85.193 0.775
85.997 0.804
86.719 0.722
87.441 0.722
88.2 0.759
88.972 0.772
89.747 0.775
90.534 0.787
91.308 0.774
92.0 0.692
92.711 0.711
93.431 0.72
94.183 0.752
94.935 0.752
95.647 0.712
96.307 0.66
96.984 0.677
97.682 0.698
98.433 0.751
99.122 0.689
99.832 0.71
100.614 0.782
101.426 0.812
102.135 0.709
102.825 0.69
103.571 0.746
104.391 0.82
105.225 0.834
105.986 0.761
106.698 0.712
107.446 0.748
108.221 0.775
109.014 0.793
109.766 0.752
110.448 0.682
111.135 0.687
111.839 0.704
112.565 0.726
113.315 0.75
114.016 0.701
114.684 0.668
115.385 0.701
116.136 0.751
116.926 0.79
117.676 0.75
118.368 0.692
119.093 0.725
119.818 0.725
120.55 0.732
121.222 0.672
121.881 0.659
122.566 0.685
123.264 0.698
123.975 0.711
124.631 0.656
125.302 0.671
126.004 0.702
126.735 0.731
127.51 0.775
128.214 0.704
128.899 0.685
129.615 0.716
130.39 0.775
131.202 0.812
132.002 0.8
132.701 0.699
133.416 0.715
134.145 0.729
134.909 0.764
135.698 0.789
136.47 0.772
137.174 0.704
137.894 0.72
138.664 0.77
139.468 0.804
140.301 0.833
141.058 0.757
141.77 0.712
142.511 0.741
143.28 0.769
144.056 0.776
144.836 0.78
145.629 0.793
146.326 0.697
147.031 0.705
147.752 0.721
148.505 0.753
149.27 0.765
150.044 0.774
150.742 0.698
151.441 0.699
152.151 0.71
152.897 0.746
153.677 0.78
154.499 0.822
155.316 0.817
156.047 0.731
156.779 0.732
157.522 0.743
158.255 0.733
158.947 0.692
159.614 0.667
160.302 0.688
161.017 0.715
161.742 0.725
162.467 0.725
163.134 0.667
163.827 0.693
164.552 0.725
165.321 0.769
166.109 0.788
166.883 0.774
167.572 0.689
168.267 0.695
168.986 0.719
169.737 0.751
170.528 0.791
171.29 0.762
172.0 0.71
172.734 0.734
173.506 0.772
174.303 0.797
175.122 0.819
175.909 0.787
176.679 0.77
177.461 0.782
178.143 0.682
178.83 0.687
179.533 0.703
180.278 0.745
181.032 0.754
181.823 0.791
182.534 0.711
183.221 0.687
183.92 0.699
184.632 0.712
185.375 0.743
186.141 0.766
186.912 0.771
187.674 0.762
188.406 0.732
189.094 0.688
189.793 0.699
190.497 0.704
191.237 0.74
191.988 0.751
192.762 0.774
193.543 0.781
194.24 0.697
194.945 0.705
195.659 0.714
196.393 0.734
197.148 0.755
197.9 0.752
198.68 0.78
199.449 0.769
200.139 0.69
200.827 0.688
201.515 0.688
202.225 0.71
202.959 0.734
203.715 0.756
204.495 0.78
205.198 0.703
205.883 0.685
206.584 0.701
207.306 0.722
208.071 0.765
208.86 0.789
209.625 0.765
210.318 0.693
211.023 0.705
211.733 0.71
212.47 0.737
213.227 0.757
213.983 0.756
214.683 0.7
215.374 0.691
216.116 0.742
216.912 0.796
217.743 0.831
218.493 0.75
219.201 0.708
219.943 0.742
220.736 0.793
221.551 0.815
222.396 0.845
223.255 0.859
224.069 0.814
224.79 0.721
225.525 0.735
226.279 0.754
227.064 0.785
227.897 0.833
228.736 0.839
229.518 0.782
230.317 0.799
231.118 0.801
231.881 0.763
232.59 0.709
233.311 0.721
234.086 0.775
234.886 0.8
235.713 0.827
236.492 0.779
237.218 0.726
237.984 0.766
238.783 0.799
239.603 0.82
240.386 0.783
241.089 0.703
241.795 0.706
242.516 0.721
243.275 0.759
244.057 0.782
244.768 0.711
245.452 0.684
246.153 0.701
246.892 0.739
247.649 0.757
248.402 0.753
249.157 0.755
249.834 0.677
250.503 0.669
251.173 0.67
251.871 0.698
252.593 0.722
253.338 0.745
254.05 0.712
254.721 0.671
255.406 0.685
256.097 0.691
256.834 0.737
257.532 0.698
258.214 0.682
258.877 0.663
259.537 0.66
260.18 0.643
260.822 0.642
261.481 0.659
262.168 0.687
262.844 0.676
263.493 0.649
264.147 0.654
264.807 0.66
265.484 0.677
266.18 0.696
266.893 0.713
267.61 0.717
268.358 0.748
269.038 0.68
269.711 0.673
270.403 0.692
271.125 0.722
271.894 0.769
272.711 0.817
273.466 0.755
274.171 0.705
274.901 0.73
275.629 0.728
276.385 0.756
277.142 0.757
277.898 0.756
278.689 0.791
279.455 0.766
280.23 0.775
280.933 0.703
281.615 0.682
282.302 0.687
282.993 0.691
283.715 0.722
284.486 0.771
285.271 0.785
286.063 0.792
286.862 0.799
287.671 0.809
288.378 0.707
289.052 0.674
289.701 0.649
290.35 0.649
291.047 0.697
291.788 0.741
292.543 0.755
293.299 0.756
293.982 0.683
294.703 0.721
295.447 0.744
296.206 0.759
296.981 0.775
297.671 0.69
298.365 0.694
299.065 0.7
299.792 0.727
300.524 0.732
301.268 0.744
301.95 0.682
302.622 0.672
303.303 0.681
304.011 0.708
304.763 0.752
305.512 0.749
306.241 0.729
306.931 0.69
307.651 0.72
308.378 0.727
309.142 0.764
309.925 0.783
310.726 0.801
311.527 0.801
312.309 0.782
313.007 0.698
313.696 0.689
314.409 0.713
315.1 0.691
315.793 0.693
316.441 0.648
317.111 0.67
317.797 0.686
318.46 0.663
319.127 0.667
319.843 0.716
320.584 0.741
321.274 0.69
321.961 0.687
322.683 0.722
323.396 0.713
324.098 0.702
324.782 0.684
325.483 0.701
326.212 0.729
326.947 0.735
327.627 0.68
328.329 0.702
329.071 0.742
329.82 0.749
330.492 0.672
331.212 0.72
331.945 0.733
332.674 0.729
333.379 0.705
334.059 0.68
334.766 0.707
335.493 0.727
336.188 0.695
336.884 0.696
337.606 0.722
338.328 0.722
339.081 0.753
339.769 0.688
340.494 0.725
341.238 0.744
342.001 0.763
342.735 0.734
343.407 0.672
344.099 0.692
344.811 0.712
345.53 0.719
346.206 0.676
346.92 0.714
347.657 0.737
348.349 0.692
349.08 0.731
349.835 0.755
350.619 0.784
351.375 0.756
352.141 0.766
352.912 0.771
353.671 0.759
354.372 0.701
355.095 0.723
355.806 0.711
356.501 0.695
357.166 0.665
357.831 0.665
358.521 0.69
359.239 0.718
359.935 0.696
360.603 0.668
361.29 0.687
362.014 0.724
362.747 0.733
363.459 0.712
364.139 0.68
364.842 0.703
365.553 0.711
366.316 0.763
367.078 0.762
367.876 0.798
368.602 0.726
369.334 0.732
370.081 0.747
370.847 0.766
371.626 0.779
372.416 0.79
373.119 0.703
373.837 0.718
374.574 0.737
375.35 0.776
376.065 0.715
376.744 0.679
377.455 0.711
378.196 0.741
378.972 0.776
379.764 0.792
380.499 0.735
381.228 0.729
381.987 0.759
382.755 0.768
383.457 0.702
384.145 0.688
384.85 0.705
385.595 0.745
386.397 0.802
387.186 0.789
387.999 0.813
388.851 0.852
389.723 0.872
390.582 0.859
391.366 0.784
392.174 0.808
393.004 0.83
393.849 0.845
394.688 0.839
395.45 0.762
396.229 0.779
397.04 0.811
397.866 0.826
398.728 0.862
399.491 0.763
400.274 0.783
401.078 0.804
401.863 0.785
402.674 0.811
403.449 0.775
404.22 0.771
404.991 0.771
405.787 0.796
406.54 0.753
407.254 0.714
407.974 0.72
408.735 0.761
409.498 0.763
410.205 0.707
410.886 0.681
411.597 0.711
412.339 0.742
413.124 0.785
413.858 0.734
414.558 0.7
415.298 0.74
416.084 0.786
416.896 0.812
417.645 0.749
418.406 0.761
419.204 0.798
420.023 0.819
420.849 0.826
421.601 0.752
422.363 0.762
423.137 0.774
423.873 0.736
424.592 0.719
425.342 0.75
426.096 0.754
426.819 0.723
427.547 0.728
428.301 0.754
429.056 0.755
429.81 0.754
430.516 0.706
431.24 0.724
431.982 0.742
432.731 0.749
433.464 0.733
434.192 0.728
434.945 0.753
435.707 0.762
436.448 0.741
437.227 0.779
438.016 0.789
438.738 0.722
439.426 0.688
439.849 0.423
440.119 0.27
440.871 0.752
441.667 0.796
442.456 0.789
443.164 0.708
443.848 0.684
444.57 0.722
445.337 0.767
446.131 0.794
446.941 0.81
447.658 0.717
448.375 0.717
449.142 0.767
449.932 0.79
450.748 0.816
451.481 0.733
452.229 0.748
453.009 0.78
453.772 0.763
454.586 0.814
455.433 0.847
456.19 0.757
456.939 0.749
457.691 0.752
458.457 0.766
459.181 0.724
459.953 0.772
460.768 0.815
461.484 0.716
462.241 0.757
462.994 0.753
463.724 0.73
471.992 8.268
472.688 0.696
473.446 0.758
474.187 0.741
474.953 0.766
475.656 0.703
476.418 0.762
477.126 0.708
477.834 0.708
478.555 0.721
479.24 0.685
480.005 0.765
480.771 0.766
481.475 0.704
482.16 0.685
482.861 0.701
483.573 0.712
484.271 0.698
484.982 0.711
485.679 0.697
486.43 0.751
487.228 0.798
487.972 0.744
488.672 0.7
489.39 0.718
490.133 0.743
490.865 0.732
491.558 0.693
492.294 0.736
493.069 0.775
493.821 0.752
494.511 0.69
495.216 0.705
495.931 0.715
496.638 0.707
497.423 0.785
498.221 0.798
498.931 0.71
499.62 0.689
500.356 0.736
501.073 0.717
501.792 0.719
502.549 0.757
503.234 0.685
503.973 0.739
504.715 0.742
505.44 0.725
506.194 0.754
506.956 0.762
507.715 0.759
508.449 0.734
509.145 0.696
509.903 0.758
510.575 0.672
511.255 0.68
511.927 0.672
512.598 0.671
513.336 0.738
514.065 0.729
514.817 0.752
515.483 0.666
516.164 0.681
516.875 0.711
517.655 0.78
518.477 0.822
519.196 0.719
519.889 0.693
520.615 0.726
521.335 0.72
522.076 0.741
522.814 0.738
523.517 0.703
524.213 0.696
524.918 0.705
525.645 0.727
526.351 0.706
527.023 0.672
527.713 0.69
528.395 0.682
529.082 0.687
529.794 0.712
530.452 0.658
531.104 0.652
531.737 0.633
532.357 0.62
532.98 0.623
533.606 0.626
534.25 0.644
534.885 0.635
535.524 0.639
536.169 0.645
536.825 0.656
537.494 0.669
545.258 7.764
545.991 0.733
546.679 0.688
547.45 0.771
548.128 0.678
548.811 0.683
549.519 0.708
550.292 0.773
551.13 0.838
551.567 0.437
551.927 0.36
552.653 0.726
553.398 0.745
554.195 0.797
554.956 0.761
555.648 0.692
556.366 0.718
557.11 0.744
557.817 0.707
558.6 0.783
559.359 0.759
560.06 0.701
560.755 0.695
561.455 0.7
562.167 0.712
562.886 0.719
563.617 0.731
564.346 0.729
565.039 0.693
565.698 0.659
566.363 0.665
567.05 0.687
567.739 0.689
568.502 0.763
569.242 0.74
569.955 0.713
570.742 0.787
571.517 0.775
572.199 0.682
572.884 0.685
573.568 0.684
574.228 0.66
574.928 0.7
575.653 0.725
576.432 0.779
576.701 0.269
577.1 0.399
577.748 0.648
578.414 0.666
579.137 0.723
579.91 0.773
580.734 0.824
581.511 0.777
582.233 0.722
582.954 0.721
583.704 0.75
584.431 0.727
585.17 0.739
585.936 0.766
586.721 0.785
587.53 0.809
588.239 0.709
588.948 0.709
589.692 0.744
590.425 0.733
591.147 0.722
591.928 0.781
592.631 0.703
593.368 0.737
594.122 0.754
594.857 0.735
595.647 0.79
596.367 0.72
597.178 0.811
598.009 0.831
598.727 0.718
599.465 0.738
600.241 0.776
601.026 0.785
601.74 0.714
602.432 0.692
603.145 0.713
603.902 0.757
604.648 0.746
605.419 0.771
606.106 0.687
606.784 0.678
607.49 0.706
608.224 0.734
608.979 0.755
609.679 0.7
610.444 0.765
611.231 0.787
611.952 0.721
612.725 0.773
613.478 0.753
614.187 0.709
614.963 0.776
615.748 0.785
616.445 0.697
617.168 0.723
617.945 0.777
618.739 0.794
619.437 0.698
620.147 0.71
620.876 0.729
621.605 0.729
622.35 0.745
623.03 0.68
623.73 0.7
624.439 0.709
625.145 0.706
625.806 0.661
626.508 0.702
627.23 0.722
627.951 0.721
628.618 0.667
629.307 0.689
629.994 0.687
630.695 0.701
631.447 0.752
632.192 0.745
632.861 0.669
633.562 0.701
634.309 0.747
635.105 0.796
635.882 0.777
636.589 0.707
637.342 0.753
638.1 0.758
638.852 0.752
639.55 0.698
640.229 0.679
640.923 0.694
641.644 0.721
642.389 0.745
643.069 0.68
643.734 0.665
644.414 0.68
645.127 0.713
645.876 0.749
646.56 0.684
647.239 0.679
647.924 0.685
648.62 0.696
649.362 0.742
650.083 0.721
650.762 0.679
651.476 0.714
652.194 0.718
652.924 0.73
653.64 0.716
654.439 0.799
655.254 0.815
655.996 0.742
656.741 0.745
657.521 0.78
658.281 0.76
658.973 0.692
659.659 0.686
660.348 0.689
661.068 0.72
661.828 0.76
662.543 0.715
663.221 0.678
663.937 0.716
664.688 0.751
665.449 0.761
666.213 0.764
667.024 0.811
667.853 0.829
668.636 0.783
669.339 0.703
670.057 0.718
670.775 0.718
671.492 0.717
672.217 0.725
672.878 0.661
673.549 0.671
674.215 0.666
674.885 0.67
675.553 0.668
676.22 0.667
676.881 0.661
677.535 0.654
678.177 0.642
678.779 0.602
679.388 0.609
679.994 0.606
680.604 0.61
681.239 0.635
681.926 0.687
682.637 0.711
683.292 0.655
683.952 0.66
684.69 0.738
685.51 0.82
686.27 0.76
687.097 0.827
687.926 0.829
688.738 0.812
689.478 0.74
690.221 0.743
690.973 0.752
691.76 0.787
692.485 0.725
693.214 0.729
694.008 0.794
694.789 0.781
695.497 0.708
696.195 0.698
696.855 0.66
697.498 0.643
698.14 0.642
698.788 0.648
699.46 0.672
700.145 0.685
700.815 0.67
701.506 0.691
702.223 0.717
702.893 0.67
703.57 0.677
704.268 0.698
704.977 0.709
705.702 0.725
706.428 0.726
707.181 0.753
707.894 0.713
708.57 0.676
709.261 0.691
709.955 0.694
710.619 0.664
711.266 0.647
711.938 0.672
712.625 0.687
713.322 0.697
713.986 0.664
714.672 0.686
715.413 0.741
716.177 0.764
716.907 0.73
717.617 0.71
718.379 0.762
719.161 0.782
719.978 0.817
720.712 0.734
721.446 0.734
722.229 0.783
723.038 0.809
723.83 0.792
724.555 0.725
725.318 0.763
726.118 0.8
726.934 0.816
727.691 0.757
728.456 0.765
729.239 0.783
730.032 0.793
730.797 0.765
731.512 0.715
732.26 0.748
733.058 0.798
733.899 0.841
734.694 0.795
735.483 0.789
736.317 0.834
737.167 0.85
737.983 0.816
738.739 0.756
739.491 0.752
740.253 0.762
741.051 0.798
741.869 0.818
742.608 0.739
743.338 0.73
744.12 0.782
744.959 0.839
745.762 0.803
746.561 0.799
747.388 0.827
748.171 0.783
748.963 0.792
749.754 0.791
750.593 0.839
751.438 0.845
752.238 0.8
753.044 0.806
753.825 0.781
754.603 0.778
755.388 0.785
756.182 0.794
756.939 0.757
757.695 0.756
758.467 0.772
759.188 0.721
759.942 0.754
760.722 0.78
761.43 0.708
762.12 0.69
762.856 0.736
763.615 0.759
764.426 0.811
765.194 0.768
765.928 0.734
766.716 0.788
767.48 0.764
768.264 0.784
769.027 0.763
769.787 0.76
770.58 0.793
771.34 0.76
772.127 0.787
772.957 0.83
773.759 0.802
774.555 0.796
775.386 0.831
776.252 0.866
777.011 0.759
777.787 0.776
778.575 0.788
779.381 0.806
780.162 0.781
780.911 0.749
781.688 0.777
782.498 0.81
783.245 0.747
783.981 0.736
784.763 0.782
785.508 0.745
786.284 0.776
787.019 0.735
787.839 0.82
788.628 0.789
789.346 0.718
790.091 0.745
790.894 0.803
791.727 0.833
792.492 0.765
793.223 0.731
793.991 0.768
794.792 0.801
795.589 0.797
796.338 0.749
797.126 0.788
797.945 0.819
798.682 0.737
799.421 0.739
800.192 0.771
800.94 0.748
801.743 0.803
802.599 0.856
803.424 0.825
804.192 0.768
804.998 0.806
805.808 0.81
806.66 0.852
807.4 0.74
808.144 0.744
808.94 0.796
809.681 0.741
810.506 0.825
811.331 0.825
812.068 0.737
812.814 0.746
813.584 0.77
814.331 0.747
815.102 0.771
815.885 0.783
816.618 0.733
817.32 0.702
818.066 0.746
818.843 0.777
819.617 0.774
820.356 0.739
821.151 0.795
821.909 0.758
822.676 0.767
823.402 0.726
824.181 0.779
824.998 0.817
825.816 0.818
826.531 0.715
827.277 0.746
828.056 0.779
828.833 0.777
829.535 0.702
830.244 0.709
830.977 0.733
831.734 0.757
832.421 0.687
833.104 0.683
833.809 0.705
834.546 0.737
835.317 0.771
836.098 0.781
836.936 0.838
837.812 0.876
838.583 0.771
839.374 0.791
840.205 0.831
841.019 0.814
841.716 0.697
842.407 0.691
843.085 0.678
843.752 0.667
844.457 0.705
845.167 0.71
845.832 0.665
846.519 0.687
847.217 0.698
847.946 0.729
848.668 0.722
849.403 0.735
850.192 0.789
850.98 0.788
851.78 0.8
852.583 0.803
853.365 0.782
854.175 0.81
854.978 0.803
855.756 0.778
856.545 0.789
857.348 0.803
858.125 0.777
858.924 0.799
859.71 0.786
860.51 0.8
861.287 0.777
862.067 0.78
862.832 0.765
863.596 0.764
864.307 0.711
865.077 0.77
865.835 0.758
866.527 0.692
867.267 0.74
867.976 0.709
868.741 0.765
869.468 0.727
870.213 0.745
871.007 0.794
871.788 0.781
872.516 0.728
873.315 0.799
874.048 0.733
874.875 0.827
875.687 0.812
876.396 0.709
877.139 0.743
877.882 0.743
878.646 0.764
879.378 0.732
880.186 0.808
880.944 0.758
881.644 0.7
882.353 0.709
883.106 0.753
883.899 0.793
884.677 0.778
885.397 0.72
886.14 0.743
886.912 0.772
887.64 0.728
888.382 0.742
889.161 0.779
889.911 0.75
890.62 0.709
891.363 0.743
892.159 0.796
892.918 0.759
898.986 6.068
899.69 0.704
900.403 0.713
901.093 0.69
901.803 0.71
902.566 0.763
903.275 0.709
904.017 0.742
904.826 0.809
905.636 0.81
906.392 0.756
907.172 0.78
907.933 0.761
908.622 0.689
909.332 0.71
910.07 0.738
910.804 0.734
911.527 0.723
912.251 0.724
913.013 0.762
913.849 0.836
914.617 0.768
915.323 0.706
916.049 0.726
916.791 0.742
917.532 0.741
918.244 0.712
918.969 0.725
919.762 0.793
920.491 0.729
921.18 0.689
921.85 0.67
922.55 0.7
929.985 7.435
930.786 0.801
931.551 0.765
932.229 0.678
932.921 0.692
933.622 0.701
934.274 0.652
935.001 0.727
935.713 0.712
936.514 0.801
937.243 0.729
938.055 0.812
938.88 0.825
939.602 0.722
940.421 0.819
941.313 0.892
942.219 0.906
942.964 0.745
943.735 0.771
944.523 0.788
945.317 0.794
946.016 0.699
946.709 0.693
947.421 0.712
948.133 0.712
948.799 0.666
949.472 0.673
950.166 0.694