0.000 0.724
0.724 0.724
6.333 5.609
6.999 0.666
7.684 0.685
8.371 0.687
9.089 0.718
9.828 0.739
10.624 0.796
11.408 0.784
12.153 0.745
12.919 0.766
13.719 0.8
14.524 0.805
15.295 0.771
16.043 0.748
16.739 0.696
17.413 0.674
18.11 0.697
18.841 0.731
19.586 0.745
20.319 0.733
21.011 0.692
21.746 0.735
22.522 0.776
23.36 0.838
24.151 0.791
24.944 0.793
25.762 0.818
26.594 0.832
27.376 0.782
28.202 0.826
28.989 0.787
29.755 0.766
30.593 0.838
31.455 0.862
32.258 0.803
33.09 0.832
33.901 0.811
34.634 0.733
35.336 0.702
36.108 0.772
36.975 0.867
37.834 0.859
38.693 0.859
39.561 0.868
40.386 0.825
41.13 0.744
41.861 0.731
42.581 0.72
43.248 0.667
43.915 0.667
44.619 0.704
45.353 0.734
46.089 0.736
46.819 0.73
47.492 0.673
48.186 0.694
48.895 0.709
49.622 0.727
50.31 0.688
50.987 0.677
51.647 0.66
52.292 0.645
52.922 0.63
53.564 0.642
54.233 0.669
54.942 0.709
55.657 0.715
56.415 0.758
57.209 0.794
57.986 0.777
58.718 0.732
59.478 0.76
60.242 0.764
60.982 0.74
61.673 0.691
62.359 0.686
63.046 0.687
63.76 0.714
64.497 0.737
65.253 0.756
65.956 0.703
66.682 0.726
67.434 0.752
68.21 0.776
68.973 0.763
69.827 0.854
70.688 0.861
71.459 0.771
72.217 0.758
72.955 0.738
73.671 0.716
74.364 0.693
75.113 0.749
75.944 0.831
76.856 0.912
77.661 0.805
78.489 0.828
79.272 0.783
80.003 0.731
80.702 0.699
81.382 0.68
82.04 0.658
82.676 0.636
83.318 0.642
84.013 0.695
84.778 0.765
85.535 0.757
86.294 0.759
87.055 0.761
87.803 0.748
88.475 0.672
89.154 0.679
89.835 0.681
90.517 0.682
91.189 0.672
91.887 0.698
92.595 0.708
93.264 0.669
93.953 0.689
94.654 0.701
95.333 0.679
96.018 0.685
96.705 0.687
97.412 0.707
98.139 0.727
98.866 0.727
99.548 0.682
100.219 0.671
100.893 0.674
101.503 0.61
102.226 0.723
102.909 0.683
103.595 0.686
104.265 0.67
104.918 0.653
105.548 0.63
106.173 0.625
106.796 0.623
107.406 0.61
108.008 0.602
108.611 0.603
109.217 0.606
109.817 0.6
110.437 0.62
111.065 0.628
111.697 0.632
112.317 0.62
112.919 0.602
113.534 0.615
114.167 0.633
114.831 0.664
115.535 0.704
116.22 0.685
116.93 0.71
117.696 0.766
118.389 0.693
119.085 0.696
119.77 0.685
120.459 0.689
121.105 0.646
121.766 0.661
122.449 0.683
123.185 0.736
123.943 0.758
124.667 0.724
125.346 0.679
126.063 0.717
126.778 0.715
127.507 0.729
128.255 0.748
128.971 0.716
129.656 0.685
130.365 0.709
131.065 0.7
131.752 0.687
132.441 0.689
133.159 0.718
133.947 0.788
134.713 0.766
135.506 0.793
136.299 0.793
137.025 0.726
137.706 0.681
138.38 0.674
139.042 0.662
139.68 0.638
140.337 0.657
141.039 0.702
141.779 0.74
142.478 0.699
143.215 0.737
143.976 0.761
144.7 0.724
145.396 0.696
146.101 0.705
146.816 0.715
147.476 0.66
148.139 0.663
148.828 0.689
149.541 0.713
150.249 0.708
150.909 0.66
151.626 0.717
152.369 0.743
153.16 0.791
153.907 0.747
154.599 0.692
155.286 0.687
155.971 0.685
156.66 0.689
157.317 0.657
157.97 0.653
158.659 0.689
159.411 0.752
160.191 0.78
160.914 0.723
161.668 0.754
162.419 0.751
163.139 0.72
163.828 0.689
164.523 0.695
165.211 0.688
165.898 0.687
166.558 0.66
167.22 0.662
167.911 0.691
168.624 0.713
169.394 0.77
170.091 0.697
170.801 0.71
171.53 0.729
172.252 0.722
172.981 0.729
173.674 0.693
174.348 0.674
175.028 0.68
175.717 0.689
176.419 0.702
177.137 0.718
177.81 0.673
178.506 0.696
179.214 0.708
179.943 0.729
180.689 0.746
181.376 0.687
182.111 0.735
182.842 0.731
183.572 0.73
184.297 0.725
184.992 0.695
185.659 0.667
186.342 0.683
187.037 0.695
187.726 0.689
188.416 0.69
189.122 0.706
189.833 0.711
190.516 0.683
191.161 0.645
191.795 0.634
192.437 0.642
193.089 0.652
193.75 0.661
194.396 0.646
195.023 0.627
195.655 0.632
196.283 0.628
196.921 0.638
197.556 0.635
198.201 0.645
198.819 0.618
199.419 0.6
200.024 0.605
200.652 0.628
201.469 0.817
202.327 0.858
203.069 0.742
203.827 0.758
204.617 0.79
205.389 0.772
206.083 0.694
206.788 0.705
207.489 0.701
208.16 0.671
208.809 0.649
209.462 0.653
210.139 0.677
210.85 0.711
211.539 0.689
212.202 0.663
212.874 0.672
213.586 0.712
214.309 0.723
215.004 0.695
215.665 0.661
216.333 0.668
217.006 0.673
217.673 0.667
218.321 0.648
218.993 0.672
219.68 0.687
220.365 0.685
221.011 0.646
221.676 0.665
222.345 0.669
223.021 0.676
223.673 0.652
224.359 0.686
225.068 0.709
225.809 0.741
226.532 0.723
227.217 0.685
227.893 0.676
228.546 0.653
229.175 0.629
229.768 0.593
230.363 0.595
230.953 0.59
231.568 0.615
232.288 0.72
233.072 0.784
233.874 0.802
234.688 0.814
235.477 0.789
236.208 0.731
236.881 0.673
237.541 0.66
238.191 0.65
238.844 0.653
239.51 0.666
240.171 0.661
240.88 0.709
241.598 0.718
242.356 0.758
243.126 0.77
243.876 0.75
244.631 0.755
245.37 0.739
246.055 0.685
246.752 0.697
247.446 0.694
248.105 0.659
248.751 0.646
249.378 0.627
250.012 0.634
250.671 0.659
251.393 0.722
252.144 0.751
252.879 0.735
253.652 0.773
254.444 0.792
255.244 0.8
256.035 0.791
256.786 0.751
257.458 0.672
258.125 0.667
258.784 0.659
259.449 0.665
260.143 0.694
260.869 0.726
261.545 0.676
262.229 0.684
262.925 0.696
263.578 0.653
264.213 0.635
264.826 0.613
265.428 0.602
266.024 0.596
266.637 0.613
267.279 0.642
267.936 0.657
268.561 0.625
269.212 0.651
269.873 0.661
270.562 0.689
271.254 0.692
271.9 0.646
272.577 0.677
273.256 0.679
273.96 0.704
274.662 0.702
275.339 0.677
275.982 0.643
276.633 0.651
277.323 0.69
278.061 0.738
278.816 0.755
279.55 0.734
280.287 0.737
281.011 0.724
281.722 0.711
282.388 0.666
283.01 0.622
283.629 0.619
284.257 0.628
284.927 0.67
285.671 0.744
286.458 0.787
287.224 0.766
287.949 0.725
288.681 0.732
289.421 0.74
290.18 0.759
290.944 0.764
291.636 0.692
292.279 0.643
292.918 0.639
293.568 0.65
294.261 0.693
295.047 0.786
295.798 0.751
296.533 0.735
297.306 0.773
298.142 0.836
298.937 0.795
299.656 0.719
300.394 0.738
301.134 0.74
301.882 0.748
302.575 0.693
303.231 0.656
303.899 0.668
304.587 0.688
305.306 0.719
306.004 0.698
306.72 0.716
307.456 0.736
308.193 0.737
308.868 0.675
309.557 0.689
310.244 0.687
310.908 0.664
311.556 0.648
312.204 0.648
312.851 0.647
313.473 0.622
314.106 0.633
314.741 0.635
315.371 0.63
316.008 0.637
316.634 0.626
317.253 0.619
317.894 0.641
318.509 0.615
319.129 0.62
319.756 0.627
320.384 0.628
321.018 0.634
321.654 0.636
322.288 0.634
322.908 0.62
323.512 0.604
324.108 0.596
324.712 0.604
325.323 0.611
325.961 0.638
326.635 0.674
327.391 0.756
328.227 0.836
329.024 0.797
329.771 0.747
330.468 0.697
331.125 0.657
331.769 0.644
332.4 0.631
333.027 0.627
333.656 0.629
334.29 0.634
334.94 0.65
335.646 0.706
336.413 0.767
337.128 0.715
337.911 0.783
338.732 0.821
339.477 0.745
340.192 0.715
340.91 0.718
341.624 0.714
342.329 0.705
343.062 0.733
343.781 0.719
344.495 0.714
345.206 0.711
345.921 0.715
346.586 0.665
347.269 0.683
347.957 0.688
348.639 0.682
349.276 0.637
349.913 0.637
350.55 0.637
351.196 0.646
351.821 0.625
352.455 0.634
353.109 0.654
353.776 0.667
354.419 0.643
355.098 0.679
355.784 0.686
356.442 0.658
357.066 0.624
357.685 0.619
358.307 0.622
358.963 0.656
359.634 0.671
360.31 0.676
361.022 0.712
361.742 0.72
362.404 0.662
363.058 0.654
363.764 0.706
364.414 0.65
365.075 0.661
365.74 0.665
366.417 0.677
367.064 0.647
367.718 0.654
368.377 0.659
369.051 0.674
369.697 0.646
370.348 0.651
371.005 0.657
371.68 0.675
372.326 0.646
372.98 0.654
373.684 0.704
374.401 0.717
375.075 0.674
375.768 0.693
376.462 0.694
377.171 0.709
377.827 0.656
378.513 0.686
379.21 0.697
379.968 0.758
380.682 0.714
381.434 0.752
382.21 0.776
383.022 0.812
383.775 0.753
384.537 0.762
385.308 0.771
386.017 0.709
386.778 0.761
387.533 0.755
388.33 0.797
389.116 0.786
389.878 0.762
390.719 0.841
391.595 0.876
392.414 0.819
393.256 0.842
394.107 0.851
394.997 0.89
395.834 0.837
396.678 0.844
397.472 0.794
398.215 0.743
399.059 0.844
399.963 0.904
400.752 0.789
401.624 0.872
402.506 0.882
403.27 0.764
404.085 0.815
404.869 0.784
405.534 0.665
406.186 0.652
406.826 0.64
407.454 0.628
408.063 0.609
408.674 0.611
409.277 0.603
409.911 0.634
410.601 0.69
411.353 0.752
412.052 0.699
412.758 0.706
413.48 0.722
414.207 0.727
414.913 0.706
415.565 0.652
416.257 0.692
416.953 0.696
417.697 0.744
418.41 0.713
419.173 0.763
419.995 0.822
420.791 0.796
421.534 0.743
422.284 0.75
423.004 0.72
423.673 0.669
424.342 0.669
425.049 0.707
425.786 0.737
426.532 0.746
427.26 0.728
428.012 0.752
428.823 0.811
429.6 0.777
430.291 0.691
431.011 0.72
431.74 0.729
432.474 0.734
433.147 0.673
433.875 0.728
434.596 0.721
435.407 0.811
436.133 0.726
436.916 0.783
437.733 0.817
438.475 0.742
439.243 0.768
440.02 0.777
440.882 0.862
441.676 0.794
442.456 0.78
443.244 0.788
444.02 0.776
444.775 0.755
445.475 0.7
446.258 0.783
447.055 0.797
447.797 0.742
448.488 0.691
449.217 0.729
449.964 0.747
450.675 0.711
451.362 0.687
452.095 0.733
452.825 0.73
453.513 0.688
454.21 0.697
454.933 0.723
455.646 0.713
456.301 0.655
456.979 0.678
457.664 0.685
458.338 0.674
458.988 0.65
459.689 0.701
460.381 0.692
461.05 0.669
461.716 0.666
462.415 0.699
463.134 0.719
463.816 0.682
464.497 0.681
465.198 0.701
465.894 0.696
466.547 0.653
467.222 0.675
467.896 0.674
468.563 0.667
469.188 0.625
469.823 0.635
470.474 0.651
471.161 0.687
471.867 0.706
472.527 0.66
473.209 0.682
473.899 0.69
474.587 0.688
475.246 0.659
475.89 0.644
476.546 0.656
477.218 0.672
477.891 0.673
478.541 0.65
479.239 0.698
479.949 0.71
480.646 0.697
481.307 0.661
482.009 0.702
482.715 0.706
483.397 0.682
484.054 0.657
484.726 0.672
485.425 0.699
486.186 0.761
486.935 0.749
487.679 0.744
488.429 0.75
489.165 0.736
489.864 0.699
490.504 0.64
491.141 0.637
491.775 0.634
492.415 0.64
493.042 0.627
493.657 0.615
494.259 0.602
494.858 0.599
495.455 0.597
496.058 0.603
496.664 0.606
497.241 0.577
497.827 0.586
498.425 0.598
499.049 0.624
499.69 0.641
500.307 0.617
500.898 0.591
501.505 0.607
502.125 0.62
502.769 0.644
503.4 0.631
504.043 0.643
504.715 0.672
505.4 0.685
506.08 0.68
506.719 0.639
507.349 0.63
507.986 0.637
508.637 0.651
509.301 0.664
509.938 0.637
510.637 0.699
511.361 0.724
512.116 0.755
512.852 0.736
513.513 0.661
514.188 0.675
514.849 0.661
515.498 0.649
516.135 0.637
516.824 0.689
517.59 0.766
518.408 0.818
519.187 0.779
519.909 0.722
520.602 0.693
521.265 0.663
521.904 0.639
522.53 0.626
523.147 0.617
523.775 0.628
524.404 0.629
525.049 0.645
525.751 0.702
526.507 0.756
527.223 0.716
527.992 0.769
528.756 0.764
529.442 0.686
530.149 0.707
530.842 0.693
531.5 0.658
532.177 0.677
532.879 0.702
533.592 0.713
534.27 0.678
535.025 0.755
535.799 0.774
536.52 0.721
537.266 0.746
538.018 0.752
538.714 0.696
539.393 0.679
540.081 0.688
540.791 0.71
541.466 0.675
542.199 0.733
542.972 0.773
543.734 0.762
544.468 0.734
545.258 0.79
546.098 0.84
546.897 0.799
547.561 0.664
548.188 0.627
548.812 0.624
549.431 0.619
550.122 0.691
550.95 0.828
551.688 0.738
552.358 0.67
553.07 0.712
553.768 0.698
554.424 0.656
555.079 0.655
555.73 0.651
556.376 0.646
557.057 0.681
557.752 0.695
558.45 0.698
559.098 0.648
559.778 0.68
560.471 0.693
561.2 0.729
561.922 0.722
562.685 0.763
563.503 0.818
564.447 0.944
565.328 0.881
566.083 0.755
566.834 0.751
567.582 0.748
568.314 0.732
568.993 0.679
569.739 0.746
570.51 0.771
571.214 0.704
571.988 0.774
572.773 0.785
573.555 0.782
574.307 0.752
575.102 0.795
575.877 0.775
576.56 0.683
577.269 0.709
577.996 0.727
578.706 0.71
579.394 0.688
580.146 0.752
580.918 0.772
581.645 0.727
582.368 0.723
583.138 0.77
583.907 0.769
584.588 0.681
585.29 0.702
586.011 0.721
586.7 0.689
587.368 0.668
588.077 0.709
588.8 0.723
589.491 0.691
590.186 0.695
590.902 0.716
591.601 0.699
592.253 0.652
592.916 0.663
593.579 0.663
594.22 0.641
594.861 0.641
595.551 0.69
596.27 0.719
596.927 0.657
597.63 0.703
598.346 0.716
599.041 0.695
599.703 0.662
600.371 0.668
601.04 0.669
601.696 0.656
602.333 0.637
603.007 0.674
603.703 0.696
604.425 0.722
605.115 0.69
605.875 0.76
606.646 0.771
607.362 0.716
608.085 0.723
608.798 0.713
609.522 0.724
610.207 0.685
610.875 0.668
611.542 0.667
612.218 0.676
612.866 0.648
613.51 0.644
614.187 0.677
614.882 0.695
615.552 0.67
616.236 0.684
616.94 0.704
617.647 0.707
618.313 0.666
618.953 0.64
619.597 0.644
620.26 0.663
620.933 0.673
621.612 0.679
622.267 0.655
622.97 0.703
623.688 0.718
624.423 0.735
625.139 0.716
625.812 0.673
626.509 0.697
627.201 0.692
627.895 0.694
628.597 0.702
629.266 0.669
629.996 0.73
630.77 0.774
631.504 0.734
632.208 0.704
632.931 0.723
633.641 0.71
634.309 0.668
634.99 0.681
635.676 0.686
636.347 0.671
636.997 0.65
637.657 0.66
638.349 0.692
639.0 0.651
639.642 0.642
640.291 0.649
640.932 0.641
641.541 0.609
642.143 0.602
642.736 0.593
643.316 0.58
643.9 0.584
644.492 0.592
645.086 0.594
645.683 0.597
646.269 0.586
646.872 0.603
647.482 0.61
648.103 0.621
648.709 0.606
649.335 0.626
649.978 0.643
650.622 0.644
651.258 0.636
651.878 0.62
652.512 0.634
653.157 0.645
653.824 0.667
654.469 0.645
655.112 0.643
655.765 0.653
656.427 0.662
657.078 0.651
657.723 0.645
658.402 0.679
659.097 0.695
659.811 0.714
660.455 0.644
661.129 0.674
661.834 0.705
662.509 0.675
663.178 0.669
663.815 0.637
664.432 0.617
665.039 0.607
665.655 0.616
666.281 0.626
666.895 0.614
667.502 0.607
668.118 0.616
668.747 0.629
669.384 0.637
670.005 0.621
670.618 0.613
671.222 0.604
671.822 0.6
672.419 0.597
673.017 0.598
673.601 0.584
674.184 0.583
674.786 0.602
675.417 0.631
676.086 0.669
676.806 0.72
677.562 0.756
678.283 0.721
678.981 0.698
679.687 0.706
680.379 0.692
681.046 0.667
681.74 0.694
682.435 0.695
683.136 0.701
683.799 0.663
684.507 0.708
685.237 0.73
686.013 0.776
686.755 0.742
687.525 0.77
688.265 0.74
688.956 0.691
689.641 0.685
690.311 0.67
690.955 0.644
691.607 0.652
692.321 0.714
693.087 0.766
693.725 0.638
694.353 0.628
694.992 0.639
695.655 0.663
696.353 0.698
697.08 0.727
697.798 0.718
698.48 0.682
699.152 0.672
699.816 0.664
700.471 0.655
701.11 0.639
701.741 0.631
702.375 0.634
703.024 0.649
703.703 0.679
704.461 0.758
705.262 0.801
706.054 0.792
706.78 0.726
707.463 0.683
708.161 0.698
708.866 0.705
709.533 0.667
710.194 0.661
710.885 0.691
711.597 0.712
712.284 0.687
712.941 0.657
713.642 0.701
714.372 0.73
715.073 0.701
715.757 0.684
716.5 0.743
717.223 0.723
717.873 0.65
718.55 0.677
719.294 0.744
720.088 0.794
720.873 0.785
721.653 0.78
722.399 0.746
723.118 0.719
723.825 0.707
724.514 0.689
725.174 0.66
725.864 0.69
726.591 0.727
727.284 0.693
728.036 0.752
728.781 0.745
729.489 0.708
730.165 0.676
730.866 0.701
731.592 0.726
732.261 0.669
732.927 0.666
733.624 0.697
734.354 0.73
735.021 0.667
735.722 0.701
736.424 0.702
737.153 0.729
737.909 0.756
738.809 0.9
739.724 0.915
740.561 0.837
741.348 0.787
742.133 0.785
742.904 0.771
743.59 0.686
744.26 0.67
744.996 0.736
745.794 0.798
746.579 0.785
747.387 0.808
748.271 0.884
749.112 0.841
749.885 0.773
750.648 0.763
751.381 0.733
752.086 0.705
752.779 0.693
753.491 0.712
754.176 0.685
754.895 0.719
755.604 0.709
756.247 0.643
756.858 0.611
757.467 0.609
758.071 0.604
758.683 0.612
759.315 0.632
759.937 0.622
760.585 0.648
761.228 0.643
761.881 0.653
762.492 0.611
763.11 0.618
763.727 0.617
764.333 0.606
764.929 0.596
765.552 0.623
766.214 0.662
766.904 0.69
767.58 0.676
768.253 0.673
768.93 0.677
769.582 0.652
770.216 0.634
770.858 0.642
771.512 0.654
772.162 0.65
772.8 0.638
773.458 0.658
774.123 0.665
774.776 0.653
775.415 0.639
776.076 0.661
776.756 0.68
777.448 0.692
778.104 0.656
778.773 0.669
779.43 0.657
780.061 0.631
780.69 0.629
781.35 0.66
782.042 0.692
782.722 0.68
783.424 0.702
784.125 0.701
784.847 0.722
785.52 0.673
786.207 0.687
786.905 0.698
787.591 0.686
788.26 0.669
788.966 0.706
789.693 0.727
790.495 0.802
791.296 0.801
792.067 0.771
792.819 0.752
793.536 0.717
794.203 0.667
794.873 0.67
795.539 0.666
796.201 0.662
796.855 0.654
797.506 0.651
798.136 0.63
798.756 0.62
799.39 0.634
800.013 0.623
800.657 0.644
801.326 0.669
801.968 0.642
802.595 0.627
803.228 0.633
803.867 0.639
804.484 0.617
805.107 0.623
805.772 0.665
806.47 0.698
807.185 0.715
807.917 0.732
808.732 0.815
809.502 0.77
810.186 0.684
810.903 0.717
811.611 0.708
812.285 0.674
812.976 0.691
813.69 0.714
814.376 0.686
815.027 0.651
815.7 0.673
816.382 0.682
817.048 0.666
817.757 0.709
818.51 0.753
819.252 0.742
819.936 0.684
820.668 0.732
821.365 0.697
822.033 0.668
822.675 0.642
823.335 0.66
824.021 0.686
824.742 0.721
825.448 0.706
826.178 0.73
826.961 0.783
827.662 0.701
828.387 0.725
829.099 0.712
829.773 0.674
830.436 0.663
831.107 0.671
831.794 0.687
832.53 0.736
833.215 0.685
833.931 0.716
834.647 0.716
835.39 0.743
836.11 0.72
836.86 0.75
837.656 0.796
838.507 0.851
839.291 0.784
840.095 0.804
840.903 0.808
841.694 0.791
842.427 0.733
843.101 0.674
843.816 0.715
844.54 0.724
845.28 0.74
846.028 0.748
846.966 0.938
847.906 0.94
848.745 0.839
849.497 0.752
850.236 0.739
850.962 0.726
851.63 0.668
852.289 0.659
852.977 0.688
853.689 0.712
854.407 0.718
855.162 0.755
855.925 0.763
856.577 0.652
857.247 0.67
857.938 0.691
858.653 0.715
859.322 0.669
859.984 0.662
860.646 0.662
861.311 0.665
861.944 0.633
862.574 0.63
863.213 0.639
863.856 0.643
864.479 0.623
865.129 0.65
865.801 0.672
866.489 0.688
867.171 0.682
867.89 0.719
868.667 0.777
869.453 0.786
870.185 0.732
870.859 0.674
871.532 0.673
872.202 0.67
872.851 0.649
873.497 0.646
874.189 0.692
874.886 0.697
875.585 0.699
876.292 0.707
877.018 0.726
877.737 0.719
878.412 0.675
879.077 0.665
879.719 0.642
880.345 0.626
880.974 0.629
881.617 0.643
882.26 0.643
882.899 0.639
883.576 0.677
884.28 0.704
885.017 0.737
885.696 0.679
886.432 0.736
887.132 0.7
887.812 0.68
888.461 0.649
889.132 0.671
889.836 0.704
890.609 0.773
891.377 0.768
892.125 0.748
892.902 0.777
893.685 0.783
894.432 0.747
895.097 0.665
895.779 0.682
896.455 0.676
897.157 0.702
897.822 0.665
898.534 0.712
899.257 0.723
900.006 0.749
900.697 0.691
901.399 0.702
902.116 0.717
902.797 0.681
903.46 0.663
904.155 0.695
904.863 0.708
905.549 0.686
906.205 0.656
906.905 0.7
907.607 0.702
908.285 0.678
908.95 0.665
909.631 0.681
910.352 0.721
911.038 0.686
911.722 0.684
912.408 0.686
913.107 0.699
913.758 0.651
914.4 0.642
915.056 0.656
915.727 0.671
916.39 0.663
917.044 0.654
917.781 0.737
918.566 0.785
919.347 0.781
920.094 0.747
920.846 0.752
921.648 0.802
922.463 0.815
923.222 0.759
923.93 0.708
924.659 0.729
925.405 0.746
926.188 0.783
926.94 0.752
927.768 0.828
928.657 0.889
929.516 0.859
930.304 0.788
931.081 0.777
931.839 0.758
932.558 0.719
933.239 0.681
933.963 0.724
934.73 0.767
935.494 0.764
936.228 0.734
937.011 0.783
937.804 0.793
938.577 0.773
939.273 0.696
939.981 0.708
940.688 0.707
941.358 0.67
942.021 0.663
942.677 0.656
943.42 0.743
944.136 0.716
944.802 0.666
945.515 0.713
946.225 0.71
946.909 0.684
947.598 0.689
948.322 0.724
949.031 0.709
949.7 0.669
950.375 0.675
951.051 0.676
951.771 0.72
952.481 0.71
953.135 0.654
953.807 0.672
954.45 0.643
955.063 0.613
955.683 0.62
956.327 0.644
956.982 0.655
957.647 0.665
958.268 0.621
958.884 0.616
959.497 0.613
960.095 0.598
960.695 0.6
961.307 0.612
961.92 0.613
962.526 0.606
963.121 0.595
963.702 0.581
964.284 0.582
964.865 0.581
965.45 0.585
966.034 0.584
966.623 0.589
967.239 0.616
967.891 0.652
968.558 0.667
969.178 0.62
969.81 0.632
970.456 0.646
971.095 0.639
971.708 0.613
972.34 0.632
972.974 0.634
973.621 0.647
974.247 0.626
974.909 0.662
975.621 0.712
976.439 0.818
977.173 0.734
977.92 0.747
978.686 0.766
979.44 0.754
980.132 0.692
980.881 0.749
981.643 0.762
982.362 0.719
983.085 0.723
983.806 0.721
984.527 0.721
985.199 0.672
985.899 0.7
986.619 0.72
987.381 0.762
988.108 0.727
988.905 0.797
989.731 0.826
990.496 0.765
991.256 0.76
992.025 0.769
992.767 0.742
993.442 0.675
994.16 0.718
994.937 0.777
995.727 0.79
996.385 0.658
997.016 0.631
997.66 0.644
998.337 0.677
999.187 0.85
1000.066 0.879
1000.919 0.853
1001.703 0.784
1002.455 0.752
1003.184 0.729
1003.9 0.716
1004.604 0.704
1005.296 0.692
1005.942 0.646
1006.621 0.679
1007.311 0.69
1008.021 0.71
1008.697 0.676
1009.444 0.747
1010.289 0.845
1011.154 0.865
1011.955 0.801
1012.712 0.757
1013.464 0.752
1014.229 0.765
1015.006 0.777
1015.759 0.753
1016.585 0.826
1017.448 0.863
1018.277 0.829
1019.074 0.797
1019.917 0.843
1020.77 0.853
1021.54 0.77
1022.319 0.779
1023.108 0.789
1023.858 0.75
1024.548 0.69
1025.298 0.75
1026.108 0.81
1026.928 0.82
1027.671 0.743
1028.437 0.766
1029.163 0.726
1029.848 0.685
1030.576 0.728
1031.284 0.708
1031.967 0.683
1032.633 0.666
1033.327 0.694
1034.022 0.695
1034.69 0.668
1035.343 0.653
1036.04 0.697
1036.765 0.725
1037.447 0.682
1038.151 0.704
1038.867 0.716
1039.593 0.726
1040.264 0.671
1040.984 0.72
1041.722 0.738
1042.477 0.755
1043.191 0.714
1043.921 0.73
1044.679 0.758
1045.47 0.791
1046.21 0.74
1046.922 0.712
1047.642 0.72
1048.355 0.713
1049.035 0.68
1049.769 0.734
1050.568 0.799
1051.441 0.873
1052.245 0.804
1053.018 0.773
1053.761 0.743
1054.49 0.729
1055.165 0.675
1055.829 0.664
1056.508 0.679
1057.202 0.694
1057.886 0.684
1058.586 0.7
1059.24 0.654
1059.872 0.632
1060.496 0.624
1061.119 0.623
1061.76 0.641
1062.412 0.652
1063.08 0.668
1063.738 0.658
1064.369 0.631
1065.0 0.631
1065.627 0.627
1066.245 0.618
1066.878 0.633
1067.498 0.62
1068.165 0.667
1068.867 0.702
1069.628 0.761
1070.408 0.78
1071.099 0.691
1071.738 0.639
1072.38 0.642
1073.02 0.64
1073.669 0.649
1074.308 0.639
1074.93 0.622
1075.563 0.633
1076.174 0.611
1076.787 0.613
1077.418 0.631
1078.064 0.646
1078.729 0.665
1079.371 0.642
1079.994 0.623
1080.616 0.622
1081.229 0.613
1081.831 0.602
1082.442 0.611
1083.061 0.619
1083.7 0.639
1084.334 0.634
1085.009 0.675
1085.75 0.741
1086.521 0.771
1087.232 0.711
1087.987 0.755
1088.779 0.792
1089.608 0.829
1090.374 0.766
1091.145 0.771
1091.944 0.799
1092.77 0.826
1093.603 0.833
1094.352 0.749
1095.17 0.818
1096.112 0.942
1097.071 0.959
1097.937 0.866
1098.8 0.863
1105.798 0.817
1106.543 0.745
1107.43 0.887
1108.24 0.81
1109.077 0.837
1109.952 0.875
1110.807 0.855
1111.621 0.814
1112.44 0.819
1113.198 0.758
1113.871 0.673
1114.559 0.688
1115.248 0.689
1115.938 0.69
1116.685 0.747
1117.498 0.813
1118.353 0.855
1119.149 0.796
1119.943 0.794
1120.688 0.745
1121.364 0.676
1122.029 0.665
1122.736 0.707
1123.527 0.791
1124.295 0.768
1124.984 0.689
1125.714 0.73
1126.46 0.746
1127.144 0.684
1127.834 0.69
1128.56 0.726
1129.307 0.747
1130.076 0.769
1130.81 0.734
1131.515 0.705
1132.162 0.647
1132.811 0.649
1133.472 0.661
1134.14 0.668
1134.772 0.632
1135.415 0.643
1136.083 0.668
1136.729 0.646
1137.364 0.635
1138.01 0.646
1138.664 0.654
1139.314 0.65
1139.955 0.641
1140.592 0.637
1141.225 0.633
1141.886 0.661
1142.548 0.662
1143.175 0.627
1143.811 0.636
1144.461 0.65
1145.1 0.639
1145.732 0.632
1146.358 0.626
1146.977 0.619
1147.583 0.606
1148.178 0.595
1148.768 0.59
1149.35 0.582
1149.933 0.583
1150.524 0.591
1151.093 0.569
1151.662 0.569
1152.231 0.569
1152.809 0.578
1153.449 0.64
1154.289 0.84
1155.128 0.839
1155.956 0.828
1156.705 0.749
1157.474 0.769
1158.262 0.788
1159.01 0.748
1159.665 0.655
1160.327 0.662
1160.985 0.658
1161.659 0.674
1162.312 0.653
1163.001 0.689
1163.877 0.876
1164.751 0.874
1165.535 0.784
1166.299 0.764
1167.089 0.79
1167.874 0.785
1168.619 0.745
1169.377 0.758
1170.177 0.8
1170.947 0.77
1171.68 0.733
1172.426 0.746
1173.166 0.74
1173.865 0.699
1174.614 0.749
1175.386 0.772
1176.098 0.712
1176.847 0.749
1177.612 0.765
1178.363 0.751
1179.079 0.716
1179.827 0.748
1180.569 0.742
1181.247 0.678
1181.965 0.718
1182.688 0.723
1183.429 0.741
1184.162 0.733
1184.952 0.79
1185.746 0.794
1186.452 0.706
1187.194 0.742
1187.936 0.742
1188.674 0.738
1189.406 0.732
1190.231 0.825
1191.076 0.845
1191.853 0.777
1192.675 0.822
1193.496 0.821
1194.236 0.74
1194.968 0.732
1195.686 0.718
1196.389 0.703
1197.106 0.717
1197.885 0.779
1198.765 0.88
1199.587 0.822
1200.397 0.81
1201.164 0.767
1201.889 0.725
1202.594 0.705
1203.297 0.703
1203.971 0.674
1204.629 0.658
1205.268 0.639
1205.89 0.622
1206.498 0.608
1207.111 0.613
1207.742 0.631
1208.346 0.604
1208.955 0.609
1209.588 0.633
1210.252 0.664
1210.944 0.692
1211.612 0.668
1212.277 0.665
1212.909 0.632
1213.519 0.61
1214.129 0.61
1214.745 0.616
1215.387 0.642
1216.055 0.668
1216.678 0.623
1217.345 0.667
1218.024 0.679
1218.666 0.642
1219.274 0.608
1219.884 0.61
1220.491 0.607
1221.093 0.602
1221.678 0.585
1222.266 0.588
1222.86 0.594
1223.477 0.617
1224.148 0.671
1224.837 0.689
1225.556 0.719
1226.34 0.784
1227.197 0.857
1227.999 0.802
1228.714 0.715
1229.436 0.722
1230.187 0.751
1230.928 0.741
1231.637 0.709
1232.304 0.667
1233.004 0.7
1233.794 0.79
1234.689 0.895
1235.511 0.822
1236.287 0.776
1237.013 0.726
1237.714 0.701
1238.374 0.66
1239.084 0.71
1240.007 0.923
1240.894 0.887
1241.676 0.782
1242.462 0.786
1243.221 0.759
1243.899 0.678
1244.595 0.696
1245.316 0.721
1246.125 0.809
1246.858 0.733
1247.618 0.76
1248.398 0.78
1249.147 0.749
1249.826 0.679
1250.571 0.745
1251.371 0.8
1252.212 0.841
1253.043 0.831
1253.883 0.84
1254.665 0.782
1255.363 0.698
1256.063 0.7
1256.766 0.703
1257.499 0.733
1258.175 0.676
1258.866 0.691
1259.579 0.713
1260.283 0.704
1260.937 0.654
1261.609 0.672
1262.291 0.682
1262.954 0.663
1263.601 0.647
1264.264 0.663
1264.926 0.662
1265.578 0.652
1266.218 0.64
1266.883 0.665
1267.555 0.672
1268.219 0.664
1268.852 0.633
1269.502 0.65
1270.146 0.644
1270.783 0.637
1271.401 0.618
1272.054 0.653
1272.727 0.673
1273.398 0.671
1274.03 0.632
1274.68 0.65
1275.352 0.672
1276.049 0.697
1276.716 0.667
1277.411 0.695
1278.123 0.712
1278.839 0.716
1279.537 0.698
1280.27 0.733
1281.027 0.757
1281.758 0.731
1282.452 0.694
1283.129 0.677
1283.822 0.693
1284.497 0.675
1285.16 0.663
1285.815 0.655
1286.529 0.714
1287.255 0.726
1287.996 0.741
1288.659 0.663
1289.327 0.668
1290.002 0.675
1290.675 0.673
1291.332 0.657
1291.988 0.656
1292.654 0.666
1293.28 0.626
1293.9 0.62
1294.514 0.614
1295.111 0.597
1295.713 0.602
1296.318 0.605
1296.924 0.606
1297.518 0.594
1298.107 0.589
1298.707 0.6
1299.317 0.61
1299.94 0.623
1300.547 0.607
1301.193 0.646
1301.87 0.677
1302.575 0.705
1303.233 0.658
1303.925 0.692
1304.621 0.696
1305.348 0.727
1306.025 0.677
1306.732 0.707
1307.472 0.74
1308.22 0.748
1308.912 0.692
1309.613 0.701
1310.326 0.713
1311.063 0.737
1311.801 0.738
1312.486 0.685
1313.203 0.717
1313.932 0.729
1314.64 0.708
1315.312 0.672
1316.002 0.69
1316.705 0.703
1317.43 0.725
1318.093 0.663
1318.8 0.707
1319.525 0.725
1320.245 0.72
1320.903 0.658
1321.583 0.68
1322.282 0.699
1323.044 0.762
1323.78 0.736
1324.491 0.711
1325.208 0.717
1325.895 0.687
1326.568 0.673
1327.213 0.645
1327.881 0.668
1328.561 0.68
1329.276 0.715
1329.946 0.67
1330.599 0.653
1331.263 0.664
1331.932 0.669
1332.592 0.66
1333.222 0.63
1333.868 0.646
1334.524 0.656
1335.177 0.653
1335.805 0.628
1336.466 0.661
1337.165 0.699
1337.898 0.733
1338.624 0.726
1339.31 0.686
1340.004 0.694
1340.684 0.68
1341.342 0.658
1342.024 0.682
1342.734 0.71
1343.45 0.716
1344.119 0.669
1344.808 0.689
1345.49 0.682
1346.193 0.703
1346.851 0.658
1347.562 0.711
1348.269 0.707
1348.973 0.704
1349.629 0.656
1350.307 0.678
1350.988 0.681
1351.647 0.659
1352.292 0.645
1352.962 0.67
1353.662 0.7
1354.339 0.677
1355.039 0.7
1355.734 0.695
1356.426 0.692
1357.077 0.651
1357.749 0.672
1358.442 0.693
1359.163 0.721
1359.854 0.691
1360.569 0.715
1361.297 0.728
1362.054 0.757
1362.813 0.759
1363.508 0.695
1364.231 0.723
1364.948 0.717
1365.676 0.728
1366.384 0.708
1367.048 0.664
1367.686 0.638
1368.346 0.66
1369.027 0.681
1369.777 0.75
1370.513 0.736
1371.229 0.716
1371.973 0.744
1372.732 0.759
1373.417 0.685
1374.095 0.678
1374.783 0.688
1375.47 0.687
1376.119 0.649
1376.773 0.654
1377.432 0.659
1378.099 0.667
1378.754 0.655
1379.383 0.629
1380.022 0.639
1380.663 0.641
1381.302 0.639
1381.918 0.616
1382.548 0.63
1383.194 0.646
1383.849 0.655
1384.475 0.626
1385.105 0.63
1385.745 0.64
1386.406 0.661
1387.063 0.657
1387.676 0.613
1388.3 0.624
1388.923 0.623
1389.54 0.617
1390.159 0.619
1390.758 0.599
1391.36 0.602
1391.979 0.619
1392.64 0.661
1393.34 0.7
1393.977 0.637
1394.624 0.647
1395.274 0.65
1395.956 0.682
1396.603 0.647
1397.226 0.623
1397.863 0.637
1398.527 0.664
1399.206 0.679
1399.848 0.642
1400.464 0.616
1401.077 0.613
1401.691 0.614
1402.334 0.643
1402.987 0.653
1403.666 0.679
1404.412 0.746
1405.206 0.794
1405.943 0.737
1406.689 0.746
1407.441 0.752
1408.138 0.697
1408.793 0.655
1409.44 0.647
1410.082 0.642
1410.73 0.648
1411.355 0.625
1411.979 0.624
1412.598 0.619
1413.195 0.597
1413.799 0.604
1414.435 0.636
1415.095 0.66
1415.755 0.66
1416.425 0.67
1417.074 0.649
1417.703 0.629
1418.305 0.602
1418.915 0.61
1419.534 0.619
1420.199 0.665
1420.866 0.667
1421.539 0.673
1422.248 0.709
1422.975 0.727
1423.666 0.691
1424.348 0.682
1425.042 0.694
1425.757 0.715
1426.494 0.737
1427.213 0.719
1427.909 0.696
1428.651 0.742
1429.407 0.756
1430.12 0.713
1430.813 0.693
1431.531 0.718
1432.259 0.728
1432.997 0.738
1433.667 0.67
1434.375 0.708
1435.088 0.713
1435.799 0.711
1436.475 0.676
1437.199 0.724
1437.937 0.738
1438.631 0.694
1439.317 0.686
1440.002 0.685
1440.683 0.681
1441.319 0.636
1441.953 0.634
1442.593 0.64
1443.246 0.653
1443.904 0.658
1444.532 0.628
1445.207 0.675
1445.955 0.748
1446.734 0.779
1447.51 0.776
1448.176 0.666
1448.838 0.662
1449.481 0.643
1450.1 0.619
1450.705 0.605
1451.318 0.613
1451.953 0.635
1452.596 0.643
1453.217 0.621
1453.856 0.639
1454.492 0.636
1455.126 0.634
1455.739 0.613
1456.356 0.617
1456.972 0.616
1457.588 0.616
1458.205 0.617
1458.811 0.606
1459.421 0.61
1460.03 0.609
1460.321 0.291
1460.638 0.317