0.000 0.317
0.317 0.317
0.999 0.682
1.686 0.687
7.999 0.675
8.681 0.682
9.388 0.707
10.122 0.734
10.625 0.503
10.912 0.287
11.207 0.295
11.497 0.29
11.957 0.46
12.277 0.32
12.965 0.688
13.376 0.411
13.635 0.259
13.919 0.284
14.302 0.383
15.072 0.77
15.907 0.835
16.809 0.902
17.668 0.859
18.037 0.369
18.431 0.394
19.136 0.705
19.429 0.293
19.83 0.401
20.54 0.71
21.264 0.724
21.818 0.554
22.691 0.873
23.13 0.439
23.381 0.251
23.837 0.456
24.842 1.005
25.627 0.785
26.414 0.787
27.237 0.823
28.135 0.898
28.86 0.725
29.758 0.898
30.529 0.771
31.312 0.783
32.077 0.765
32.488 0.411
32.811 0.323
33.567 0.756
34.046 0.479
34.366 0.32
35.171 0.805
35.932 0.761
36.673 0.741
37.436 0.763
38.21 0.774
39.007 0.797
39.758 0.751
40.543 0.785
41.372 0.829
42.146 0.774
42.522 0.376
42.866 0.344
43.343 0.477
43.64 0.297
44.157 0.517
44.882 0.725
45.556 0.674
46.303 0.747
47.239 0.936
48.139 0.9
48.965 0.826
49.756 0.791
50.634 0.878
51.49 0.856
52.279 0.789
53.016 0.737
53.742 0.726
54.43 0.688
55.104 0.674
55.775 0.671
56.456 0.681
57.195 0.739
58.002 0.807
58.857 0.855
59.697 0.84
60.488 0.791
61.244 0.756
61.983 0.739
62.688 0.705
63.383 0.695
64.093 0.71
64.838 0.745
65.578 0.74
66.292 0.714
66.998 0.706
67.703 0.705
68.42 0.717
69.134 0.714
69.86 0.726
70.599 0.739
71.335 0.736
72.036 0.701
72.743 0.707
73.464 0.721
74.182 0.718
74.868 0.686
75.55 0.682
76.236 0.686
76.978 0.742
77.771 0.793
78.54 0.769
79.356 0.816
80.212 0.856
81.047 0.835
81.807 0.76
82.516 0.709
83.202 0.686
83.881 0.679
84.613 0.732
85.352 0.739
86.107 0.755
86.849 0.742
87.595 0.746
88.364 0.769
89.161 0.797
89.905 0.744
90.624 0.719
91.341 0.717
92.093 0.752
92.844 0.751
93.586 0.742
94.327 0.741
95.09 0.763
95.861 0.771
96.617 0.756
97.353 0.736
98.071 0.718
98.824 0.753
99.602 0.778
100.369 0.767
101.106 0.737
101.837 0.731
102.574 0.737
103.317 0.743
104.049 0.732
104.775 0.726
105.558 0.783
106.385 0.827
107.17 0.785
107.924 0.754
108.67 0.746
109.404 0.734
110.108 0.704
110.801 0.693
111.505 0.704
112.233 0.728
112.981 0.748
113.709 0.728
114.431 0.722
115.156 0.725
115.885 0.729
116.582 0.697
117.279 0.697
117.998 0.719
118.741 0.743
119.495 0.754
120.257 0.762
120.99 0.733
121.738 0.748
122.577 0.839
123.389 0.812
124.193 0.804
124.961 0.768
125.71 0.749
126.479 0.769
127.228 0.749
127.957 0.729
128.674 0.717
129.409 0.735
130.213 0.804
131.037 0.824
131.857 0.82
132.644 0.787
133.401 0.757
134.106 0.705
134.806 0.7
135.504 0.698
136.216 0.712
136.981 0.765
137.768 0.787
138.527 0.759
139.256 0.729
139.994 0.738
140.732 0.738
141.465 0.733
142.187 0.722
142.913 0.726
143.667 0.754
144.419 0.752
145.137 0.718
145.837 0.7
146.549 0.712
147.27 0.721
147.984 0.714
148.689 0.705
149.394 0.705
150.1 0.706
150.807 0.707
151.5 0.693
152.2 0.7
152.916 0.716
153.596 0.68
153.862 0.266
154.235 0.373
154.872 0.637
155.506 0.634
156.136 0.63
156.769 0.633
157.406 0.637
158.052 0.646
158.742 0.69
159.479 0.737
160.225 0.746
160.955 0.73
161.68 0.725
162.429 0.749
163.192 0.763
163.974 0.782
164.765 0.791
165.576 0.811
166.383 0.807
167.176 0.793
167.955 0.779
168.779 0.824
169.597 0.818
170.384 0.787
171.164 0.78
171.923 0.759
172.636 0.713
173.353 0.717
173.829 0.476
174.117 0.288
174.945 0.828
175.744 0.799
176.521 0.777
177.32 0.799
178.139 0.819
178.955 0.816
179.785 0.83
180.617 0.832
181.438 0.821
182.241 0.803
183.009 0.768
183.775 0.766
184.581 0.806
185.387 0.806
186.163 0.776
186.917 0.754
187.666 0.749
188.451 0.785
189.26 0.809
190.08 0.82
190.884 0.804
191.702 0.818
192.528 0.826
193.338 0.81
194.12 0.782
194.896 0.776
195.675 0.779
196.441 0.766
197.225 0.784
197.998 0.773
198.794 0.796
199.554 0.76
200.296 0.742
201.05 0.754
201.8 0.75
202.529 0.729
203.236 0.707
203.925 0.689
204.397 0.472
205.158 0.761
205.636 0.478
205.956 0.32
206.623 0.667
207.298 0.675
207.975 0.677
208.643 0.668
209.306 0.663
209.557 0.251
209.976 0.419
210.659 0.683
211.325 0.666
211.979 0.654
212.619 0.64
212.991 0.372
213.265 0.274
213.93 0.665
214.632 0.702
215.373 0.741
216.189 0.816
217.058 0.869
217.932 0.874
218.776 0.844
219.626 0.85
220.466 0.84
221.263 0.797
222.029 0.766
222.784 0.755
223.551 0.767
224.331 0.78
225.11 0.779
225.923 0.813
226.727 0.804
227.526 0.799
228.285 0.759
229.037 0.752
229.807 0.77
230.586 0.779
231.339 0.753
232.085 0.746
232.87 0.785
233.676 0.806
234.448 0.772
235.207 0.759
235.998 0.791
236.801 0.803
237.573 0.772
238.343 0.77
239.152 0.809
239.955 0.803
240.721 0.766
241.511 0.79
242.338 0.827
243.21 0.872
244.059 0.849
244.927 0.868
245.786 0.859
246.607 0.821
247.384 0.777
248.167 0.783
248.968 0.801
249.768 0.8
250.553 0.785
251.367 0.814
252.215 0.848
253.046 0.831
253.849 0.803
254.656 0.807
255.461 0.805
256.256 0.795
257.02 0.764
257.798 0.778
258.596 0.798
259.385 0.789
260.146 0.761
260.885 0.739
261.661 0.776
262.506 0.845
263.328 0.822
264.103 0.775
264.941 0.838
265.829 0.888
266.668 0.839
267.467 0.799
268.27 0.803
269.053 0.783
269.786 0.733
270.499 0.713
271.226 0.727
271.983 0.757
272.733 0.75
273.501 0.768
274.389 0.888
275.281 0.892
276.167 0.886
276.997 0.83
277.79 0.793
278.554 0.764
279.271 0.717
279.977 0.706
280.693 0.716
281.473 0.78
282.295 0.822
283.095 0.8
283.935 0.84
284.779 0.844
285.531 0.752
286.26 0.729
286.956 0.696
287.625 0.669
288.263 0.638
288.883 0.62
289.51 0.627
290.18 0.67
290.944 0.764
291.783 0.839
292.579 0.796
293.381 0.802
294.229 0.848
295.124 0.895
296.004 0.88
296.808 0.804
297.593 0.785
298.389 0.796
299.246 0.857
300.055 0.809
300.858 0.803
301.755 0.897
302.684 0.929
303.578 0.894
304.483 0.905
305.409 0.926
306.342 0.933
307.232 0.89
308.098 0.866
309.024 0.926
309.914 0.89
310.772 0.858
311.631 0.859
312.481 0.85
313.295 0.814
314.043 0.748
314.774 0.731
315.493 0.719
316.241 0.748
316.991 0.75
317.748 0.757
318.515 0.767
319.299 0.784
320.074 0.775
320.817 0.743
321.397 0.58
321.762 0.365
322.217 0.455
322.927 0.71
323.622 0.695
324.326 0.704
324.589 0.263
325.023 0.434
325.72 0.697
326.407 0.687
327.094 0.687
327.768 0.674
328.445 0.677
329.11 0.665
329.755 0.645
330.101 0.346
330.379 0.278
330.63 0.251
330.994 0.364
331.419 0.425
331.767 0.348
332.133 0.366
332.445 0.312
332.78 0.335
333.045 0.265
333.943 0.898
334.524 0.581
334.957 0.433
335.648 0.691
336.211 0.563
336.768 0.557
337.17 0.402
337.856 0.686
338.393 0.537
338.935 0.542
339.475 0.54
340.012 0.537
340.544 0.532
341.072 0.528
341.61 0.538
342.155 0.545
342.715 0.56
343.287 0.572
343.86 0.573
344.422 0.562
344.987 0.565
345.555 0.568
346.139 0.584
346.75 0.611
347.413 0.663
348.059 0.646
348.719 0.66
349.391 0.672
350.077 0.686
350.753 0.676
351.397 0.644
352.032 0.635
352.672 0.64
353.313 0.641
353.977 0.664
354.624 0.647
355.268 0.644
355.931 0.663
356.628 0.697
357.362 0.734
358.056 0.694
358.714 0.658
359.371 0.657
360.035 0.664
360.708 0.673
361.371 0.663
362.035 0.664
362.738 0.703
363.45 0.712
364.161 0.711
364.858 0.697
365.581 0.723
366.293 0.712
366.966 0.673
367.631 0.665
368.316 0.685
369.004 0.688
369.684 0.68
370.337 0.653
371.0 0.663
371.68 0.68
372.407 0.727
373.122 0.715
373.833 0.711
374.559 0.726
375.278 0.719
375.982 0.704
376.656 0.674
377.355 0.699
378.039 0.684
378.721 0.682
379.417 0.696
380.141 0.724
380.88 0.739
381.597 0.717
382.312 0.715
383.027 0.715
383.747 0.72
384.439 0.692
385.106 0.667
385.783 0.677
386.479 0.696
387.198 0.719
387.895 0.697
388.609 0.714
389.325 0.716
390.037 0.712
390.742 0.705
391.457 0.715
392.164 0.707
392.856 0.692
393.535 0.679
394.224 0.689
394.963 0.739
395.726 0.763
396.482 0.756
397.235 0.753
397.983 0.748
398.777 0.794
399.543 0.766
400.259 0.716
400.976 0.717
401.687 0.711
402.37 0.683
403.047 0.677
403.77 0.723
404.578 0.808
405.441 0.863
406.214 0.773
407.003 0.789
407.814 0.811
408.549 0.735
409.255 0.706
409.963 0.708
410.677 0.714
411.381 0.704
412.102 0.721
412.89 0.788
413.678 0.788
414.455 0.777
415.244 0.789
416.048 0.804
416.857 0.809
417.599 0.742
418.345 0.746
419.109 0.764
419.864 0.755
420.598 0.734
421.332 0.734
422.095 0.763
422.86 0.765
423.597 0.737
424.373 0.776
425.15 0.777
425.903 0.753
426.605 0.702
427.321 0.716
428.098 0.777
428.914 0.816
429.688 0.774
430.493 0.805
431.307 0.814
432.039 0.732
432.724 0.685
433.412 0.688
433.825 0.413
434.135 0.31
434.902 0.767
435.645 0.743
436.458 0.813
437.294 0.836
438.116 0.822
438.934 0.818
439.769 0.835
440.629 0.86
441.478 0.849
442.242 0.764
443.0 0.758
443.743 0.743
444.489 0.746
445.235 0.746
445.993 0.758
446.804 0.811
447.685 0.881
448.52 0.835
449.372 0.852
450.339 0.967
451.23 0.891
452.029 0.799
452.843 0.814
453.655 0.812
454.459 0.804
455.24 0.781
456.084 0.844
456.932 0.848
457.712 0.78
458.501 0.789
459.319 0.818
460.111 0.792
460.919 0.808
461.701 0.782
462.473 0.772
463.261 0.788
464.048 0.787
464.82 0.772
465.584 0.764
466.363 0.779
467.13 0.767
467.866 0.736
468.662 0.796
469.494 0.832
470.319 0.825
471.089 0.77
471.855 0.766
472.627 0.772
473.366 0.739
474.093 0.727
474.826 0.733
475.578 0.752
476.359 0.781
477.116 0.757
477.919 0.803
478.744 0.825
479.474 0.73
480.197 0.723
480.944 0.747
481.711 0.767
482.46 0.749
483.206 0.746
483.983 0.777
484.756 0.773
485.495 0.739
486.214 0.719
486.944 0.73
487.666 0.722
488.386 0.72
489.128 0.742
489.934 0.806
490.747 0.813
491.523 0.776
492.306 0.783
493.105 0.799
493.866 0.761
494.597 0.731
495.332 0.735
496.075 0.743
496.811 0.736
497.525 0.714
498.262 0.737
499.037 0.775
499.831 0.794
500.573 0.742
501.322 0.749
502.079 0.757
502.815 0.736
503.546 0.731
504.275 0.729
505.019 0.744
505.794 0.775
506.533 0.739
507.312 0.779
508.085 0.773
508.809 0.724
509.512 0.703
510.229 0.717
510.975 0.746
511.746 0.771
512.506 0.76
513.246 0.74
513.986 0.74
514.753 0.767
515.525 0.772
516.256 0.731
517.013 0.757
517.786 0.773
518.611 0.825
519.39 0.779
520.13 0.74
520.881 0.751
521.627 0.746
522.35 0.723
523.067 0.717
523.824 0.757
524.671 0.847
525.444 0.773
526.246 0.802
527.061 0.815
527.88 0.819
528.655 0.775
529.399 0.744
530.139 0.74
530.886 0.747
531.672 0.786
532.428 0.756
533.171 0.743
533.939 0.768
534.715 0.776
535.477 0.762
536.214 0.737
536.978 0.764
537.779 0.801
538.6 0.821
539.357 0.757
540.137 0.78
540.942 0.805
541.719 0.777
542.516 0.797
543.358 0.842
544.183 0.825
544.983 0.8
545.724 0.741
546.487 0.763
547.25 0.763
547.999 0.749
548.722 0.723
549.444 0.722
550.199 0.755
551.042 0.843
551.857 0.815
552.666 0.809
553.478 0.812
554.328 0.85
555.101 0.773
555.887 0.786
556.689 0.802
557.494 0.805
558.24 0.746
558.994 0.754
559.754 0.76
560.478 0.724
561.184 0.706
561.918 0.734
562.703 0.785
563.549 0.846
564.315 0.766
565.088 0.773
565.861 0.773
566.633 0.772
567.377 0.744
568.148 0.771
568.912 0.764
569.663 0.751
570.383 0.72
571.137 0.754
571.933 0.796
572.703 0.77
573.438 0.735
574.194 0.756
574.943 0.749
575.669 0.726
576.399 0.73
577.156 0.757
577.97 0.814
578.72 0.75
579.491 0.771
580.262 0.771
581.031 0.769
581.767 0.736
582.524 0.757
583.267 0.743
583.982 0.715
584.696 0.714
585.454 0.758
586.199 0.745
586.94 0.741
587.676 0.736
588.436 0.76
589.213 0.777
589.953 0.74
590.696 0.743
591.416 0.72
592.093 0.677
592.738 0.645
593.379 0.641
594.008 0.629
594.653 0.645
595.318 0.665
596.031 0.713
596.783 0.752
597.521 0.738
598.263 0.742
599.005 0.742
599.753 0.748
600.496 0.743
601.203 0.707
601.876 0.673
602.538 0.662
603.217 0.679
603.909 0.692
604.677 0.768
605.411 0.734
606.141 0.73
606.945 0.804
607.75 0.805
608.512 0.762
609.231 0.719
609.946 0.715
610.684 0.738
611.435 0.751
612.173 0.738
612.974 0.801
613.768 0.794
614.542 0.774
615.27 0.728
616.01 0.74
616.744 0.734
617.471 0.727
618.204 0.733
618.957 0.753
619.728 0.771
620.487 0.759
621.251 0.764
622.038 0.787
622.779 0.741
623.495 0.716
624.21 0.715
624.916 0.706
625.612 0.696
626.314 0.702
627.074 0.76
627.842 0.768
628.592 0.75
629.365 0.773
630.109 0.744
630.816 0.707
631.51 0.694
632.181 0.671
632.817 0.636
633.441 0.624
634.056 0.615
634.676 0.62
635.292 0.616
635.895 0.603
636.485 0.59
637.074 0.589
637.659 0.585
638.251 0.592
638.856 0.605
639.481 0.625
640.133 0.652
640.808 0.675
641.524 0.716
642.204 0.68
642.878 0.674
643.533 0.655
644.193 0.66
644.873 0.68
645.558 0.685
646.29 0.732
647.081 0.791
647.943 0.862
648.72 0.777
649.466 0.746
650.177 0.711
650.887 0.71
651.559 0.672
652.234 0.675
652.929 0.695
653.611 0.682
654.293 0.682
654.974 0.681
655.657 0.683
656.359 0.702
657.07 0.711
657.753 0.683
658.449 0.696
659.125 0.676
659.792 0.667
660.453 0.661
661.115 0.662
661.812 0.697
662.52 0.708
663.243 0.723
663.941 0.698
664.636 0.695
665.341 0.705
666.07 0.729
666.798 0.728
667.495 0.697
668.178 0.683
668.835 0.657
669.475 0.64
670.106 0.631
670.735 0.629
671.353 0.618
671.951 0.598
672.545 0.594
673.147 0.602
673.752 0.605
674.378 0.626
675.036 0.658
675.691 0.655
676.358 0.667
677.014 0.656
677.67 0.656
678.32 0.65
678.968 0.648
679.621 0.653
680.284 0.663
680.946 0.662
681.616 0.67
682.317 0.701
683.005 0.688
683.679 0.674
684.345 0.666
685.008 0.663
685.665 0.657
686.344 0.679
687.048 0.704
687.774 0.726
688.5 0.726
689.24 0.74
689.957 0.717
690.64 0.683
691.307 0.667
691.993 0.686
692.709 0.716
693.439 0.73
694.131 0.692
694.828 0.697
695.525 0.697
696.227 0.702
696.931 0.704
697.647 0.716
698.334 0.687
699.011 0.677
699.693 0.682
700.376 0.683
701.078 0.702
701.737 0.659
702.41 0.673
703.095 0.685
703.764 0.669
704.427 0.663
705.097 0.67
705.764 0.667
706.418 0.654
707.065 0.647
707.715 0.65
708.374 0.659
709.034 0.66
709.709 0.675
710.386 0.677
711.089 0.703
711.792 0.703
712.442 0.65
713.094 0.652
713.727 0.633
714.367 0.64
714.995 0.628
715.671 0.676
716.368 0.697
717.086 0.718
717.822 0.736
718.523 0.701
719.249 0.726
719.948 0.699
720.639 0.691
721.342 0.703
722.033 0.691
722.739 0.706
723.421 0.682
724.119 0.698
724.839 0.72
725.535 0.696
726.27 0.735
726.98 0.71
727.705 0.725
728.396 0.691
729.1 0.704
729.836 0.736
730.563 0.727
731.28 0.717
731.997 0.717
732.709 0.712
733.464 0.755
734.17 0.706
734.895 0.725
735.623 0.728
736.333 0.71
737.033 0.7
737.714 0.681
738.446 0.732
739.182 0.736
739.887 0.705
740.594 0.707
741.326 0.732
742.038 0.712
742.719 0.681
743.434 0.715
744.136 0.702
744.831 0.695
745.519 0.688
746.218 0.699
746.919 0.701
747.634 0.715
748.336 0.702
749.063 0.727
749.768 0.705
750.473 0.705
751.177 0.704
751.891 0.714
752.587 0.696
753.277 0.69
753.973 0.696
754.697 0.724
755.415 0.718
756.103 0.688
756.803 0.7
757.493 0.69
758.179 0.686
758.884 0.705
759.592 0.708
760.298 0.706
760.979 0.681
761.664 0.685
762.362 0.698
763.041 0.679
763.734 0.693
764.429 0.695
765.129 0.7
765.777 0.648
766.414 0.637
767.052 0.638
767.7 0.648
768.377 0.677
769.063 0.686
769.764 0.701
770.479 0.715
771.221 0.742
771.922 0.701
772.613 0.691
773.328 0.715
774.017 0.689
774.71 0.693
775.4 0.69
776.133 0.733
776.893 0.76
777.626 0.733
778.36 0.734
779.101 0.741
779.834 0.733
780.565 0.731
781.298 0.733
782.049 0.751
782.833 0.784
783.588 0.755
784.382 0.794
785.173 0.791
785.93 0.757
786.666 0.736
787.387 0.721
788.113 0.726
788.828 0.715
789.535 0.707
790.277 0.742
791.011 0.734
791.735 0.724
792.444 0.709
793.135 0.691
793.821 0.686
794.499 0.678
795.174 0.675
795.866 0.692
796.597 0.731
797.342 0.745
798.043 0.701
798.752 0.709
799.444 0.692
800.148 0.704
800.878 0.73
801.635 0.757
802.449 0.814
803.257 0.808
804.007 0.75
804.787 0.78
805.567 0.78
806.337 0.77
807.093 0.756
807.858 0.765
808.651 0.793
809.393 0.742
810.098 0.705
810.825 0.727
811.549 0.724
812.302 0.753
813.071 0.769
813.804 0.733
814.538 0.734
815.264 0.726
815.983 0.719
816.711 0.728
817.415 0.704
818.139 0.724
818.849 0.71
819.552 0.703
820.277 0.725
821.002 0.725
821.762 0.76
822.519 0.757
823.27 0.751
824.016 0.746
824.735 0.719
825.438 0.703
826.135 0.697
826.855 0.72
827.613 0.758
828.365 0.752
829.122 0.757
829.918 0.796
830.711 0.793
831.511 0.8
832.283 0.772
833.03 0.747
833.754 0.724
834.455 0.701
835.15 0.695
835.854 0.704
836.552 0.698
837.308 0.756
838.054 0.746
838.814 0.76
839.574 0.76
840.342 0.768
841.127 0.785
841.858 0.731
842.569 0.711
843.281 0.712
843.984 0.703
844.736 0.752
845.454 0.718
846.172 0.718
846.919 0.747
847.625 0.706
848.336 0.711
849.047 0.711
849.765 0.718
850.498 0.733
851.256 0.758
852.015 0.759
852.759 0.744
853.48 0.721
854.214 0.734
854.942 0.728
855.657 0.715
856.366 0.709
857.075 0.709
857.809 0.734
858.521 0.712
859.228 0.707
859.949 0.721
860.668 0.719
861.4 0.732
862.106 0.706
862.821 0.715
863.552 0.731
864.264 0.712
865.004 0.74
865.737 0.733
866.486 0.749
867.2 0.714
867.903 0.703
868.629 0.726
869.358 0.729
870.119 0.761
870.88 0.761
871.622 0.742
872.369 0.747
873.091 0.722
873.808 0.717
874.525 0.717
875.211 0.686
875.897 0.686
876.553 0.656
877.19 0.637
877.816 0.626
878.449 0.633
879.089 0.64
879.756 0.667
880.444 0.688
881.15 0.706
881.849 0.699
882.526 0.677
883.21 0.684
883.893 0.683
884.582 0.689
885.267 0.685
885.959 0.692
886.672 0.713
887.387 0.715
888.099 0.712
888.812 0.713
889.527 0.715
890.291 0.764
891.014 0.723
891.754 0.74
892.484 0.73
893.208 0.724
893.947 0.739
894.686 0.739
895.368 0.682
896.017 0.649
896.66 0.643
897.311 0.651
898.006 0.695
898.731 0.725
899.418 0.687
900.081 0.663
900.723 0.642
901.347 0.624
901.971 0.624
902.574 0.603
903.207 0.633
903.85 0.643
904.563 0.713
905.498 0.935
906.333 0.835
907.218 0.885
908.054 0.836
908.844 0.79
909.64 0.796
910.403 0.763
911.175 0.772
911.895 0.72
912.606 0.711
913.304 0.698
914.034 0.73
914.781 0.747
915.545 0.764
916.321 0.776
917.071 0.75
917.816 0.745
918.545 0.729
919.25 0.705
919.941 0.691
920.629 0.688
921.285 0.656
921.924 0.639
922.566 0.642
923.205 0.639
923.842 0.637
924.493 0.651
925.164 0.671
925.847 0.683
926.547 0.7
927.223 0.676
927.885 0.662
928.547 0.662
929.195 0.648
929.834 0.639
930.466 0.632
931.106 0.64
931.747 0.641
932.414 0.667
933.086 0.672
933.758 0.672
934.437 0.679
935.13 0.693
935.81 0.68
936.499 0.689
937.209 0.71
937.903 0.694
938.583 0.68
939.256 0.673
939.928 0.672
940.607 0.679
941.303 0.696
941.979 0.676
942.655 0.676
943.313 0.658
943.967 0.654
944.612 0.645
945.251 0.639
945.898 0.647
946.565 0.667
947.24 0.675
947.913 0.673
948.595 0.682
949.274 0.679
949.954 0.68
950.633 0.679
951.322 0.689
952.014 0.692
952.691 0.677
953.351 0.66
954.015 0.664
954.673 0.658
955.349 0.676
956.032 0.683
956.732 0.7
957.44 0.708
958.155 0.715
958.861 0.706
959.572 0.711
960.29 0.718
961.011 0.721
961.715 0.704
962.422 0.707
963.122 0.7
963.83 0.708
964.516 0.686
965.203 0.687
965.882 0.679
966.554 0.672
967.225 0.671
967.924 0.699
968.644 0.72
969.375 0.731
970.073 0.698
970.769 0.696
971.47 0.701
972.163 0.693
972.844 0.681
973.53 0.686
974.218 0.688
974.898 0.68
975.572 0.674
976.224 0.652
976.88 0.656
977.543 0.663
978.227 0.684
978.895 0.668
979.55 0.655
980.208 0.658
980.87 0.662
981.534 0.664
982.194 0.66
982.858 0.664
983.523 0.665
984.193 0.67
984.873 0.68
985.567 0.694
986.291 0.724
987.023 0.732
987.746 0.723
988.431 0.685
989.107 0.676
989.757 0.65
990.404 0.647
991.049 0.645
991.697 0.648
992.358 0.661
993.084 0.726
993.814 0.73
994.546 0.732
995.286 0.74
996.032 0.746
996.75 0.718
997.47 0.72
998.165 0.695
998.837 0.672
999.477 0.64
1000.112 0.635
1000.757 0.645
1001.446 0.689
1002.171 0.725
1002.865 0.694
1003.551 0.686
1004.264 0.713
1004.958 0.694
1005.64 0.682
1006.345 0.705
1007.049 0.704
1007.736 0.687
1008.443 0.707
1009.162 0.719
1009.897 0.735
1010.598 0.701
1011.294 0.696
1011.978 0.684
1012.675 0.697
1013.351 0.676
1014.045 0.694
1014.742 0.697
1015.455 0.713
1016.159 0.704
1016.873 0.714
1017.583 0.71
1018.281 0.698
1018.955 0.674
1019.633 0.678
1020.294 0.661
1020.957 0.663
1021.613 0.656
1022.286 0.673
1022.966 0.68
1023.671 0.705
1024.352 0.681
1025.048 0.696
1025.739 0.691
1026.438 0.699
1027.126 0.688
1027.816 0.69
1028.491 0.675
1029.169 0.678
1029.831 0.662
1030.479 0.648
1031.131 0.652
1031.791 0.66
1032.483 0.692
1033.175 0.692
1033.896 0.721
1034.614 0.718
1035.327 0.713
1036.012 0.685
1036.692 0.68
1037.357 0.665
1038.015 0.658
1038.657 0.642
1039.301 0.644
1039.954 0.653
1040.628 0.674
1041.315 0.687
1042.016 0.701
1042.728 0.712
1043.444 0.716
1044.134 0.69
1044.827 0.693
1045.525 0.698
1046.249 0.724
1046.968 0.719
1047.674 0.706
1048.375 0.701
1049.071 0.696
1049.749 0.678
1050.445 0.696
1051.159 0.714
1051.901 0.742
1052.678 0.777
1053.43 0.752
1054.185 0.755
1054.945 0.76
1055.66 0.715
1056.355 0.695
1057.038 0.683
1057.7 0.662
1058.349 0.649
1058.966 0.617
1059.576 0.61
1060.192 0.616
1060.848 0.656
1061.58 0.732
1062.329 0.749
1063.095 0.766
1063.903 0.808
1064.739 0.836
1065.524 0.785
1066.269 0.745
1066.982 0.713
1067.675 0.693
1068.326 0.651
1068.976 0.65
1069.622 0.646
1070.26 0.638
1070.89 0.63
1071.533 0.643
1072.184 0.651
1072.86 0.676
1073.529 0.669
1074.221 0.692
1074.923 0.702
1075.664 0.741
1076.374 0.71
1077.082 0.708
1077.775 0.693
1078.46 0.685
1079.145 0.685
1079.843 0.698
1080.577 0.734
1081.361 0.784
1082.176 0.815
1082.977 0.801
1083.75 0.773
1084.513 0.763
1085.288 0.775
1086.071 0.783
1086.885 0.814
1087.722 0.837
1088.479 0.757
1089.202 0.723
1089.89 0.688
1090.612 0.722
1091.374 0.762
1092.166 0.792
1092.981 0.815
1093.858 0.877
1094.734 0.876
1095.577 0.843
1096.365 0.788
1097.161 0.796
1097.957 0.796
1098.757 0.8
1099.539 0.782
1100.38 0.841
1101.271 0.891
1102.125 0.854
1102.935 0.81
1103.741 0.806
1104.54 0.799
1105.354 0.814
1106.184 0.83
1107.068 0.884
1107.89 0.822
1108.699 0.809
1109.502 0.803
1110.322 0.82
1111.099 0.777
1111.849 0.75
1112.627 0.778
1113.417 0.79
1114.247 0.83
1115.055 0.808
1115.831 0.776
1116.605 0.774
1117.344 0.739
1118.068 0.724
1118.809 0.741
1119.598 0.789
1120.441 0.843
1121.295 0.854
1122.154 0.859
1123.087 0.933
1123.961 0.874
1124.71 0.749
1125.437 0.727
1126.154 0.717
1126.863 0.709
1127.536 0.673
1128.218 0.682
1128.912 0.694
1129.629 0.717
1130.376 0.747
1131.143 0.767
1131.915 0.772
1132.686 0.771
1133.437 0.751
1134.18 0.743
1134.932 0.752
1135.696 0.764
1136.447 0.751
1137.194 0.747
1137.967 0.773
1138.742 0.775
1139.538 0.796
1140.323 0.785
1141.117 0.794
1141.911 0.794
1142.685 0.774
1143.465 0.78
1144.225 0.76
1144.983 0.758
1145.729 0.746
1146.482 0.753
1147.242 0.76
1147.966 0.724
1148.695 0.729
1149.421 0.726
1150.19 0.769
1150.997 0.807
1151.791 0.794
1152.547 0.756
1153.335 0.788
1154.124 0.789
1154.907 0.783
1155.667 0.76
1156.421 0.754
1157.167 0.746
1157.923 0.756
1158.663 0.74
1159.412 0.749
1160.203 0.791
1161.015 0.812
1161.811 0.796
1162.58 0.769
1163.346 0.766
1164.114 0.768
1164.872 0.758
1165.631 0.759
1166.408 0.777
1167.204 0.796
1167.963 0.759
1168.677 0.714
1169.398 0.721
1170.12 0.722
1170.841 0.721
1171.543 0.702
1172.242 0.699
1172.929 0.687
1173.587 0.658
1174.227 0.64
1174.87 0.643
1175.528 0.658
1176.206 0.678
1176.923 0.717
1177.701 0.778
1178.464 0.763
1179.197 0.733
1179.941 0.744
1180.683 0.742
1181.429 0.746
1182.149 0.72
1182.858 0.709
1183.596 0.738
1184.355 0.759
1185.105 0.75
1185.862 0.757
1186.619 0.757
1187.361 0.742
1188.111 0.75
1188.856 0.745
1189.595 0.739
1190.352 0.757
1191.104 0.752
1191.859 0.755
1192.619 0.76
1193.39 0.771
1194.122 0.732
1194.848 0.726
1195.571 0.723
1196.316 0.745
1197.027 0.711
1197.739 0.712
1198.436 0.697
1199.148 0.712
1199.867 0.719
1200.636 0.769
1201.442 0.806
1202.252 0.81
1203.022 0.77
1203.778 0.756
1204.525 0.747
1205.28 0.755
1206.002 0.722
1206.703 0.701
1207.403 0.7
1208.098 0.695
1208.795 0.697
1209.486 0.691
1210.184 0.698
1210.901 0.717
1211.644 0.743
1212.386 0.742
1213.107 0.721
1213.827 0.72
1214.538 0.711
1215.24 0.702
1215.936 0.696
1216.641 0.705
1217.362 0.721
1218.108 0.746
1218.872 0.764
1219.591 0.719
1220.283 0.692
1220.993 0.71
1221.706 0.713
1222.412 0.706
1223.101 0.689
1223.782 0.681
1224.469 0.687
1225.172 0.703
1225.883 0.711
1226.591 0.708
1227.313 0.722
1228.038 0.725
1228.771 0.733
1229.481 0.71
1230.18 0.699
1230.868 0.688
1231.547 0.679
1232.22 0.673
1232.906 0.686
1233.617 0.711
1234.36 0.743
1235.093 0.733
1235.816 0.723
1236.539 0.723
1237.254 0.715
1237.939 0.685
1238.621 0.682
1239.3 0.679
1240.0 0.7
1240.712 0.712
1241.422 0.71
1242.146 0.724
1242.891 0.745
1243.656 0.765
1244.382 0.726
1245.123 0.741
1245.859 0.736
1246.589 0.73
1247.289 0.7
1247.986 0.697
1248.672 0.686
1249.358 0.686
1250.038 0.68
1250.728 0.69
1251.428 0.7
1252.137 0.709
1252.52 0.383
1252.793 0.273
1253.426 0.633
1254.047 0.621
1254.67 0.623
1255.308 0.638
1255.971 0.663
1256.636 0.665
1257.307 0.671
1258.011 0.704
1258.725 0.714
1259.415 0.69
1260.093 0.678
1260.758 0.665
1261.417 0.659
1262.07 0.653
1262.705 0.635
1263.339 0.634
1263.998 0.659
1264.733 0.735
1265.485 0.752
1266.239 0.754
1266.974 0.735
1267.696 0.722
1268.444 0.748
1269.232 0.788
1270.05 0.818
1270.819 0.769
1271.574 0.755
1272.321 0.747
1273.084 0.763
1273.875 0.791
1274.651 0.776
1275.452 0.801
1276.248 0.796
1277.055 0.807
1277.841 0.786
1278.615 0.774
1279.413 0.798
1280.246 0.833
1281.082 0.836
1281.889 0.807
1282.683 0.794
1283.496 0.813
1284.3 0.804
1285.117 0.817
1285.919 0.802
1286.693 0.774
1287.442 0.749
1288.166 0.724
1288.872 0.706
1289.587 0.715
1290.312 0.725
1291.042 0.73
1291.759 0.717
1292.467 0.708
1293.176 0.709
1293.876 0.7
1294.577 0.701
1295.295 0.718
1295.998 0.703
1296.726 0.728
1297.458 0.732
1298.207 0.749
1298.942 0.735
1299.657 0.715
1300.405 0.748
1301.143 0.738
1301.875 0.732
1302.559 0.684
1303.235 0.676
1303.911 0.676
1304.616 0.705
1305.353 0.737
1306.085 0.732
1306.844 0.759
1307.632 0.788
1308.446 0.814
1309.238 0.792
1309.99 0.752
1310.758 0.768
1311.565 0.807
1312.39 0.825
1313.145 0.755
1313.915 0.77
1314.685 0.77
1315.456 0.771
1316.175 0.719
1316.935 0.76
1317.729 0.794
1318.558 0.829
1319.349 0.791
1320.159 0.81
1320.98 0.821
1321.777 0.797
1322.54 0.763
1323.305 0.765
1324.091 0.786
1324.848 0.757
1325.585 0.737
1326.321 0.736
1327.039 0.718
1327.769 0.73
1328.511 0.742
1329.275 0.764
1330.052 0.777
1330.826 0.774
1331.558 0.732
1332.303 0.745
1333.058 0.755
1333.805 0.747
1334.535 0.73
1335.284 0.749
1336.068 0.784
1336.854 0.786
1337.611 0.757
1338.361 0.75
1339.089 0.728
1339.794 0.705
1340.501 0.707
1341.223 0.722
1341.975 0.752
1342.71 0.735
1343.439 0.729
1344.188 0.749
1344.951 0.763
1345.671 0.72
1346.399 0.728
1347.115 0.716
1347.837 0.722
1348.533 0.696
1349.237 0.704
1349.957 0.72
1350.714 0.757
1351.487 0.773
1352.222 0.735
1352.974 0.752
1353.729 0.755
1354.491 0.762
1355.237 0.746
1355.988 0.751
1356.755 0.767
1357.523 0.768
1358.226 0.703
1358.902 0.676
1359.55 0.648
1360.194 0.644
1360.841 0.647
1361.502 0.661
1362.217 0.715
1363.026 0.809
1363.842 0.816
1364.635 0.793
1365.471 0.836
1366.343 0.872
1367.225 0.882
1368.075 0.85
1368.912 0.837
1369.747 0.835
1370.566 0.819
1371.339 0.773
1372.109 0.77
1372.889 0.78
1373.7 0.811
1374.51 0.81
1375.301 0.791
1376.1 0.799
1376.875 0.775
1377.584 0.709
1378.31 0.726
1379.022 0.712
1379.706 0.684
1380.379 0.673
1381.039 0.66
1381.733 0.694
1382.491 0.758
1383.254 0.763
1383.979 0.725
1384.734 0.755
1385.483 0.749
1386.21 0.727
1386.918 0.708
1387.615 0.697
1388.281 0.666
1388.919 0.638
1389.259 0.34
1389.551 0.292
1390.174 0.623
1390.788 0.614
1391.4 0.612
1392.014 0.614
1392.626 0.612
1393.235 0.609
1393.843 0.608
1394.166 0.323
1394.521 0.355
1394.828 0.307
1395.132 0.304
1395.42 0.288