0.000 0.659
0.659 0.659
1.284 0.625
1.911 0.627
2.534 0.623
3.174 0.64
3.797 0.623
4.444 0.647
5.079 0.635
5.73 0.651
6.393 0.663
7.041 0.648
7.698 0.657
8.403 0.705
9.113 0.71
9.822 0.709
10.534 0.712
11.214 0.68
11.853 0.639
18.999 0.638
19.649 0.65
20.318 0.669
21.019 0.701
21.751 0.732
22.517 0.766
23.238 0.721
23.954 0.716
24.708 0.754
25.532 0.824
26.372 0.84
27.136 0.764
27.876 0.74
28.63 0.754
29.405 0.775
30.224 0.819
31.031 0.807
31.759 0.728
32.484 0.725
33.223 0.739
34.009 0.786
34.839 0.83
35.632 0.793
36.381 0.749
37.137 0.756
37.921 0.784
38.738 0.817
39.453 0.715
40.176 0.723
40.91 0.734
41.707 0.797
42.553 0.846
43.414 0.861
44.224 0.81
45.032 0.808
45.858 0.826
46.627 0.769
47.389 0.762
48.153 0.764
48.953 0.8
49.748 0.795
50.494 0.746
51.275 0.781
52.105 0.83
52.96 0.855
53.763 0.803
54.522 0.759
55.279 0.757
56.062 0.783
56.877 0.815
57.689 0.812
58.451 0.762
59.21 0.759
59.983 0.773
60.774 0.791
61.576 0.802
62.321 0.745
63.051 0.73
63.79 0.739
64.555 0.765
65.34 0.785
66.101 0.761
66.835 0.734
67.581 0.746
68.359 0.778
69.148 0.789
69.897 0.749
70.658 0.761
71.463 0.805
72.29 0.827
73.115 0.825
73.862 0.747
74.608 0.746
75.334 0.726
76.016 0.682
76.704 0.688
77.404 0.7
78.171 0.767
78.983 0.812
79.727 0.744
80.519 0.792
81.344 0.825
82.206 0.862
83.022 0.816
83.764 0.742
84.528 0.764
85.321 0.793
86.129 0.808
86.883 0.754
87.609 0.726
88.351 0.742
89.126 0.775
89.907 0.781
90.701 0.794
91.437 0.736
92.166 0.729
92.894 0.728
93.641 0.747
94.401 0.76
95.12 0.719
95.832 0.712
96.551 0.719
97.296 0.745
98.076 0.78
98.815 0.739
99.562 0.747
100.338 0.776
101.13 0.792
101.927 0.797
102.662 0.735
103.372 0.71
104.084 0.712
104.803 0.719
105.552 0.749
106.312 0.76
107.029 0.717
107.747 0.718
108.478 0.731
109.237 0.759
110.023 0.786
110.774 0.751
111.504 0.73
112.233 0.729
112.986 0.753
113.763 0.777
114.513 0.75
115.214 0.701
115.919 0.705
116.621 0.702
117.338 0.717
118.064 0.726
118.758 0.694
119.453 0.695
120.154 0.701
120.889 0.735
121.657 0.768
122.434 0.777
123.16 0.726
123.883 0.723
124.61 0.727
125.363 0.753
126.125 0.762
126.856 0.731
127.575 0.719
128.294 0.719
129.027 0.733
129.772 0.745
130.525 0.753
131.235 0.71
131.954 0.719
132.672 0.718
133.414 0.742
134.172 0.758
134.905 0.733
135.627 0.722
136.34 0.713
137.072 0.732
137.822 0.75
138.559 0.737
139.262 0.703
139.971 0.709
140.676 0.705
141.388 0.712
142.12 0.732
142.839 0.719
143.564 0.725
144.294 0.73
145.052 0.758
145.816 0.764
146.562 0.746
147.267 0.705
147.969 0.702
148.661 0.692
149.369 0.708
150.077 0.708
150.763 0.686
151.44 0.677
152.113 0.673
152.797 0.684
153.513 0.716
154.27 0.757
154.987 0.717
155.715 0.728
156.448 0.733
157.183 0.735
157.891 0.708
158.598 0.707
159.312 0.714
160.054 0.742
160.807 0.753
161.531 0.724
162.245 0.714
162.956 0.711
163.67 0.714
164.399 0.729
165.112 0.713
165.798 0.686
166.486 0.688
167.18 0.694
167.903 0.723
168.665 0.762
169.408 0.743
170.104 0.696
170.802 0.698
171.509 0.707
172.233 0.724
172.968 0.735
173.681 0.713
174.387 0.706
175.091 0.704
175.808 0.717
176.526 0.718
177.216 0.69
177.903 0.687
178.59 0.687
179.298 0.708
180.035 0.737
180.782 0.747
181.493 0.711
182.203 0.71
182.917 0.714
183.637 0.72
184.356 0.719
185.05 0.694
185.748 0.698
186.451 0.703
187.172 0.721
187.898 0.726
188.608 0.71
189.308 0.7
190.011 0.703
190.716 0.705
191.422 0.706
192.115 0.693
192.766 0.651
193.414 0.648
194.056 0.642
194.706 0.65
195.372 0.666
196.058 0.686
196.731 0.673
197.396 0.665
198.055 0.659
198.728 0.673
199.433 0.705
200.113 0.68
200.815 0.702
201.551 0.736
202.304 0.753
203.068 0.764
203.78 0.712
204.478 0.698
205.169 0.691
205.87 0.701
206.553 0.683
207.229 0.676
207.896 0.667
208.578 0.682
209.289 0.711
210.007 0.718
210.706 0.699
211.387 0.681
212.08 0.693
212.786 0.706
213.507 0.721
214.194 0.687
214.865 0.671
215.533 0.668
216.221 0.688
216.913 0.692
217.592 0.679
218.258 0.666
218.935 0.677
219.619 0.684
220.323 0.704
221.027 0.704
221.714 0.687
222.398 0.684
223.093 0.695
223.802 0.709
224.499 0.697
225.175 0.676
225.859 0.684
226.576 0.717
227.318 0.742
228.019 0.701
228.711 0.692
229.4 0.689
230.117 0.717
230.849 0.732
231.581 0.732
232.294 0.713
233.022 0.728
233.757 0.735
234.495 0.738
235.218 0.723
235.914 0.696
236.615 0.701
237.334 0.719
238.077 0.743
238.844 0.767
239.552 0.708
240.27 0.718
240.981 0.711
241.708 0.727
242.45 0.742
243.159 0.709
243.857 0.698
244.564 0.707
245.287 0.723
246.017 0.73
246.742 0.725
247.428 0.686
248.115 0.687
248.81 0.695
249.521 0.711
250.21 0.689
250.882 0.672
251.558 0.676
252.251 0.693
252.967 0.716
253.679 0.712
254.364 0.685
255.045 0.681
255.735 0.69
256.437 0.702
257.134 0.697
257.811 0.677
258.481 0.67
259.157 0.676
259.839 0.682
260.516 0.677
261.178 0.662
261.843 0.665
262.508 0.665
263.211 0.703
263.923 0.712
264.624 0.701
265.336 0.712
266.069 0.733
266.811 0.742
267.536 0.725
268.24 0.704
268.946 0.706
269.657 0.711
270.375 0.718
271.074 0.699
271.76 0.686
272.448 0.688
273.166 0.718
273.902 0.736
274.617 0.715
275.304 0.687
275.987 0.683
276.698 0.711
277.444 0.746
278.197 0.753
278.915 0.718
279.635 0.72
280.349 0.714
281.078 0.729
281.81 0.732
282.502 0.692
283.19 0.688
283.884 0.694
284.591 0.707
285.318 0.727
286.038 0.72
286.751 0.713
287.477 0.726
288.231 0.754
289.0 0.769
289.753 0.753
290.468 0.715
291.183 0.715
291.884 0.701
292.557 0.673
293.215 0.658
293.868 0.653
294.517 0.649
295.188 0.671
295.862 0.674
296.521 0.659
297.209 0.688
297.924 0.715
298.599 0.675
299.291 0.692
299.986 0.695
300.698 0.712
301.429 0.731
302.15 0.721
302.833 0.683
303.519 0.686
304.205 0.686
304.912 0.707
305.647 0.735
306.382 0.735
307.1 0.718
307.818 0.718
308.542 0.724
309.275 0.733
309.989 0.714
310.684 0.695
311.389 0.705
312.104 0.715
312.83 0.726
313.549 0.719
314.247 0.698
314.945 0.698
315.644 0.699
316.365 0.721
317.08 0.715
317.775 0.695
318.472 0.697
319.189 0.717
319.922 0.733
320.657 0.735
321.349 0.692
322.043 0.694
322.75 0.707
323.475 0.725
324.205 0.73
324.906 0.701
325.588 0.682
326.271 0.683
326.966 0.695
327.688 0.722
328.42 0.732
329.12 0.7
329.806 0.686
330.487 0.681
331.184 0.697
331.897 0.713
332.604 0.707
333.297 0.693
334.028 0.731
334.768 0.74
335.504 0.736
336.271 0.767
337.002 0.731
337.708 0.706
338.422 0.714
339.139 0.717
339.835 0.696
340.521 0.686
341.177 0.656
341.841 0.664
342.507 0.666
343.194 0.687
343.871 0.677
344.543 0.672
345.182 0.639
345.831 0.649
346.46 0.629
347.099 0.639
347.742 0.643
348.383 0.641
349.006 0.623
349.638 0.632
350.276 0.638
350.925 0.649
351.588 0.663
352.255 0.667
352.923 0.668
353.559 0.636
354.198 0.639
354.829 0.631
355.47 0.641
356.134 0.664
356.788 0.654
357.47 0.682
358.156 0.686
358.889 0.733
359.643 0.754
360.368 0.725
361.114 0.746
361.843 0.729
362.565 0.722
363.301 0.736
364.042 0.741
364.747 0.705
365.436 0.689
366.119 0.683
366.813 0.694
367.52 0.707
368.208 0.688
368.9 0.692
369.608 0.708
370.303 0.695
370.989 0.686
371.668 0.679
372.376 0.708
373.1 0.724
373.832 0.732
374.543 0.711
375.251 0.708
375.963 0.712
376.684 0.721
377.42 0.736
378.158 0.738
378.882 0.724
379.609 0.727
380.324 0.715
381.0 0.676
381.661 0.661
382.337 0.676
383.016 0.679
383.715 0.699
384.439 0.724
385.18 0.741
385.89 0.71
386.58 0.69
387.252 0.672
387.926 0.674
388.595 0.669
389.261 0.666
389.93 0.669
390.617 0.687
391.313 0.696
392.019 0.706
392.723 0.704
393.388 0.665
394.051 0.663
394.711 0.66
395.377 0.666
396.053 0.676
396.695 0.642
397.334 0.639
397.961 0.627
398.596 0.635
399.253 0.657
399.936 0.683
400.646 0.71
401.336 0.69
402.062 0.726
402.8 0.738
403.55 0.75
404.316 0.766
405.015 0.699
405.721 0.706
406.425 0.704
407.145 0.72
407.859 0.714
408.581 0.722
409.293 0.712
409.977 0.684
410.667 0.69
411.355 0.688
412.068 0.713
412.811 0.743
413.576 0.765
414.32 0.744
415.04 0.72
415.764 0.724
416.498 0.734
417.236 0.738
417.98 0.744
418.702 0.722
419.384 0.682
420.043 0.659
420.716 0.673
421.384 0.668
422.078 0.694
422.824 0.746
423.599 0.775
424.349 0.75
425.041 0.692
425.724 0.683
426.424 0.7
427.145 0.721
427.872 0.727
428.591 0.719
429.334 0.743
430.092 0.758
430.861 0.769
431.581 0.72
432.311 0.73
433.045 0.734
433.787 0.742
434.503 0.716
435.19 0.687
435.882 0.692
436.579 0.697
437.298 0.719
437.974 0.676
438.63 0.656
439.291 0.661
439.948 0.657
440.603 0.655
441.258 0.655
441.916 0.658
442.577 0.661
443.252 0.675
443.944 0.692
444.645 0.701
445.352 0.707
446.03 0.678
446.705 0.675
447.377 0.672
448.056 0.679
448.721 0.665
449.37 0.649
450.007 0.637
450.652 0.645
451.308 0.656
451.996 0.688
452.724 0.728
453.469 0.745
454.179 0.71
454.89 0.711
455.606 0.716
456.355 0.749
457.092 0.737
457.793 0.701
458.508 0.715
459.24 0.732
459.988 0.748
460.737 0.749
461.472 0.735
462.182 0.71
462.897 0.715
463.635 0.738
464.388 0.753
465.128 0.74
465.851 0.723
466.586 0.735
467.327 0.741
468.103 0.776
468.872 0.769
469.625 0.753
470.376 0.751
471.141 0.765
471.899 0.758
472.601 0.702
473.302 0.701
474.011 0.709
474.751 0.74
475.52 0.769
476.29 0.77
477.057 0.767
477.81 0.753
478.562 0.752
479.28 0.718
479.991 0.711
480.703 0.712
481.431 0.728
482.194 0.763
482.938 0.744
483.627 0.689
484.317 0.69
485.004 0.687
485.703 0.699
486.384 0.681
487.056 0.672
487.722 0.666
488.392 0.67
489.068 0.676
489.758 0.69
490.462 0.704
491.151 0.689
491.817 0.666
492.487 0.67
493.165 0.678
493.865 0.7
494.573 0.708
495.255 0.682
495.941 0.686
496.618 0.677
497.312 0.694
498.006 0.694
498.692 0.686
499.375 0.683
500.097 0.722
500.856 0.759
501.626 0.77
502.42 0.794
503.149 0.729
503.871 0.722
504.597 0.726
505.327 0.73
506.079 0.752
506.778 0.699
507.496 0.718
508.218 0.722
508.99 0.772
509.762 0.772
510.518 0.756
511.236 0.718
511.959 0.723
512.695 0.736
513.433 0.738
514.166 0.733
514.877 0.711
515.6 0.723
516.346 0.746
517.093 0.747
517.854 0.761
518.56 0.706
519.284 0.724
520.041 0.757
520.794 0.753
521.499 0.705
522.198 0.699
522.932 0.734
523.674 0.742
524.378 0.704
525.072 0.694
525.764 0.692
526.479 0.715
527.21 0.731
527.96 0.75
528.661 0.701
529.368 0.707
530.086 0.718
530.815 0.729
531.498 0.683
532.182 0.684
532.88 0.698
533.598 0.718
534.305 0.707
535.0 0.695
535.67 0.67
536.356 0.686
537.041 0.685
537.772 0.731
538.495 0.723
539.191 0.696
539.89 0.699
540.579 0.689
541.279 0.7
541.982 0.703
542.673 0.691
543.339 0.666
544.03 0.691
544.73 0.7
545.471 0.741
546.224 0.753
546.938 0.714
547.662 0.724
548.371 0.709
549.101 0.73
549.83 0.729
550.524 0.694
551.201 0.677
551.876 0.675
552.566 0.69
553.269 0.703
553.959 0.69
554.647 0.688
555.339 0.692
556.048 0.709
556.765 0.717
557.476 0.711
558.157 0.681
558.841 0.684
559.531 0.69
560.226 0.695
560.906 0.68
561.568 0.662
562.233 0.665
562.894 0.661
563.575 0.681
564.264 0.689
564.948 0.684
565.608 0.66
566.281 0.673
566.971 0.69
567.671 0.7
568.389 0.718
569.069 0.68
569.756 0.687
570.437 0.681
571.169 0.732
571.873 0.704
572.551 0.678
573.197 0.646
573.849 0.652
574.509 0.66
575.221 0.712
575.962 0.741
576.672 0.71
577.344 0.672
578.017 0.673
578.695 0.678
579.388 0.693
580.093 0.705
580.789 0.696
581.452 0.663
581.821 0.369
582.1 0.279
582.741 0.641
583.411 0.67
584.129 0.718
584.888 0.759
585.668 0.78
586.444 0.776
587.199 0.755
587.895 0.696
588.572 0.677
589.242 0.67
589.924 0.682
590.644 0.72
591.374 0.73
592.107 0.733
592.802 0.695
593.479 0.677
594.147 0.668
594.826 0.679
595.505 0.679
596.176 0.671
596.85 0.674
597.526 0.676
598.191 0.665
598.84 0.649
599.484 0.644
600.125 0.641
600.757 0.632
601.383 0.626
601.991 0.608
602.604 0.613
603.233 0.629
603.886 0.653
604.563 0.677
605.275 0.712
606.007 0.732
606.7 0.693
607.398 0.698
608.086 0.688
608.778 0.692
609.466 0.688
610.121 0.655
610.784 0.663
611.442 0.658
612.117 0.675
612.811 0.694
613.499 0.688
614.178 0.679
614.86 0.682
615.561 0.701
616.293 0.732
617.029 0.736
617.715 0.686
618.401 0.686
619.081 0.68
619.764 0.683
620.457 0.693
621.15 0.693
621.845 0.695
622.514 0.669
623.188 0.674
623.892 0.704
624.614 0.722
625.295 0.681
625.986 0.691
626.669 0.683
627.379 0.71
628.115 0.736
628.828 0.713
629.509 0.681
630.168 0.659
630.841 0.673
631.523 0.682
632.239 0.716
632.977 0.738
633.737 0.76
634.5 0.763
635.251 0.751
635.986 0.735
636.689 0.703
637.355 0.666
637.989 0.634
638.603 0.614
639.213 0.61
639.823 0.61
640.306 0.483
641.238 0.932
641.917 0.679
642.668 0.751
643.354 0.686
644.065 0.711
644.788 0.723
645.601 0.813
646.436 0.835
647.25 0.814
648.03 0.78
648.829 0.799
649.62 0.791
650.419 0.799
651.212 0.793
651.95 0.738
652.684 0.734
653.398 0.714
654.122 0.724
654.842 0.72
655.564 0.722
656.286 0.722
656.999 0.713
657.716 0.717
658.427 0.711
659.168 0.741
659.906 0.738
660.641 0.735
661.329 0.688
662.019 0.69
662.708 0.689
663.41 0.702
664.146 0.736
664.868 0.722
665.565 0.697
666.254 0.689
666.932 0.678
667.614 0.682
668.31 0.696
669.014 0.704
669.718 0.704
670.401 0.683
671.085 0.684
671.785 0.7
672.494 0.709
673.226 0.732
673.945 0.719
674.638 0.693
675.328 0.69
676.03 0.702
676.739 0.709
677.462 0.723
678.151 0.689
678.836 0.685
679.522 0.686
680.217 0.695
680.942 0.725
681.668 0.726
682.37 0.702
683.039 0.669
683.709 0.67
684.382 0.673
685.072 0.69
685.79 0.718
686.519 0.729
687.233 0.714
687.916 0.683
688.602 0.686
689.288 0.686
689.976 0.688
690.671 0.695
691.348 0.677
692.013 0.665
692.673 0.66
693.322 0.649
693.959 0.637
694.604 0.645
695.243 0.639
695.874 0.631
696.51 0.636
696.99 0.48
697.866 0.876
698.533 0.667
699.219 0.686
699.892 0.673
700.567 0.675
701.274 0.707
702.051 0.777
702.807 0.756
703.55 0.743
704.308 0.758
705.097 0.789
705.843 0.746
706.567 0.724
707.293 0.726
708.04 0.747
708.765 0.725
709.459 0.694
710.158 0.699
710.853 0.695
711.563 0.71
712.289 0.726
713.024 0.735
713.723 0.699
714.417 0.694
715.106 0.689
715.793 0.687
716.508 0.715
717.211 0.703
717.89 0.679
718.557 0.667
719.212 0.655
719.873 0.661
720.563 0.69
721.25 0.687
721.906 0.656
722.549 0.643
723.204 0.655
723.869 0.665
724.565 0.696
725.286 0.721
726.024 0.738
726.767 0.743
727.504 0.737
728.198 0.694
728.888 0.69
729.574 0.686
730.249 0.675
730.929 0.68
731.609 0.68
732.299 0.69
732.977 0.678
733.641 0.664
734.307 0.666
734.984 0.677
735.68 0.696
736.399 0.719
737.127 0.728
737.84 0.713
738.536 0.696
739.216 0.68
739.897 0.681
740.593 0.696
741.309 0.716
742.012 0.703
742.731 0.719
743.436 0.705
744.106 0.67
744.778 0.672
745.445 0.667
746.128 0.683
746.824 0.696
747.528 0.704
748.233 0.705
748.907 0.674
749.588 0.681
750.264 0.676
750.959 0.695
751.678 0.719
752.383 0.705
753.079 0.696
753.764 0.685
754.419 0.655
755.092 0.673
755.766 0.674
756.452 0.686
757.113 0.661
757.77 0.657
758.421 0.651
759.077 0.656
759.718 0.641
760.35 0.632
760.984 0.634
761.624 0.64
762.263 0.639
762.901 0.638
763.525 0.624
764.13 0.605
764.725 0.595
765.324 0.599
765.937 0.613
766.597 0.66
767.298 0.701
768.007 0.709
768.688 0.681
769.394 0.706
770.123 0.729
770.913 0.79
771.702 0.789
772.455 0.753
773.203 0.748
773.962 0.759
774.734 0.772
775.497 0.763
776.212 0.715
776.915 0.703
777.613 0.698
778.32 0.707
779.04 0.72
779.757 0.717
780.459 0.702
781.169 0.71
781.884 0.715
782.608 0.724
783.313 0.705
784.021 0.708
784.736 0.715
785.448 0.712
786.134 0.686
786.793 0.659
787.431 0.638
788.077 0.646
788.738 0.661
789.459 0.721
790.21 0.751
790.994 0.784
791.751 0.757
792.446 0.695
793.126 0.68
793.799 0.673
794.457 0.658
795.114 0.657
795.756 0.642
796.399 0.643
797.054 0.655
797.726 0.672
798.421 0.695
799.129 0.708
799.806 0.677
800.489 0.683
801.174 0.685
801.87 0.696
802.576 0.706
803.27 0.694
803.948 0.678
804.622 0.674
805.307 0.685
805.984 0.677
806.644 0.66
807.289 0.645
807.913 0.624
808.553 0.64
809.208 0.655
809.895 0.687
810.623 0.728
811.325 0.702
812.027 0.702
812.727 0.7
813.443 0.716
814.193 0.75
814.972 0.779
815.697 0.725
816.393 0.696
817.086 0.693
817.815 0.729
818.571 0.756
819.353 0.782
820.117 0.764
820.846 0.729
821.586 0.74
822.339 0.753
823.119 0.78
823.888 0.769
824.651 0.763
825.368 0.717
826.084 0.716
826.796 0.712
827.526 0.73
828.265 0.739
829.0 0.735
829.717 0.717
830.447 0.73
831.208 0.761
831.976 0.768
832.749 0.773
833.474 0.725
834.205 0.731
834.915 0.71
835.635 0.72
836.328 0.693
837.01 0.682
837.71 0.7
838.48 0.77
839.324 0.844
840.182 0.858
840.953 0.771
841.728 0.775
842.511 0.783
843.291 0.78
844.097 0.806
844.842 0.745
845.591 0.749
846.366 0.775
847.11 0.744
847.863 0.753
848.572 0.709
849.299 0.727
850.057 0.758
850.83 0.773
851.614 0.784
852.358 0.744
853.093 0.735
853.842 0.749
854.595 0.753
855.355 0.76
856.095 0.74
856.847 0.752
857.618 0.771
858.401 0.783
859.129 0.728
859.873 0.744
860.608 0.735
861.345 0.737
862.107 0.762
862.811 0.704
863.539 0.728
864.262 0.723
864.997 0.735
865.768 0.771
866.488 0.72
867.212 0.724
867.939 0.727
868.701 0.762
869.481 0.78
870.206 0.725
870.959 0.753
871.699 0.74
872.449 0.75
873.193 0.744
873.891 0.698
874.592 0.701
875.294 0.702
876.011 0.717
876.755 0.744
877.474 0.719
878.205 0.731
878.89 0.685
879.549 0.659
880.19 0.641
880.832 0.642
881.517 0.685
882.22 0.703
882.968 0.748
883.748 0.78
884.532 0.784
885.314 0.782
886.081 0.767
886.792 0.711
887.481 0.689
888.163 0.682
888.853 0.69
889.566 0.713
890.269 0.703
891.009 0.74
891.698 0.689
892.398 0.7
893.095 0.697
893.809 0.714
894.574 0.765
895.344 0.77
896.086 0.742
896.793 0.707
897.499 0.706
898.227 0.728
898.974 0.747
899.725 0.751
900.433 0.708
901.133 0.7
901.831 0.698
902.534 0.703
903.261 0.727
903.97 0.709
904.682 0.712
905.393 0.711
906.116 0.723
906.878 0.762
907.605 0.727
908.332 0.727
909.069 0.737
909.793 0.724
910.525 0.732
911.215 0.69
911.924 0.709
912.65 0.726
913.394 0.744
914.158 0.764
914.876 0.718
915.595 0.719
916.326 0.731
917.067 0.741
917.839 0.772
918.596 0.757
919.313 0.717
920.042 0.729
920.768 0.726
921.5 0.732
922.226 0.726
922.924 0.698
923.632 0.708
924.323 0.691
925.04 0.717
925.75 0.71
926.43 0.68
927.116 0.686
927.79 0.674
928.501 0.711
929.219 0.718
929.923 0.704
930.61 0.687
931.304 0.694
932.009 0.705
932.716 0.707
933.437 0.721
934.123 0.686
934.793 0.67
935.44 0.647
936.086 0.646
936.728 0.642
937.36 0.632
937.996 0.636
938.644 0.648
939.33 0.686
940.05 0.72
940.754 0.704
941.446 0.692
942.137 0.691
942.851 0.714
943.59 0.739
944.337 0.747
945.048 0.711
945.748 0.7
946.451 0.703
947.167 0.716
947.908 0.741
948.641 0.733
949.332 0.691
950.035 0.703
950.738 0.703
951.476 0.738
952.228 0.752
952.938 0.71
953.646 0.708
954.338 0.692
955.04 0.702
955.738 0.698
956.42 0.682
957.109 0.689
957.793 0.684
958.515 0.722
959.265 0.75
960.001 0.736
960.72 0.719
961.439 0.719
962.174 0.735
962.934 0.76
963.677 0.743
964.412 0.735
965.123 0.711
965.826 0.703
966.516 0.69
967.206 0.69
967.881 0.675
968.537 0.656
969.203 0.666
969.88 0.677
970.6 0.72
971.352 0.752
972.102 0.75
972.825 0.723
973.552 0.727
974.292 0.74
975.043 0.751
975.779 0.736
976.495 0.716
977.194 0.699
977.888 0.694
978.597 0.709
979.326 0.729
980.043 0.717
980.726 0.683
981.42 0.694
982.125 0.705
982.847 0.722
983.576 0.729
984.271 0.695
984.977 0.706
985.682 0.705
986.411 0.729
987.132 0.721
987.824 0.692
988.503 0.679
989.185 0.682
989.907 0.722
990.644 0.737
991.361 0.717
992.069 0.708
992.788 0.719
993.528 0.74
994.277 0.749
994.981 0.704
995.682 0.701
996.368 0.686
997.065 0.697
997.76 0.695
998.426 0.666
999.091 0.665
999.755 0.664
1000.443 0.688
1001.134 0.691
1001.84 0.706
1002.545 0.705
1003.255 0.71
1003.979 0.724
1004.696 0.717
1005.394 0.698
1006.081 0.687
1006.757 0.676
1007.442 0.685
1008.148 0.706
1008.832 0.684
1009.504 0.672
1010.177 0.673
1010.852 0.675
1011.551 0.699
1012.242 0.691
1012.911 0.669
1013.577 0.666
1014.245 0.668
1014.934 0.689
1015.623 0.689
1016.314 0.691
1016.986 0.672
1017.667 0.681
1018.343 0.676
1019.026 0.683
1019.707 0.681
1020.364 0.657
1021.021 0.657
1021.673 0.652
1022.334 0.661
1022.985 0.651
1023.624 0.639
1024.273 0.649
1024.919 0.646
1025.577 0.658
1026.248 0.671
1026.901 0.653
1027.574 0.673
1028.254 0.68
1028.942 0.688
1029.683 0.741
1030.404 0.721
1031.092 0.688
1031.785 0.693
1032.47 0.685
1033.171 0.701
1033.848 0.677
1034.504 0.656
1035.127 0.623
1035.746 0.619
1036.368 0.622
1036.999 0.631
1037.66 0.661
1038.379 0.719
1039.107 0.728
1039.818 0.711
1040.484 0.666
1041.145 0.661
1041.801 0.656
1042.491 0.69
1043.193 0.702
1043.845 0.652
1044.495 0.65
1045.138 0.643
1045.789 0.651
1046.447 0.658
1047.09 0.643
1047.724 0.634
1048.361 0.637
1049.005 0.644
1049.64 0.635
1050.29 0.65
1050.938 0.648
1051.607 0.669
1052.269 0.662
1052.954 0.685
1053.636 0.682
1054.335 0.699
1055.032 0.697
1055.74 0.708
1056.441 0.701
1057.111 0.67
1057.795 0.684
1058.465 0.67
1059.124 0.659
1059.799 0.675
1060.5 0.701
1061.217 0.717
1061.958 0.741
1062.721 0.763
1063.497 0.776
1064.239 0.742
1064.958 0.719
1065.668 0.71
1066.379 0.711
1067.086 0.707
1067.776 0.69
1068.475 0.699
1069.169 0.694
1069.867 0.698
1070.553 0.686
1071.245 0.692
1071.971 0.726
1072.732 0.761
1073.492 0.76
1074.238 0.746
1074.981 0.743
1075.712 0.731
1076.414 0.702
1077.102 0.688
1077.766 0.664
1078.422 0.656
1079.055 0.633
1079.679 0.624
1080.314 0.635
1081.007 0.693
1081.768 0.761
1082.544 0.776
1083.36 0.816
1084.191 0.831
1085.022 0.831
1085.805 0.783
1086.604 0.799
1087.415 0.811
1088.242 0.827
1089.071 0.829
1089.9 0.829
1090.665 0.765
1091.422 0.757
1092.161 0.739
1092.883 0.722
1093.559 0.676
1094.271 0.712
1094.999 0.728
1095.773 0.774
1096.518 0.745
1097.252 0.734
1098.004 0.752
1098.778 0.774
1099.592 0.814
1100.369 0.777
1101.115 0.746
1101.863 0.748
1102.634 0.771
1103.426 0.792
1104.234 0.808
1105.044 0.81
1105.795 0.751
1106.561 0.766
1107.334 0.773
1108.131 0.797
1108.947 0.816
1109.732 0.785
1110.455 0.723
1111.197 0.742
1111.965 0.768
1112.756 0.791
1113.547 0.791
1114.368 0.821
1115.163 0.795
1115.9 0.737
1116.656 0.756
1117.429 0.773
1118.234 0.805
1119.039 0.805
1119.812 0.773
1120.562 0.75
1121.34 0.778
1122.109 0.769
1122.88 0.771
1123.629 0.749
1124.341 0.712
1125.077 0.736
1125.834 0.757
1126.635 0.801
1127.461 0.826
1128.213 0.752
1128.967 0.754
1129.738 0.771
1130.549 0.811
1131.376 0.827
1132.181 0.805
1132.924 0.743
1133.661 0.737
1134.406 0.745
1135.185 0.779
1135.973 0.788
1136.698 0.725
1137.398 0.7
1138.105 0.707
1138.83 0.725
1139.595 0.765
1140.335 0.74
1141.054 0.719
1141.797 0.743
1142.566 0.769
1143.41 0.844
1144.253 0.843
1145.02 0.767
1145.776 0.756
1146.542 0.766
1147.34 0.798
1148.154 0.814
1148.94 0.786
1149.672 0.732
1150.431 0.759
1151.23 0.799
1152.084 0.854
1152.945 0.861
1153.785 0.84
1154.612 0.827
1155.383 0.771
1156.166 0.783
1156.937 0.771
1157.751 0.814
1158.571 0.82
1159.371 0.8
1160.146 0.775
1160.946 0.8
1161.786 0.84
1162.7 0.914
1163.61 0.91
1164.487 0.877
1165.333 0.846
1166.128 0.795
1166.878 0.75
1167.655 0.777
1168.479 0.824
1169.356 0.877
1170.248 0.892
1171.076 0.828
1171.82 0.744
1172.577 0.757
1173.366 0.789
1174.181 0.815
1174.963 0.782
1175.689 0.726
1176.43 0.741
1177.216 0.786
1177.958 0.742
1178.663 0.705
1179.382 0.719
1180.124 0.742
1180.885 0.761
1181.61 0.725
1182.316 0.706
1183.028 0.712
1183.76 0.732
1184.512 0.752
1185.234 0.722
1185.938 0.704
1186.655 0.717
1187.387 0.732
1188.155 0.768
1188.942 0.787
1189.69 0.748
1190.42 0.73
1191.161 0.741
1191.918 0.757
1192.671 0.753
1193.383 0.712
1194.098 0.715
1194.82 0.722
1195.582 0.762
1196.35 0.768
1197.113 0.763
1197.842 0.729
1198.576 0.734
1199.323 0.747
1200.082 0.759
1200.841 0.759
1201.583 0.742
1202.307 0.724
1203.035 0.728
1203.778 0.743
1204.533 0.755
1205.27 0.737
1205.991 0.721
1206.717 0.726
1207.455 0.738
1208.212 0.757
1208.974 0.762
1209.707 0.733
1210.468 0.761
1211.243 0.775
1212.033 0.79
1212.829 0.796
1213.576 0.747
1214.327 0.751
1215.101 0.774
1215.884 0.783
1216.63 0.746
1217.325 0.695
1217.997 0.672
1218.671 0.674
1219.369 0.698
1220.111 0.742
1220.853 0.742
1221.557 0.704
1222.284 0.727
1223.052 0.768
1223.843 0.791
1224.622 0.779
1225.359 0.737
1226.103 0.744
1226.828 0.725
1227.582 0.754
1228.307 0.725
1228.997 0.69
1229.646 0.649
1230.277 0.631
1230.916 0.639
1231.597 0.681
1232.328 0.731
1233.067 0.739
1233.77 0.703
1234.456 0.686
1235.132 0.676
1235.794 0.662
1236.444 0.65
1237.122 0.678
1237.777 0.655
1238.427 0.65
1239.063 0.636
1239.705 0.642
1240.374 0.669
1241.049 0.675
1241.68 0.631
1242.319 0.639
1242.967 0.648
1243.637 0.67
1244.3 0.663
1244.943 0.643
1245.557 0.614
1246.164 0.607
1246.769 0.605
1247.373 0.604
1247.976 0.603
1248.578 0.602
1249.207 0.629
1249.86 0.653
1250.584 0.724
1251.357 0.773
1252.158 0.801
1252.992 0.834
1253.839 0.847
1254.671 0.832
1255.431 0.76
1256.169 0.738
1256.895 0.726
1257.632 0.737
1258.342 0.71
1259.033 0.691
1259.732 0.699
1260.455 0.723
1261.231 0.776
1262.007 0.776
1262.746 0.739
1263.452 0.706
1264.152 0.7
1264.857 0.705
1265.539 0.682
1266.188 0.649
1266.849 0.661
1267.517 0.668
1268.22 0.703
1268.967 0.747
1269.705 0.738
1270.464 0.759
1271.234 0.77
1272.044 0.81
1272.83 0.786
1273.533 0.703
1274.23 0.697
1274.922 0.692
1275.637 0.715
1276.372 0.735
1277.132 0.76
1277.908 0.776
1278.638 0.73
1279.384 0.746
1280.147 0.763
1280.922 0.775
1281.673 0.751
1282.408 0.735
1283.147 0.739
1283.894 0.747
1284.658 0.764
1285.428 0.77
1286.214 0.786
1286.978 0.764
1287.708 0.73
1288.433 0.725
1289.132 0.699
1289.798 0.666
1290.463 0.665
1291.132 0.669
1291.834 0.702
1292.581 0.747
1293.339 0.758
1294.076 0.737
1294.765 0.689
1295.463 0.698
1296.171 0.708
1296.892 0.721
1297.61 0.718
1298.286 0.676
1298.988 0.702
1299.72 0.732
1300.474 0.754
1301.226 0.752
1301.945 0.719
1302.677 0.732
1303.422 0.745
1304.162 0.74
1304.896 0.734
1305.584 0.688
1306.273 0.689
1306.946 0.673
1307.593 0.647
1308.267 0.674
1308.975 0.708
1309.667 0.692
1310.34 0.673
1311.027 0.687
1311.747 0.72
1312.498 0.751
1313.245 0.747
1313.933 0.688
1314.635 0.702
1315.336 0.701
1316.067 0.731
1316.823 0.756
1317.587 0.764
1318.323 0.736
1319.091 0.768
1319.797 0.706
1320.486 0.689
1321.166 0.68
1321.861 0.695
1322.595 0.734
1323.386 0.791
1324.23 0.844
1325.089 0.859
1325.927 0.838
1326.747 0.82
1327.538 0.791
1328.277 0.739
1328.96 0.683
1329.618 0.658
1330.263 0.645
1330.923 0.66
1331.592 0.669
1332.278 0.686
1333.119 0.841
1333.958 0.839
1334.821 0.863
1335.686 0.865
1336.534 0.848
1337.338 0.804
1338.08 0.742
1338.769 0.689
1339.431 0.662
1340.08 0.649
1340.725 0.645
1341.397 0.672
1342.117 0.72
1342.866 0.749
1343.649 0.783
1344.467 0.818
1345.293 0.826
1346.089 0.796
1346.872 0.783
1347.627 0.755
1348.353 0.726
1349.028 0.675
1349.678 0.65
1350.318 0.64
1350.952 0.634
1351.598 0.646
1352.294 0.696
1353.034 0.74
1353.804 0.77
1354.618 0.814
1355.457 0.839
1356.285 0.828
1357.079 0.794
1357.849 0.77
1358.586 0.737
1359.272 0.686
1359.934 0.662
1360.58 0.646
1361.223 0.643
1361.885 0.662
1362.598 0.713
1363.342 0.744
1364.147 0.805
1364.98 0.833
1365.835 0.855
1366.665 0.83
1367.445 0.78
1368.164 0.719
1368.835 0.671
1369.479 0.644
1370.106 0.627
1370.735 0.629
1371.389 0.654
1372.1 0.711
1372.87 0.77
1373.68 0.81
1374.503 0.823
1375.346 0.843
1376.165 0.819
1376.917 0.752
1377.622 0.705
1378.284 0.662
1378.918 0.634
1379.543 0.625
1380.165 0.622
1380.786 0.621
1381.425 0.639
1382.099 0.674
1382.817 0.718
1383.569 0.752
1384.357 0.788
1385.17 0.813
1385.967 0.797
1386.727 0.76
1387.443 0.716
1388.124 0.681
1388.773 0.649
1389.403 0.63
1390.024 0.621
1390.64 0.616
1391.275 0.635
1391.961 0.686
1392.693 0.732
1393.477 0.784
1394.278 0.801
1395.068 0.79
1395.851 0.783
1396.646 0.795
1397.432 0.786
1398.193 0.761
1398.898 0.705
1399.57 0.672
1400.217 0.647
1400.863 0.646
1401.526 0.663
1402.202 0.676
1402.867 0.665
1403.572 0.705
1404.301 0.729
1405.056 0.755
1405.81 0.754
1406.554 0.744
1407.273 0.719
1407.974 0.701
1408.649 0.675
1409.291 0.642
1409.925 0.634
1410.549 0.624
1411.17 0.621
1411.796 0.626
1412.475 0.679
1413.219 0.744
1414.0 0.781
1414.802 0.802
1415.611 0.809
1416.39 0.779
1417.154 0.764
1417.887 0.733
1418.571 0.684
1419.222 0.651
1419.858 0.636
1420.482 0.624
1421.106 0.624
1421.765 0.659
1422.464 0.699
1423.196 0.732
1423.955 0.759
1424.757 0.802
1425.555 0.798
1426.317 0.762
1427.04 0.723
1427.73 0.69
1428.382 0.652
1429.006 0.624
1429.608 0.602
1430.21 0.602
1430.807 0.597
1431.413 0.606
1432.032 0.619
1432.684 0.652
1433.393 0.709
1434.145 0.752
1434.933 0.788
1435.713 0.78
1436.464 0.751
1437.202 0.738
1437.925 0.723
1438.623 0.698
1439.278 0.655
1439.916 0.638
1440.536 0.62
1441.152 0.616
1441.768 0.616
1442.404 0.636
1443.076 0.672
1443.793 0.717
1444.537 0.744
1445.294 0.757
1446.047 0.753
1446.773 0.726
1447.472 0.699
1448.145 0.673
1448.798 0.653
1449.425 0.627
1450.038 0.613
1450.636 0.598
1451.233 0.597
1451.842 0.609
1452.495 0.653
1453.199 0.704
1453.975 0.776
1454.808 0.833
1455.629 0.821
1456.447 0.818
1457.236 0.789
1457.974 0.738
1458.671 0.697
1459.336 0.665
1459.981 0.645
1460.62 0.639
1461.263 0.643
1461.93 0.667
1462.614 0.684
1463.324 0.71
1464.054 0.73
1464.8 0.746
1465.555 0.755
1466.284 0.729
1466.984 0.7
1467.656 0.672
1468.309 0.653
1468.931 0.622
1469.537 0.606
1470.138 0.601
1470.732 0.594
1471.327 0.595
1471.938 0.611
1472.579 0.641
1473.29 0.711
1474.052 0.762
1474.835 0.783
1475.632 0.797
1476.412 0.78
1477.15 0.738
1477.849 0.699
1478.512 0.663
1479.148 0.636
1479.768 0.62
1480.378 0.61
1480.986 0.608
1481.6 0.614
1482.226 0.626
1482.898 0.672
1483.6 0.702
1484.324 0.724
1485.042 0.718
1485.752 0.71
1486.442 0.69
1487.1 0.658
1487.737 0.637
1488.344 0.607
1488.933 0.589
1489.527 0.594
1490.103 0.576
1490.676 0.573
1491.263 0.587
1491.882 0.619
1492.548 0.666
1493.299 0.751
1494.079 0.78
1494.873 0.794
1495.654 0.781
1496.406 0.752
1497.141 0.735
1497.839 0.698
1498.513 0.674
1499.158 0.645
1499.79 0.632
1500.413 0.623
1501.04 0.627
1501.684 0.644
1502.364 0.68
1503.069 0.705
1503.812 0.743
1504.574 0.762
1505.362 0.788
1506.139 0.777
1506.888 0.749
1507.593 0.705
1508.26 0.667
1508.897 0.637
1509.521 0.624
1510.132 0.611
1510.73 0.598
1511.34 0.61
1511.966 0.626
1512.629 0.663
1513.337 0.708
1514.072 0.735
1514.814 0.742
1515.573 0.759
1516.299 0.726
1516.994 0.695
1517.658 0.664
1518.289 0.631
1518.906 0.617
1519.508 0.602
1520.104 0.596
1520.702 0.598
1521.314 0.612
1521.973 0.659
1522.687 0.714
1523.459 0.772
1524.267 0.808
1525.058 0.791
1525.824 0.766
1526.553 0.729
1527.248 0.695
1527.908 0.66
1528.529 0.621
1529.147 0.618
1529.738 0.591
1530.328 0.59
1530.916 0.588
1531.511 0.595
1532.147 0.636
1532.827 0.68
1533.581 0.754
1534.334 0.753
1535.091 0.757
1535.848 0.757
1536.575 0.727
1537.273 0.698
1537.941 0.668
1538.58 0.639
1539.206 0.626
1539.825 0.619
1540.44 0.615
1541.058 0.618
1541.711 0.653
1542.382 0.671
1543.098 0.716
1543.861 0.763
1544.623 0.762
1545.375 0.752
1546.108 0.733
1546.813 0.705
1547.491 0.678
1548.145 0.654
1548.774 0.629
1549.395 0.621
1550.005 0.61
1550.614 0.609
1551.229 0.615
1551.865 0.636
1552.537 0.672
1553.248 0.711
1553.983 0.735
1554.722 0.739
1555.476 0.754
1556.206 0.73
1556.915 0.709
1557.606 0.691
1558.27 0.664
1558.911 0.641
1559.539 0.628
1560.152 0.613
1560.765 0.613
1561.386 0.621
1562.049 0.663
1562.78 0.731
1563.541 0.761
1564.313 0.772
1565.101 0.788
1565.868 0.767
1566.593 0.725
1567.291 0.698
1567.974 0.683
1568.62 0.646
1569.26 0.64
1569.891 0.631
1570.513 0.622
1571.129 0.616
1571.761 0.632
1572.428 0.667
1573.145 0.717
1573.901 0.756
1574.659 0.758
1575.418 0.759
1576.139 0.721
1576.824 0.685
1577.479 0.655
1578.105 0.626
1578.709 0.604
1579.311 0.602
1579.909 0.598
1580.503 0.594
1581.109 0.606
1581.746 0.637
1582.432 0.686
1583.164 0.732
1583.918 0.754
1584.687 0.769
1585.45 0.763
1586.187 0.737
1586.889 0.702
1587.565 0.676
1588.214 0.649
1588.839 0.625
1589.447 0.608
1590.049 0.602
1590.639 0.59
1591.229 0.59
1591.821 0.592
1592.464 0.643
1593.168 0.704
1593.919 0.751
1594.694 0.775
1595.479 0.785
1596.247 0.768
1596.989 0.742
1597.699 0.71
1598.377 0.678
1599.026 0.649
1599.66 0.634
1600.28 0.62
1600.898 0.618
1601.52 0.622
1602.174 0.654
1602.847 0.673
1603.569 0.722
1604.313 0.744
1605.06 0.747
1605.795 0.735
1606.508 0.713
1607.201 0.693
1607.878 0.677
1608.534 0.656
1609.167 0.633
1609.788 0.621
1610.401 0.613
1611.018 0.617
1611.641 0.623
1612.284 0.643
1612.973 0.689
1613.687 0.714
1614.458 0.771
1615.243 0.785
1616.021 0.778
1616.782 0.761
1617.512 0.73
1618.21 0.698
1618.895 0.685
1619.561 0.666
1620.233 0.672
1620.883 0.65
1621.53 0.647
1622.189 0.659
1622.859 0.67
1623.547 0.688
1624.251 0.704
1624.983 0.732
1625.728 0.745
1626.445 0.717
1627.16 0.715
1627.857 0.697
1628.557 0.7
1629.21 0.653
1629.888 0.678
1630.54 0.652
1631.16 0.62
1631.781 0.621
1632.403 0.622
1633.045 0.642
1633.72 0.675
1634.405 0.685
1635.073 0.668
1635.757 0.684
1636.435 0.678
1637.105 0.67
1637.747 0.642
1638.385 0.638
1638.995 0.61
1639.594 0.599
1640.194 0.6
1640.804 0.61
1641.42 0.616
1642.044 0.624
1642.71 0.666
1643.378 0.668