0.000 0.539
0.539 0.539
1.067 0.528
1.587 0.52
2.105 0.518
2.636 0.531
3.167 0.531
3.703 0.536
4.254 0.551
4.793 0.539
5.349 0.556
5.703 0.354
6.06 0.357
6.499 0.439
7.072 0.573
7.651 0.579
8.266 0.615
8.849 0.583
9.41 0.561
9.755 0.345
10.032 0.277
10.309 0.277
10.753 0.444
11.042 0.289
11.491 0.449
11.779 0.288
12.254 0.475
12.813 0.559
13.095 0.282
13.525 0.43
14.025 0.5
14.766 0.741
15.163 0.397
15.429 0.266
15.991 0.562
17.776 1.785
18.337 0.561
18.891 0.554
19.65 0.759
19.906 0.256
20.507 0.601
21.058 0.551
21.686 0.628
22.436 0.75
23.297 0.861
24.147 0.85
24.546 0.399
24.97 0.424
25.229 0.259
25.487 0.258
26.207 0.72
26.484 0.277
26.795 0.311
27.239 0.444
27.501 0.262
28.046 0.545
28.959 0.913
29.729 0.77
30.54 0.811
31.363 0.823
32.433 1.07
32.939 0.506
33.211 0.272
33.629 0.418
34.314 0.685
34.963 0.649
35.236 0.273
36.022 0.786
36.896 0.874
37.769 0.873
38.588 0.819
39.415 0.827
40.231 0.816
41.019 0.788
41.753 0.734
42.464 0.711
43.184 0.72
43.965 0.781
44.749 0.784
45.459 0.71
46.194 0.735
46.931 0.737
47.733 0.802
48.511 0.778
49.264 0.753
50.073 0.809
50.862 0.789
51.578 0.716
52.127 0.549
52.727 0.6
53.65 0.923
54.315 0.665
55.018 0.703
55.729 0.711
56.453 0.724
57.154 0.701
57.742 0.588
58.624 0.882
59.315 0.691
59.983 0.668
60.449 0.466
61.344 0.895
62.01 0.666
62.679 0.669
63.193 0.514
63.463 0.27
64.044 0.581
64.468 0.424
65.014 0.546
65.801 0.787
66.544 0.743
67.224 0.68
67.923 0.699
68.261 0.338
68.67 0.409
69.439 0.769
70.165 0.726
70.894 0.729
71.379 0.485
71.66 0.281
72.447 0.787
73.189 0.742
73.959 0.77
74.748 0.789
75.506 0.758
76.273 0.767
77.037 0.764
77.779 0.742
78.492 0.713
79.173 0.681
79.653 0.48
80.053 0.4
80.629 0.576
81.39 0.761
82.093 0.703
82.786 0.693
83.366 0.58
83.714 0.348
84.208 0.494
84.887 0.679
85.566 0.679
85.918 0.352
86.293 0.375
87.063 0.77
87.796 0.733
88.479 0.683
89.181 0.702
89.503 0.322
89.872 0.369
90.539 0.667
91.174 0.635
91.717 0.543
92.055 0.338
92.462 0.407
92.712 0.25
92.981 0.269
93.412 0.431
93.754 0.342
94.359 0.605
94.96 0.601
95.471 0.511
96.155 0.684
96.484 0.329
96.773 0.289
97.429 0.656
98.046 0.617
98.678 0.632
99.398 0.72
99.666 0.268
100.062 0.396
100.742 0.68
101.392 0.65
102.175 0.783
102.476 0.301
102.787 0.311
103.463 0.676
104.198 0.735
104.947 0.749
105.703 0.756
106.243 0.54
107.148 0.905
107.731 0.583
108.071 0.34
108.571 0.5
109.066 0.495
109.94 0.874
110.602 0.662
110.914 0.312
111.229 0.315
111.501 0.272
112.08 0.579
112.898 0.818
113.656 0.758
114.208 0.552
114.508 0.3
115.201 0.693
115.968 0.767
116.669 0.701
116.98 0.311
117.374 0.394
117.665 0.291
118.026 0.361
118.874 0.848
119.588 0.714
120.322 0.734
121.1 0.778
121.738 0.638
122.697 0.959
123.444 0.747
123.968 0.524
124.44 0.472
124.989 0.549
125.712 0.723
126.404 0.692
127.112 0.708
127.843 0.731
128.553 0.71
129.234 0.681
129.927 0.693
130.258 0.331
130.536 0.278
131.484 0.948
132.227 0.743
132.735 0.508
133.126 0.391
133.709 0.583
134.474 0.765
135.18 0.706
135.87 0.69
136.585 0.715
137.364 0.779
138.118 0.754
138.813 0.695
139.499 0.686
139.837 0.338
140.093 0.256
140.984 0.891
141.687 0.703
142.019 0.332
142.421 0.402
142.69 0.269
143.188 0.498
143.957 0.769
144.655 0.698
145.379 0.724
146.086 0.707
146.764 0.678
147.415 0.651
148.084 0.669
148.785 0.701
149.513 0.728
150.201 0.688
150.904 0.703
151.22 0.316
151.497 0.277
151.78 0.283
152.129 0.349
152.399 0.27
153.13 0.731
153.845 0.715
154.149 0.304
154.447 0.298
154.768 0.321
155.309 0.541
156.01 0.701
156.703 0.693
157.299 0.596
158.126 0.827
158.807 0.681
159.479 0.672
160.191 0.712
160.987 0.796
161.77 0.783
162.495 0.725
163.224 0.729
163.957 0.733
164.667 0.71
165.335 0.668
165.909 0.574
166.248 0.339
166.72 0.472
167.439 0.719
168.11 0.671
168.784 0.674
169.48 0.696
170.248 0.768
171.026 0.778
171.747 0.721
172.481 0.734
173.234 0.753
173.985 0.751
174.689 0.704
175.318 0.629
176.073 0.755
176.753 0.68
177.426 0.673
178.07 0.644
178.709 0.639
179.026 0.317
179.334 0.308
180.165 0.831
180.865 0.7
181.621 0.756
182.281 0.66
182.649 0.368
183.279 0.63
183.623 0.344
184.083 0.46
184.774 0.691
185.042 0.268
185.618 0.576
186.357 0.739
187.053 0.696
187.716 0.663
188.074 0.358
188.374 0.3
189.029 0.655
189.701 0.672
190.38 0.679
191.046 0.666
191.75 0.704
192.481 0.731
193.179 0.698
193.865 0.686
194.42 0.555
194.749 0.329
195.234 0.485
195.934 0.7
196.604 0.67
197.26 0.656
197.514 0.254
197.902 0.388
198.169 0.267
198.647 0.478
199.372 0.725
200.05 0.678
200.636 0.586
200.939 0.303
201.403 0.464
202.05 0.647
202.705 0.655
203.331 0.626
203.75 0.419
204.552 0.802
205.148 0.596
205.684 0.536
206.468 0.784
206.776 0.308
207.217 0.441
207.909 0.692
208.633 0.724
208.891 0.258
209.374 0.483
210.118 0.744
210.796 0.678
211.474 0.678
212.139 0.665
212.818 0.679
213.507 0.689
214.172 0.665
214.883 0.711
215.642 0.759
216.465 0.823
217.237 0.772
218.002 0.765
218.767 0.765
219.514 0.747
220.196 0.682
220.845 0.649
221.507 0.662
221.771 0.264
222.192 0.421
222.884 0.692
223.553 0.669
224.303 0.75
225.14 0.837
225.946 0.806
226.719 0.773
227.482 0.763
228.229 0.747
228.925 0.696
229.611 0.686
230.285 0.674
230.937 0.652
231.587 0.65
232.245 0.658
232.933 0.688
233.634 0.701
234.322 0.688
234.632 0.31
234.942 0.31
235.23 0.288
235.793 0.563
236.136 0.343
236.491 0.355
237.141 0.65
237.77 0.629
238.032 0.262
238.389 0.357
238.775 0.386
239.63 0.855
240.234 0.604
240.508 0.274
240.859 0.351
241.576 0.717
242.305 0.729
242.987 0.682
243.258 0.271
243.635 0.377
243.905 0.27
244.532 0.627
245.288 0.756
245.978 0.69
246.298 0.32
246.587 0.289
246.854 0.267
247.329 0.475
247.856 0.527
248.638 0.782
249.261 0.623
249.614 0.353
249.915 0.301
250.595 0.68
251.262 0.667
251.915 0.653
252.198 0.283
252.523 0.325
253.305 0.782
253.594 0.289
254.076 0.482
254.473 0.397
254.791 0.318
255.29 0.499
255.697 0.407
256.128 0.431
256.908 0.78
257.6 0.692
258.082 0.482
258.355 0.273
258.953 0.598
259.367 0.414
260.234 0.867
260.597 0.363
260.964 0.367
261.454 0.49
262.134 0.68
262.829 0.695
263.493 0.664
263.827 0.334
264.135 0.308
264.864 0.729
265.273 0.409
265.889 0.616
266.175 0.286
266.868 0.693
267.605 0.737
268.307 0.702
268.634 0.327
268.986 0.352
269.679 0.693
270.376 0.697
271.031 0.655
271.663 0.632
272.199 0.536
272.936 0.737
273.581 0.645
274.208 0.627
274.668 0.46
275.467 0.799
276.162 0.695
276.846 0.684
277.13 0.284
277.504 0.374
277.84 0.336
278.205 0.365
278.904 0.699
279.611 0.707
280.277 0.666
280.925 0.648
281.217 0.292
281.606 0.389
282.309 0.703
283.032 0.723
283.719 0.687
284.399 0.68
285.114 0.715
285.817 0.703
286.491 0.674
287.142 0.651
287.713 0.571
288.5 0.787
289.204 0.704
289.898 0.694
290.572 0.674
291.247 0.675
291.999 0.752
292.795 0.796
293.561 0.766
294.291 0.73
294.799 0.508
295.075 0.276
295.844 0.769
296.572 0.728
297.286 0.714
298.009 0.723
298.748 0.739
299.463 0.715
300.14 0.677
300.837 0.697
301.114 0.277
301.55 0.436
302.258 0.708
302.938 0.68
303.478 0.54
303.986 0.508
304.29 0.304
304.828 0.538
305.193 0.365
305.61 0.417
306.03 0.42
306.646 0.616
307.024 0.378
307.299 0.275
307.806 0.507
308.579 0.773
308.874 0.295
309.178 0.304
310.115 0.937
310.852 0.737
311.112 0.26
311.464 0.352
312.371 0.907
313.077 0.706
313.38 0.303
313.659 0.279
314.504 0.845
314.906 0.402
315.251 0.345
315.911 0.66
316.571 0.66
317.224 0.653
317.887 0.663
318.529 0.642
319.173 0.644
319.838 0.665
320.276 0.438
320.95 0.674
321.556 0.606
322.224 0.668
322.904 0.68
323.557 0.653
324.253 0.696
324.895 0.642
325.561 0.666
326.222 0.661
326.889 0.667
327.599 0.71
328.306 0.707
329.023 0.717
329.738 0.715
330.432 0.694
331.122 0.69
331.838 0.716
332.544 0.706
333.229 0.685
333.548 0.319
333.829 0.281
334.452 0.623
335.184 0.732
335.822 0.638
336.486 0.664
337.169 0.683
337.772 0.603
338.474 0.702
339.115 0.641
339.699 0.584
340.442 0.743
341.079 0.637
341.731 0.652
342.404 0.673
343.075 0.671
343.701 0.626
344.373 0.672
345.082 0.709
345.828 0.746
346.5 0.672
347.175 0.675
347.878 0.703
348.616 0.738
349.394 0.778
350.118 0.724
350.766 0.648
351.062 0.296
351.584 0.522
352.405 0.821
353.02 0.615
353.286 0.266
353.83 0.544
354.628 0.798
355.326 0.698
356.01 0.684
356.264 0.254
356.883 0.619
357.731 0.848
358.557 0.826
359.386 0.829
359.672 0.286
360.225 0.553
361.028 0.803
361.77 0.742
362.028 0.258
362.309 0.281
362.727 0.418
363.318 0.591
364.05 0.732
364.753 0.703
365.468 0.715
365.755 0.287
366.171 0.416
366.631 0.46
367.505 0.874
367.835 0.33
368.121 0.286
368.742 0.621
369.371 0.629
370.003 0.632
370.645 0.642
371.278 0.633
371.927 0.649
372.24 0.313
372.623 0.383
373.358 0.735
374.057 0.699
374.738 0.681
375.452 0.714
376.182 0.73
376.919 0.737
377.597 0.678
378.185 0.588
378.469 0.284
378.737 0.268
379.042 0.305
379.297 0.255
379.558 0.261
379.888 0.33
380.246 0.358
380.693 0.447
380.974 0.281
381.253 0.279
381.587 0.334
381.858 0.271
382.447 0.589
382.759 0.312
383.014 0.255
383.903 0.889
384.264 0.361
384.694 0.43
385.249 0.555
386.139 0.89
386.689 0.55
387.403 0.714
388.119 0.716
388.88 0.761
389.695 0.815
389.968 0.273
390.529 0.561
391.288 0.759
391.628 0.34
392.049 0.421
392.794 0.745
393.573 0.779
393.879 0.306
394.367 0.488
394.682 0.315
395.006 0.324
395.798 0.792
396.487 0.689
396.742 0.255
397.091 0.349
397.436 0.345
397.931 0.495
398.204 0.273
398.698 0.494
399.252 0.554
399.811 0.559
400.082 0.271
400.691 0.609
401.078 0.387
401.41 0.332
402.216 0.806
402.616 0.4
403.006 0.39
403.285 0.279
403.537 0.252
404.025 0.488
404.611 0.586
404.957 0.346
405.593 0.636
405.973 0.38
406.301 0.328
407.044 0.743
407.821 0.777
408.681 0.86
409.486 0.805
410.285 0.799
410.977 0.692
411.812 0.835
412.47 0.658
413.097 0.627
413.586 0.489
413.949 0.363
414.441 0.492
415.133 0.692
415.832 0.699
416.353 0.521
416.987 0.634
417.292 0.305
417.961 0.669
418.303 0.342
418.654 0.351
419.347 0.693
420.061 0.714
420.761 0.7
421.154 0.393
421.737 0.583
422.041 0.304
422.699 0.658
423.368 0.669
423.761 0.393
424.062 0.301
424.725 0.663
425.137 0.412
425.432 0.295
425.985 0.553
426.357 0.372
427.019 0.662
427.624 0.605
428.552 0.928
429.309 0.757
429.711 0.402
430.076 0.365
430.663 0.587
431.45 0.787
432.097 0.647
432.772 0.675
433.465 0.693
434.051 0.586
434.927 0.876
435.215 0.288
435.697 0.482
435.982 0.285
436.48 0.498
437.891 1.411
438.527 0.636
439.191 0.664
439.982 0.791
440.894 0.912
441.794 0.9
442.633 0.839
442.942 0.309
443.23 0.288
443.495 0.265
444.063 0.568
444.432 0.369
444.762 0.33
445.019 0.257
445.457 0.438
446.155 0.698
446.421 0.266
446.694 0.273
447.025 0.331
447.466 0.441
448.111 0.645
448.769 0.658
449.456 0.687
449.892 0.436
450.193 0.301
450.894 0.701
451.174 0.28
451.64 0.466
451.937 0.297
452.375 0.438
453.158 0.783
453.695 0.537
454.685 0.99
455.461 0.776
455.784 0.323
456.189 0.405
456.74 0.551
457.126 0.386
457.492 0.366
457.786 0.294
458.211 0.425
458.475 0.264
458.929 0.454
459.259 0.33
459.88 0.621
460.782 0.902
461.368 0.586
461.804 0.436
462.079 0.275
462.359 0.28
462.807 0.448
463.506 0.699
464.056 0.55
464.776 0.72
465.408 0.632
465.966 0.558
466.632 0.666
467.219 0.587
467.828 0.609
468.235 0.407
469.043 0.808
469.421 0.378
469.712 0.291
470.05 0.338
470.451 0.401
470.771 0.32
471.038 0.267
471.321 0.283
471.841 0.52
472.196 0.355
472.455 0.259
472.735 0.28
473.085 0.35
473.42 0.335
473.81 0.39
474.339 0.529
474.779 0.44
476.007 1.228
476.302 0.295
476.639 0.337
477.453 0.814
477.839 0.386
478.447 0.608
479.555 1.108
479.907 0.352
480.324 0.417
481.056 0.732
482.379 1.323
482.731 0.352
484.595 1.864
485.245 0.65
485.962 0.717
486.767 0.805
487.579 0.812
488.292 0.713
488.976 0.684
489.681 0.705
490.421 0.74
491.137 0.716
491.842 0.705
492.536 0.694
493.213 0.677
493.868 0.655
494.523 0.655
495.207 0.684
495.931 0.724
496.665 0.734
497.425 0.76
498.211 0.786
499.02 0.809
499.759 0.739
500.528 0.769
501.327 0.799
502.071 0.744
502.742 0.671
503.419 0.677
504.084 0.665
504.771 0.687
505.468 0.697
506.135 0.667
506.863 0.728
507.576 0.713
508.321 0.745
509.064 0.743
509.786 0.722
510.533 0.747
511.219 0.686
511.89 0.671
512.568 0.678
513.264 0.696
513.975 0.711
514.64 0.665
515.311 0.671
516.016 0.705
516.762 0.746
517.506 0.744
518.227 0.721
519.021 0.794
519.819 0.798
520.628 0.809
521.344 0.716
522.069 0.725
522.774 0.705
523.468 0.694
524.122 0.654
524.771 0.649
525.456 0.685
526.138 0.682
526.843 0.705
527.535 0.692
528.322 0.787
529.133 0.811
529.882 0.749
530.576 0.694
531.293 0.717
532.006 0.713
532.691 0.685
533.359 0.668
534.016 0.657
534.679 0.663
535.358 0.679
536.0 0.642
536.636 0.636
537.3 0.664
538.002 0.702
538.699 0.697
539.401 0.702
540.145 0.744
540.892 0.747
541.604 0.712
542.274 0.67
542.94 0.666
543.612 0.672
544.314 0.702
545.017 0.703
545.735 0.718
546.52 0.785
547.361 0.841
548.13 0.769
548.885 0.755
549.639 0.754
550.384 0.745
551.104 0.72
551.79 0.686
552.471 0.681
553.138 0.667
553.763 0.625
554.396 0.633
555.076 0.68
555.799 0.723
556.496 0.697
557.173 0.677
557.904 0.731
558.64 0.736
559.339 0.699
560.032 0.693
560.731 0.699
561.455 0.724
562.133 0.678
562.79 0.657
563.459 0.669
564.14 0.681
564.839 0.699
565.522 0.683
566.186 0.664
566.873 0.687
567.588 0.715
568.273 0.685
568.956 0.683
569.701 0.745
570.45 0.749
571.168 0.718
571.879 0.711
572.588 0.709
573.31 0.722
573.976 0.666
574.612 0.636
575.244 0.632
575.865 0.621
576.474 0.609
577.084 0.61
577.72 0.636
578.45 0.73
579.239 0.789
579.978 0.739
580.75 0.772
581.527 0.777
582.305 0.778
583.036 0.731
583.785 0.749
584.546 0.761
585.29 0.744
585.978 0.688
586.652 0.674
587.339 0.687
588.005 0.666
588.661 0.656
589.305 0.644
589.975 0.67
590.639 0.664
591.332 0.693
592.004 0.672
592.69 0.686
593.382 0.692
594.062 0.68
594.732 0.67
595.37 0.638
596.005 0.635
596.629 0.624
597.263 0.634
597.872 0.609
598.5 0.628
599.162 0.662
599.883 0.721
600.578 0.695
601.262 0.684
601.964 0.702
602.71 0.746
603.429 0.719
604.095 0.666
604.744 0.649
605.391 0.647
606.019 0.628
606.28 0.261
606.622 0.342
606.884 0.262
607.152 0.268
607.579 0.427
607.89 0.311
610.15 2.26
610.619 0.469
610.88 0.261
611.218 0.338
613.098 1.88
613.366 0.268
613.722 0.356
613.979 0.257
614.388 0.409
616.445 2.057
617.043 0.598
617.356 0.313
618.411 1.055
618.942 0.531
619.197 0.255
619.473 0.276
619.754 0.281
620.253 0.499
621.151 0.898
621.838 0.687
622.181 0.343
622.45 0.269
622.921 0.471
623.302 0.381
623.956 0.654
624.567 0.611
624.872 0.305
625.192 0.32
626.614 1.422
627.811 1.197
628.093 0.282
628.392 0.299
629.419 1.027
630.313 0.894
630.872 0.559
631.435 0.563
632.267 0.832
633.872 1.605
634.241 0.369
634.536 0.295
635.265 0.729
636.127 0.862
636.421 0.294
636.812 0.391
638.206 1.394
640.082 1.876
640.353 0.271
640.925 0.572
641.962 1.037
642.238 0.276
644.536 2.298
645.04 0.504
645.99 0.95
646.43 0.44
647.121 0.691
647.454 0.333
647.909 0.455
648.217 0.308
648.864 0.647
650.071 1.207
650.35 0.279
650.624 0.274
652.72 2.096
653.037 0.317
653.336 0.299
653.67 0.334
654.091 0.421
654.544 0.453
655.444 0.9
655.996 0.552
656.315 0.319
656.597 0.282
656.86 0.263
657.118 0.258
657.503 0.385
658.181 0.678
658.514 0.333
658.911 0.397
659.179 0.268
659.452 0.273
660.276 0.824
660.934 0.658
661.59 0.656
662.093 0.503
662.421 0.328
662.672 0.251
662.953 0.281
663.527 0.574
664.107 0.58
664.702 0.595
665.439 0.737
665.868 0.429
666.551 0.683
666.909 0.358
667.365 0.456
668.036 0.671
668.29 0.254
668.687 0.397
669.323 0.636
669.848 0.525
670.235 0.387
670.654 0.419
671.34 0.686
672.025 0.685
672.575 0.55
672.851 0.276
673.345 0.494
673.597 0.252
673.852 0.255
674.164 0.312
674.581 0.417
675.101 0.52
675.403 0.302
675.655 0.252
675.946 0.291
676.237 0.291
677.007 0.77
678.683 1.676
679.094 0.411
679.369 0.275
679.622 0.253
679.899 0.277
680.18 0.281
680.447 0.267
681.124 0.677
681.46 0.336
681.769 0.309
682.519 0.75
683.392 0.873
684.657 1.265
685.574 0.917
686.283 0.709
687.783 1.5
688.095 0.312
688.524 0.429
688.781 0.257
690.251 1.47
690.698 0.447
691.999 1.301
692.291 0.292
692.547 0.256
693.238 0.691
693.604 0.366
693.923 0.319
694.358 0.435
694.64 0.282
695.201 0.561
695.491 0.29
696.875 1.384
697.127 0.252
697.573 0.446
698.631 1.058
699.017 0.386
699.331 0.314
699.742 0.411
700.286 0.544
700.602 0.316
701.41 0.808
701.71 0.3
703.436 1.726
703.779 0.343
704.077 0.298
704.945 0.868
707.728 2.783
708.699 0.971
709.665 0.966
710.178 0.513
719.853 0.868
720.662 0.809
721.426 0.764
722.101 0.675
722.886 0.785
723.552 0.666
724.217 0.665
724.881 0.664
725.377 0.496
726.15 0.773
726.455 0.305
726.747 0.292
727.331 0.584
727.922 0.591
728.405 0.483
728.898 0.493
729.756 0.858
730.417 0.661
731.252 0.835
732.044 0.792
732.532 0.488
732.816 0.284
733.134 0.318
733.474 0.34
733.778 0.304
734.967 1.189
735.606 0.639
736.213 0.607
736.811 0.598
737.408 0.597
737.738 0.33
738.012 0.274
738.6 0.588
739.163 0.563
739.722 0.559
740.287 0.565
740.871 0.584
741.485 0.614
741.786 0.301
742.118 0.332
742.747 0.629
743.365 0.618
743.96 0.595
744.536 0.576
745.044 0.508
745.669 0.625
746.231 0.562
746.823 0.592
747.465 0.642
748.135 0.67
748.475 0.34
748.815 0.34
749.445 0.63
750.075 0.63
750.763 0.688
751.465 0.702
752.134 0.669
752.822 0.688
753.577 0.755
754.326 0.749
755.052 0.726
755.79 0.738
756.56 0.77
757.224 0.664
757.87 0.646
758.404 0.534
759.198 0.794
759.836 0.638
760.483 0.647
761.146 0.663
761.905 0.759
762.632 0.727
763.342 0.71
763.597 0.255
764.053 0.456
764.819 0.766
765.549 0.73
766.266 0.717
767.009 0.743
767.783 0.774
768.528 0.745
769.265 0.737
770.018 0.753
770.74 0.722
771.465 0.725
772.195 0.73
772.914 0.719
773.567 0.653
774.118 0.551
774.563 0.445
774.837 0.274
775.501 0.664
776.131 0.63
776.827 0.696
777.097 0.27
777.362 0.265
778.336 0.974
779.071 0.735
779.761 0.69
780.471 0.71
781.195 0.724
781.924 0.729
782.608 0.684
782.942 0.334
783.3 0.358
784.043 0.743
784.784 0.741
785.474 0.69
786.183 0.709
786.971 0.788
787.8 0.829
788.574 0.774
789.311 0.737
790.041 0.73
790.751 0.71
791.444 0.693
792.133 0.689
792.837 0.704
793.516 0.679
794.151 0.635
794.83 0.679
795.556 0.726
796.323 0.767
797.026 0.703
797.805 0.779
798.641 0.836
799.384 0.743
800.11 0.726
800.845 0.735
801.563 0.718
802.254 0.691
802.908 0.654
803.587 0.679
804.277 0.69
804.941 0.664
805.651 0.71
806.352 0.701
807.153 0.801
807.892 0.739
808.637 0.745
809.384 0.747
810.117 0.733
810.812 0.695
811.549 0.737
812.303 0.754
813.065 0.762
813.749 0.684
814.457 0.708
815.15 0.693
815.837 0.687
816.519 0.682
817.235 0.716
817.993 0.758
818.715 0.722
819.403 0.688
820.118 0.715
820.819 0.701
821.493 0.674
822.167 0.674
822.546 0.379
822.853 0.307
823.523 0.67
824.204 0.681
824.923 0.719
825.628 0.705
826.334 0.706
826.988 0.654
827.69 0.702
828.393 0.703
829.069 0.676
829.74 0.671
830.435 0.695
831.181 0.746
831.837 0.656
832.497 0.66
833.171 0.674
833.856 0.685
834.538 0.682
835.23 0.692
835.978 0.748
836.708 0.73
837.396 0.688
838.083 0.687
838.808 0.725
839.616 0.808
840.323 0.707
841.05 0.727
841.771 0.721
842.481 0.71
843.149 0.668
843.787 0.638
844.204 0.417
844.481 0.277
845.229 0.748
845.956 0.727
846.695 0.739
847.456 0.761
848.219 0.763
848.932 0.713
849.641 0.709
850.342 0.701
851.016 0.674
851.669 0.653
852.314 0.645
852.982 0.668
853.669 0.687
854.352 0.683
855.132 0.78
855.905 0.773
856.693 0.788
857.458 0.765
858.206 0.748
858.957 0.751
859.643 0.686
860.318 0.675
861.015 0.697
861.734 0.719
862.418 0.684
863.075 0.657
864.085 1.01
864.375 0.29
865.013 0.638
865.63 0.617
865.892 0.262
866.273 0.381
866.908 0.635
867.521 0.613
868.13 0.609
868.739 0.609
869.342 0.603
869.986 0.644
870.666 0.68
871.355 0.689
872.001 0.646
872.617 0.616
873.258 0.641
873.935 0.677
874.6 0.665
875.29 0.69
875.997 0.707
876.717 0.72
877.459 0.742
878.143 0.684
878.874 0.731
879.637 0.763
880.444 0.807
881.231 0.787
882.002 0.771
882.77 0.768
883.537 0.767
884.223 0.686
884.926 0.703
885.643 0.717
886.434 0.791
887.175 0.741
887.873 0.698
888.67 0.797
889.529 0.859
890.318 0.789
891.128 0.81
891.903 0.775
892.576 0.673
893.268 0.692
893.953 0.685
894.67 0.717
895.373 0.703
896.067 0.694
896.869 0.802
897.61 0.741
898.426 0.816
899.279 0.853
900.059 0.78
900.81 0.751
901.55 0.74
902.278 0.728
902.937 0.659
903.606 0.669
904.302 0.696
905.02 0.718
905.7 0.68
906.368 0.668
907.092 0.724
907.799 0.707
908.476 0.677
909.189 0.713
909.935 0.746
910.628 0.693
911.293 0.665
911.962 0.669
912.672 0.71
913.383 0.711
914.069 0.686
914.771 0.702
915.532 0.761
916.312 0.78
917.059 0.747
917.857 0.798
918.658 0.801
919.448 0.79
920.2 0.752
920.935 0.735
921.713 0.778
922.48 0.767
923.195 0.715
923.932 0.737
924.667 0.735
925.431 0.764
926.116 0.685
926.81 0.694
927.529 0.719
928.243 0.714
928.931 0.688
929.654 0.723
930.434 0.78
931.242 0.808
931.978 0.736
932.734 0.756
933.539 0.805
934.288 0.749
934.98 0.692
935.677 0.697
936.394 0.717
937.134 0.74
937.835 0.701
938.596 0.761
939.405 0.809
940.195 0.79
940.946 0.751
941.7 0.754
942.485 0.785
943.265 0.78
943.965 0.7
944.636 0.671
945.318 0.682
946.029 0.711
946.74 0.711
947.466 0.726
948.265 0.799
949.101 0.836
949.862 0.761
950.637 0.775
951.427 0.79
952.205 0.778
952.934 0.729
953.66 0.726
954.396 0.736
955.142 0.746
955.824 0.682
956.553 0.729
957.294 0.741
958.052 0.758
958.774 0.722
959.511 0.737
960.279 0.768
960.999 0.72
961.678 0.679
962.334 0.656
962.969 0.635
963.609 0.64
964.27 0.661
965.017 0.747
965.849 0.832
966.696 0.847
967.497 0.801
968.311 0.814
969.124 0.813
969.934 0.81
970.654 0.72
971.385 0.731
972.052 0.667
972.315 0.263
972.664 0.349
972.955 0.291
973.256 0.301
973.528 0.272
973.789 0.261
974.407 0.618
974.726 0.319
975.078 0.352
976.006 0.928
976.436 0.43
976.864 0.428
977.184 0.32
979.674 2.49
980.049 0.375
982.126 2.077
982.498 0.372
982.774 0.276
983.421 0.647
984.142 0.721
984.993 0.851
985.374 0.381
985.812 0.438
986.493 0.681
986.859 0.366
987.317 0.458
987.677 0.36
988.055 0.378
988.373 0.318
988.708 0.335
988.966 0.258
989.225 0.259
989.524 0.299
990.276 0.752
991.422 1.146
991.821 0.399
992.523 0.702
993.052 0.529
993.303 0.251
993.937 0.634
994.246 0.309
994.581 0.335
995.412 0.831
997.15 1.738
997.449 0.299
997.719 0.27
998.002 0.283
999.188 1.186
999.562 0.374
999.86 0.298
1000.171 0.311
1000.489 0.318
1000.753 0.264
1003.696 2.943
1004.195 0.499
1004.692 0.497
1005.197 0.505
1005.665 0.468
1006.126 0.461
1006.412 0.286
1006.843 0.431
1007.175 0.332
1007.901 0.726
1008.567 0.666
1009.27 0.703
1010.024 0.754
1010.846 0.822
1011.621 0.775
1012.385 0.764
1013.207 0.822
1014.054 0.847
1014.883 0.829
1015.674 0.791
1016.479 0.805
1017.325 0.846
1018.176 0.851
1018.95 0.774
1019.75 0.8
1020.612 0.862
1021.515 0.903
1022.369 0.854
1022.714 0.345
1023.246 0.532
1023.563 0.317
1024.159 0.596
1025.007 0.848
1025.911 0.904
1026.518 0.607
1026.977 0.459
1027.452 0.475
1028.354 0.902
1029.089 0.735
1029.642 0.553
1030.067 0.425
1030.407 0.34
1030.681 0.274
1031.004 0.323
1031.544 0.54
1032.408 0.864
1033.166 0.758
1033.42 0.254
1034.098 0.678
1034.785 0.687
1035.579 0.794
1035.882 0.303
1036.214 0.332
1036.526 0.312
1036.792 0.266
1037.162 0.37
1037.432 0.27
1037.996 0.564
1038.809 0.813
1039.339 0.53
1039.615 0.276
1039.887 0.272
1040.367 0.48
1040.882 0.515
1041.474 0.592
1042.264 0.79
1042.741 0.477
1043.063 0.322
1043.613 0.55
1044.648 1.035
1045.37 0.722
1045.975 0.605
1046.233 0.258
1046.947 0.714
1047.34 0.393
1047.804 0.464
1048.592 0.788
1049.397 0.805
1050.22 0.823
1051.03 0.81
1051.829 0.799
1052.67 0.841
1053.525 0.855
1053.967 0.442
1054.374 0.407
1055.144 0.77
1055.891 0.747
1056.673 0.782
1057.468 0.795
1058.215 0.747
1058.979 0.764
1059.787 0.808
1060.633 0.846
1061.187 0.554
1061.482 0.295
1062.323 0.841
1063.172 0.849
1064.005 0.833
1064.831 0.826
1065.617 0.786
1066.397 0.78
1067.215 0.818
1068.081 0.866
1068.941 0.86
1069.783 0.842
1070.649 0.866
1071.547 0.898
1072.414 0.867
1073.247 0.833
1074.063 0.816
1074.865 0.802
1075.65 0.785
1076.384 0.734
1077.166 0.782
1078.025 0.859
1078.839 0.814
1079.575 0.736
1080.378 0.803
1081.263 0.885
1082.149 0.886
1082.971 0.822
1083.811 0.84
1084.658 0.847
1085.501 0.843
1086.281 0.78
1086.728 0.447
1087.038 0.31
1087.388 0.35
1087.728 0.34
1088.064 0.336
1088.515 0.451
1089.206 0.691
1089.894 0.688
1090.689 0.795
1091.057 0.368
1091.481 0.424
1092.196 0.715
1092.918 0.722
1093.227 0.309
1093.653 0.426
1094.142 0.489
1095.051 0.909
1095.703 0.652
1096.283 0.58
1096.69 0.407
1097.013 0.323
1097.661 0.648
1097.98 0.319
1098.301 0.321
1098.633 0.332
1098.929 0.296
1099.245 0.316
1099.6 0.355
1100.287 0.687
1100.997 0.71
1101.251 0.254
1101.573 0.322
1102.097 0.524
1102.474 0.377
1103.154 0.68
1103.717 0.563
1103.972 0.255
1104.414 0.442
1104.938 0.524
1105.336 0.398
1106.054 0.718
1106.682 0.628
1107.519 0.837
1107.79 0.271
1108.247 0.457
1108.918 0.671
1109.44 0.522
1110.037 0.597
1110.32 0.283
1111.003 0.683
1111.692 0.689
1112.33 0.638
1113.177 0.847
1113.918 0.741
1114.604 0.686
1114.866 0.262
1115.224 0.358
1115.862 0.638
1116.754 0.892
1117.468 0.714
1117.739 0.271
1118.101 0.362
1118.509 0.408
1118.767 0.258
1119.401 0.634
1120.027 0.626
1120.326 0.299
1120.621 0.295
1121.317 0.696
1121.651 0.334
1121.959 0.308
1122.586 0.627
1123.222 0.636
1123.713 0.491
1124.09 0.377
1124.493 0.403
1125.364 0.871
1126.089 0.725
1126.844 0.755
1127.655 0.811
1128.445 0.79
1129.205 0.76
1129.941 0.736
1130.689 0.748
1131.454 0.765
1132.193 0.739
1132.912 0.719
1133.692 0.78
1134.512 0.82
1135.311 0.799
1136.074 0.763
1136.848 0.774
1137.633 0.785
1138.176 0.543
1138.436 0.26
1139.214 0.778
1139.972 0.758
1140.745 0.773
1141.157 0.412
1141.559 0.402
1142.237 0.678
1142.76 0.523
1143.474 0.714
1143.82 0.346
1144.274 0.454
1145.012 0.738
1145.67 0.658
1146.348 0.678
1147.019 0.671
1147.643 0.624
1148.245 0.602
1148.501 0.256
1148.769 0.268
1149.153 0.384
1149.464 0.311
1150.096 0.632
1150.753 0.657
1151.497 0.744
1152.367 0.87
1153.112 0.745
1153.884 0.772
1154.681 0.797
1155.417 0.736
1156.164 0.747
1156.89 0.726
1157.342 0.452
1157.637 0.295
1158.322 0.685
1158.985 0.663
1159.699 0.714
1160.421 0.722
1161.113 0.692
1161.777 0.664
1162.602 0.825
1163.278 0.676
1163.916 0.638
1164.541 0.625
1165.139 0.598
1165.731 0.592
1166.024 0.293
1166.343 0.319
1166.972 0.629
1167.608 0.636
1167.968 0.36
1168.262 0.294
1168.952 0.69
1169.261 0.309
1169.663 0.402
1170.307 0.644
1170.951 0.644
1171.629 0.678
1172.332 0.703
1173.009 0.677
1173.689 0.68
1174.41 0.721
1175.023 0.613
1175.838 0.815
1176.242 0.404
1176.556 0.314
1177.251 0.695
1177.86 0.609
1178.628 0.768
1179.286 0.658
1180.034 0.748
1180.287 0.253
1180.775 0.488
1181.461 0.686
1182.13 0.669
1182.655 0.525
1182.928 0.273
1183.658 0.73
1184.441 0.783
1184.786 0.345
1185.2 0.414
1185.981 0.781
1186.237 0.256
1186.504 0.267
1187.485 0.981
1188.216 0.731
1188.966 0.75
1189.641 0.675
1190.165 0.524
1190.512 0.347
1191.069 0.557
1191.824 0.755
1192.543 0.719
1193.339 0.796
1194.193 0.854
1195.007 0.814
1195.777 0.77
1196.561 0.784
1197.295 0.734
1197.983 0.688
1198.639 0.656
1199.348 0.709
1200.138 0.79
1200.869 0.731
1201.713 0.844
1202.428 0.715
1203.18 0.752
1203.99 0.81
1204.807 0.817
1205.628 0.821
1206.403 0.775
1207.098 0.695
1207.759 0.661
1208.426 0.667
1209.141 0.715
1209.941 0.8
1210.814 0.873
1211.746 0.932
1212.672 0.926
1213.653 0.981
1214.631 0.978
1215.618 0.987
1216.578 0.96
1217.498 0.92
1218.391 0.893
1219.204 0.813
1219.888 0.684
1220.521 0.633
1221.133 0.612
1221.788 0.655
1222.707 0.919
1223.656 0.949
1224.429 0.773
1224.788 0.359
1225.099 0.311
1225.375 0.276
1225.655 0.28
1225.935 0.28
1226.489 0.554
1227.32 0.831
1228.057 0.737
1228.768 0.711
1229.491 0.723
1230.252 0.761
1231.158 0.906
1232.107 0.949
1233.06 0.953
1234.005 0.945
1234.797 0.792
1235.075 0.278
1235.408 0.333
1235.881 0.473
1236.756 0.875
1237.552 0.796
1238.263 0.711
1238.943 0.68
1239.639 0.696
1240.451 0.812
1241.399 0.948
1242.376 0.977
1243.074 0.698
1243.389 0.315
1244.262 0.873
1244.81 0.548
1245.147 0.337
1245.966 0.819
1246.707 0.741
1247.401 0.694
1248.055 0.654
1248.698 0.643
1249.345 0.647
1250.037 0.692
1250.855 0.818
1251.802 0.947
1252.786 0.984
1253.741 0.955
1254.69 0.949
1255.58 0.89
1256.416 0.836
1257.133 0.717
1257.795 0.662
1258.419 0.624
1259.039 0.62
1259.728 0.689
1260.652 0.924
1261.584 0.932
1262.511 0.927
1263.41 0.899
1264.266 0.856
1265.078 0.812
1265.826 0.748
1266.529 0.703
1267.175 0.646
1267.788 0.613
1268.385 0.597
1268.995 0.61
1269.848 0.853
1270.8 0.952
1271.794 0.994
1272.765 0.971
1273.705 0.94
1274.617 0.912
1275.474 0.857
1276.266 0.792
1276.955 0.689
1277.594 0.639
1278.205 0.611
1278.808 0.603
1279.454 0.646
1280.212 0.758
1281.117 0.905
1282.076 0.959
1283.026 0.95
1283.955 0.929
1284.864 0.909
1285.747 0.883
1286.549 0.802
1287.258 0.709
1287.911 0.653
1288.539 0.628
1289.154 0.615
1289.797 0.643
1290.615 0.818
1291.555 0.94
1292.491 0.936
1293.406 0.915
1294.296 0.89
1295.125 0.829
1295.837 0.712
1296.466 0.629
1297.081 0.615
1297.671 0.59
1298.25 0.579
1298.854 0.604
1299.523 0.669
1300.161 0.638
1301.066 0.905
1301.942 0.876
1302.779 0.837
1303.583 0.804
1304.376 0.793
1305.153 0.777
1305.909 0.756
1306.621 0.712
1307.289 0.668
1307.943 0.654
1308.586 0.643
1309.229 0.643
1309.856 0.627
1310.513 0.657
1311.228 0.715
1311.992 0.764
1312.756 0.764
1313.164 0.408
1313.525 0.361
1314.03 0.505
1314.334 0.304
1314.632 0.298
1314.946 0.314
1315.638 0.692
1316.152 0.514
1316.544 0.392
1316.945 0.401
1317.572 0.627
1318.19 0.618
1318.813 0.623
1319.568 0.755
1320.491 0.923
1321.398 0.907
1322.312 0.914
1323.241 0.929
1324.157 0.916
1325.046 0.889
1325.899 0.853
1326.679 0.78
1327.357 0.678
1327.99 0.633
1328.602 0.612
1329.208 0.606
1329.874 0.666
1330.805 0.931
1331.74 0.935
1332.699 0.959
1333.658 0.959
1334.187 0.529
1334.437 0.25
1334.812 0.375
1335.42 0.608
1336.209 0.789
1336.891 0.682
1337.532 0.641
1338.148 0.616
1338.75 0.602
1339.39 0.64
1340.039 0.649
1341.028 0.989
1341.96 0.932
1342.893 0.933
1343.772 0.879
1344.545 0.773
1345.227 0.682
1345.865 0.638
1346.469 0.604
1347.054 0.585
1347.633 0.579
1348.207 0.574
1348.813 0.606
1349.467 0.654
1350.173 0.706
1350.975 0.802
1351.866 0.891
1352.757 0.891
1353.603 0.846
1354.4 0.797
1355.132 0.732
1355.845 0.713
1356.485 0.64
1357.095 0.61
1357.688 0.593
1358.292 0.604
1358.987 0.695
1359.907 0.92
1360.833 0.926
1361.667 0.834
1361.938 0.271
1362.207 0.269
1362.574 0.367
1363.112 0.538
1363.38 0.268
1364.122 0.742
1364.415 0.293
1364.784 0.369
1365.135 0.351
1365.42 0.285
1366.016 0.596
1367.174 1.158
1367.772 0.598
1368.588 0.816
1369.447 0.859
1370.374 0.927
1371.321 0.947
1372.268 0.947
1372.534 0.266
1373.199 0.665
1373.48 0.281
1374.052 0.572
1374.345 0.293
1374.975 0.63
1375.747 0.772
1376.418 0.671
1377.052 0.634
1377.339 0.287
1377.654 0.315
1378.242 0.588
1378.823 0.581
1379.462 0.639
1380.36 0.898
1381.216 0.856
1381.909 0.693
1382.368 0.459
1382.831 0.463
1383.148 0.317
1383.442 0.294
1383.801 0.359
1384.209 0.408
1385.221 1.012
1385.897 0.676
1386.535 0.638
1387.136 0.601
1387.708 0.572
1388.267 0.559
1388.831 0.564
1389.441 0.61
1390.276 0.835
1391.146 0.87
1391.997 0.851
1392.818 0.821
1393.597 0.779
1394.27 0.673
1394.902 0.632
1395.505 0.603
1396.107 0.602
1396.746 0.639
1397.488 0.742
1398.229 0.741
1398.948 0.719
1399.595 0.647
1400.288 0.693
1401.002 0.714
1401.737 0.735
1402.45 0.713
1403.147 0.697
1403.803 0.656
1404.425 0.622
1405.03 0.605
1405.647 0.617
1406.383 0.736
1407.189 0.806
1407.99 0.801
1408.819 0.829
1409.646 0.827
1410.457 0.811
1411.301 0.844
1412.134 0.833
1412.912 0.778
1413.617 0.705
1414.267 0.65
1414.884 0.617
1415.48 0.596
1416.061 0.581
1416.644 0.583
1417.234 0.59
1417.836 0.602
1418.452 0.616
1419.13 0.678
1419.878 0.748
1420.734 0.856
1421.624 0.89
1422.49 0.866
1423.214 0.724
1423.646 0.432
1424.204 0.558
1425.014 0.81
1425.769 0.755
1426.468 0.699
1427.119 0.651
1427.728 0.609
1428.311 0.583
1428.88 0.569
1429.438 0.558
1430.0 0.562
1430.623 0.623
1431.458 0.835
1432.274 0.816
1433.071 0.797
1433.815 0.744
1434.505 0.69
1435.172 0.667
1435.806 0.634
1436.418 0.612
1437.011 0.593
1437.595 0.584
1438.163 0.568
1438.741 0.578
1439.369 0.628
1440.075 0.706
1440.751 0.676
1441.814 1.063
1442.644 0.83
1443.428 0.784
1444.172 0.744
1444.861 0.689
1445.519 0.658
1446.156 0.637
1446.762 0.606
1447.352 0.59
1447.929 0.577
1448.507 0.578
1449.151 0.644
1450.016 0.865
1450.84 0.824
1451.651 0.811
1452.457 0.806
1453.132 0.675
1454.025 0.893
1454.754 0.729
1455.444 0.69
1456.078 0.634
1456.682 0.604
1457.273 0.591
1457.853 0.58
1458.443 0.59
1459.075 0.632
1459.876 0.801
1460.722 0.846
1461.551 0.829
1461.804 0.253
1462.126 0.322
1462.407 0.281
1462.68 0.273
1463.027 0.347
1463.581 0.554
1464.493 0.912
1465.189 0.696
1465.876 0.687
1466.524 0.648
1467.145 0.621
1467.777 0.632
1468.438 0.661
1469.23 0.792
1470.038 0.808
1470.892 0.854
1471.752 0.86
1472.605 0.853
1473.405 0.8
1474.148 0.743
1474.842 0.694
1475.498 0.656
1476.124 0.626
1476.716 0.592
1477.291 0.575
1477.855 0.564
1478.414 0.559
1478.985 0.571
1479.648 0.663
1480.391 0.743
1481.286 0.895
1482.148 0.862
1482.997 0.849
1483.847 0.85
1484.673 0.826
1485.45 0.777
1486.167 0.717
1486.868 0.701
1487.544 0.676
1488.198 0.654
1488.819 0.621
1489.47 0.651
1490.173 0.703
1490.897 0.724
1491.62 0.723
1492.34 0.72
1493.04 0.7
1493.764 0.724
1494.48 0.716
1495.198 0.718
1495.87 0.672
1496.538 0.668
1497.195 0.657
1497.858 0.663
1498.535 0.677
1499.213 0.678
1499.52 0.307
1499.891 0.371
1500.236 0.345
1500.499 0.263
1501.018 0.519
1501.295 0.277
1501.966 0.671
1502.269 0.303
1502.535 0.266
1503.268 0.733
1503.786 0.518
1505.63 1.844
1507.622 1.992
1508.287 0.665
1509.283 0.996
1509.649 0.366
1510.058 0.409
1510.515 0.457
1510.767 0.252
1511.361 0.594
1511.62 0.259
1512.099 0.479
1512.807 0.708
1513.569 0.762
1514.292 0.723
1514.64 0.348
1514.985 0.345
1515.281 0.296
1515.719 0.438
1516.482 0.763
1516.901 0.419
1517.214 0.313
1517.867 0.653
1518.518 0.651
1518.846 0.328
1519.204 0.358
1519.927 0.723
1520.635 0.708
1521.338 0.703
1522.025 0.687
1522.329 0.304
1522.697 0.368
1523.341 0.644
1523.658 0.317
1523.965 0.307
1524.59 0.625
1525.23 0.64