0.000 0.666
0.666 0.666
1.346 0.68
2.029 0.683
2.738 0.709
3.478 0.74
4.269 0.791
5.128 0.859
6.035 0.907
6.911 0.876
7.794 0.883
8.686 0.892
9.57 0.884
10.407 0.837
11.25 0.843
12.141 0.891
13.007 0.866
13.909 0.902
19.999 6.09
20.822 0.823
21.633 0.811
22.404 0.771
23.14 0.736
23.877 0.737
24.648 0.771
25.468 0.82
26.262 0.794
27.026 0.764
27.787 0.761
28.539 0.752
29.324 0.785
30.151 0.827
30.948 0.797
31.808 0.86
32.729 0.921
33.634 0.905
34.537 0.903
35.488 0.951
36.46 0.972
37.391 0.931
38.351 0.96
39.329 0.978
40.259 0.93
41.206 0.947
42.18 0.974
43.141 0.961
44.041 0.9
44.984 0.943
45.995 1.011
47.018 1.023
47.985 0.967
48.958 0.973
49.894 0.936
50.751 0.857
51.593 0.842
52.472 0.879
53.388 0.916
54.328 0.94
55.314 0.986
56.282 0.968
57.19 0.908
58.129 0.939
59.059 0.93
59.931 0.872
60.847 0.916
61.811 0.964
62.755 0.944
63.745 0.99
64.754 1.009
65.724 0.97
66.713 0.989
67.683 0.97
68.587 0.904
69.494 0.907
70.441 0.947
71.374 0.933
72.34 0.966
73.334 0.994
74.28 0.946
75.247 0.967
76.222 0.975
77.12 0.898
78.01 0.89
78.921 0.911
79.787 0.866
80.689 0.902
81.637 0.948
82.539 0.902
83.459 0.92
84.406 0.947
85.29 0.884
86.169 0.879
87.054 0.885
87.904 0.85
88.755 0.851
89.601 0.846
90.443 0.842
91.246 0.803
92.076 0.83
92.952 0.876
93.859 0.907
94.73 0.871
95.609 0.879
96.512 0.903
97.399 0.887
98.248 0.849
99.111 0.863
99.998 0.887
100.892 0.894
101.8 0.908
102.771 0.971
103.748 0.977
104.686 0.938
105.645 0.959
106.619 0.974
107.561 0.942
108.486 0.925
109.421 0.935
110.337 0.916
111.215 0.878
112.128 0.913
113.067 0.939
113.965 0.898
114.839 0.874
115.727 0.888
116.655 0.928
117.554 0.899
118.439 0.885
119.345 0.906
120.28 0.935
121.181 0.901
122.114 0.933
123.071 0.957
124.006 0.935
124.937 0.931
125.885 0.948
126.831 0.946
127.728 0.897
128.646 0.918
129.592 0.946
130.54 0.948
131.451 0.911
132.37 0.919
133.309 0.939
134.205 0.896
135.11 0.905
136.017 0.907
136.941 0.924
137.831 0.89
138.76 0.929
139.71 0.95
140.66 0.95
141.571 0.911
142.501 0.93
143.448 0.947
144.39 0.942
145.303 0.913
146.254 0.951
147.222 0.968
148.171 0.949
149.145 0.974
150.135 0.99
151.106 0.971
152.062 0.956
153.033 0.971
154.006 0.973
154.942 0.936
155.894 0.952
156.847 0.953
157.768 0.921
158.705 0.937
159.653 0.948
160.573 0.92
161.492 0.919
162.408 0.916
163.228 0.82
164.021 0.793
164.82 0.799
165.668 0.848
166.508 0.84
167.309 0.801
168.043 0.734
168.777 0.734
169.536 0.759
170.309 0.773
171.136 0.827
172.014 0.878
172.908 0.894
173.766 0.858
174.659 0.893
175.583 0.924
176.493 0.91
177.389 0.896
178.325 0.936
179.276 0.951
180.177 0.901
181.113 0.936
182.054 0.941
182.943 0.889
183.828 0.885
184.746 0.918
185.639 0.893
186.488 0.849
187.345 0.857
188.237 0.892
189.113 0.876
190.029 0.916
190.974 0.945
191.88 0.906
192.8 0.92
193.726 0.926
194.596 0.87
195.463 0.867
196.312 0.849
197.112 0.8
197.887 0.775
198.688 0.801
199.569 0.881
200.484 0.915
201.399 0.915
202.365 0.966
203.343 0.978
204.268 0.925
205.185 0.917
206.087 0.902
206.969 0.882
207.832 0.863
208.735 0.903
209.715 0.98
210.665 0.95
211.631 0.966
212.615 0.984
213.546 0.931
214.477 0.931
215.43 0.953
216.397 0.967
217.314 0.917
218.248 0.934
219.207 0.959
220.133 0.926
221.09 0.957
222.074 0.984
223.04 0.966
223.956 0.916
224.878 0.922
225.793 0.915
226.679 0.886
227.582 0.903
228.549 0.967
229.537 0.988
230.477 0.94
231.442 0.965
232.415 0.973
233.344 0.929
234.292 0.948
235.268 0.976
236.211 0.943
237.161 0.95
238.137 0.976
239.105 0.968
240.087 0.982
241.078 0.991
242.027 0.949
242.981 0.954
243.964 0.983
244.945 0.981
245.882 0.937
246.829 0.947
247.801 0.972
248.748 0.947
249.691 0.943
250.649 0.958
251.618 0.969
252.547 0.929
253.476 0.929
254.403 0.927
255.276 0.873
256.148 0.872
257.07 0.922
258.052 0.982
259.006 0.954
259.991 0.985
260.992 1.001
261.952 0.96
262.907 0.955
263.85 0.943
264.754 0.904
265.63 0.876
266.529 0.899
267.469 0.94
268.403 0.934
269.343 0.94
270.315 0.972
271.275 0.96
272.195 0.92
273.121 0.926
274.053 0.932
274.941 0.888
275.832 0.891
276.759 0.927
277.686 0.927
278.659 0.973
279.682 1.023
280.669 0.987
281.599 0.93
282.504 0.905
283.352 0.848
284.136 0.784
284.9 0.764
285.69 0.79
286.545 0.855
287.394 0.849
288.292 0.898
289.231 0.939
290.146 0.915
291.054 0.908
291.963 0.909
292.857 0.894
293.716 0.859
294.578 0.862
295.447 0.869
296.317 0.87
297.162 0.845
298.038 0.876
298.96 0.922
299.899 0.939
300.802 0.903
301.714 0.912
302.63 0.916
303.53 0.9
304.384 0.854
305.243 0.859
306.132 0.889
307.003 0.871
307.889 0.886
308.795 0.906
309.677 0.882
310.566 0.889
311.485 0.919
312.388 0.903
313.232 0.844
314.067 0.835
314.902 0.835
315.73 0.828
316.551 0.821
317.422 0.871
318.362 0.94
319.28 0.918
320.214 0.934
321.16 0.946
322.092 0.932
322.972 0.88
323.855 0.883
324.746 0.891
325.64 0.894
326.511 0.871
327.405 0.894
328.326 0.921
329.241 0.915
330.122 0.881
331.024 0.902
331.947 0.923
332.844 0.897
333.742 0.898
334.641 0.899
335.52 0.879
336.333 0.813
337.141 0.808
337.968 0.827
338.806 0.838
339.654 0.848
340.557 0.903
341.516 0.959
342.46 0.944
343.359 0.899
344.211 0.852
345.009 0.798
345.764 0.755
346.512 0.748
347.257 0.745
348.022 0.765
348.845 0.823
349.667 0.822
350.469 0.802
351.242 0.773
352.028 0.786
352.837 0.809
353.674 0.837
354.517 0.843
355.322 0.805
356.111 0.789
356.913 0.802
357.706 0.793
358.527 0.821
359.369 0.842
360.227 0.858
361.071 0.844
361.915 0.844
362.739 0.824
363.484 0.745
364.222 0.738
364.959 0.737
365.68 0.721
366.428 0.748
367.213 0.785
368.066 0.853
368.885 0.819
369.712 0.827
370.55 0.838
371.364 0.814
372.13 0.766
372.899 0.769
373.64 0.741
374.344 0.704
375.031 0.687
375.754 0.723
376.56 0.806
377.436 0.876
378.326 0.89
379.17 0.844
380.018 0.848
380.877 0.859
381.712 0.835
382.516 0.804
383.33 0.814
384.157 0.827
385.021 0.864
385.917 0.896
386.78 0.863
387.676 0.896
388.604 0.928
389.493 0.889
390.399 0.906
391.316 0.917
392.209 0.893
393.097 0.888
394.01 0.913
394.942 0.932
395.835 0.893
396.754 0.919
397.694 0.94
398.605 0.911
399.533 0.928
400.487 0.954
401.403 0.916
402.296 0.893
403.082 0.786
403.864 0.782
404.673 0.809
405.512 0.839
406.409 0.897
407.285 0.876
408.194 0.909
409.109 0.915
409.953 0.844
410.74 0.787
411.437 0.697
412.128 0.691
412.818 0.69
413.515 0.697
414.319 0.804
415.324 1.005
416.282 0.958
417.256 0.974
418.202 0.946
419.067 0.865
419.915 0.848
420.776 0.861
421.675 0.899
422.595 0.92
423.53 0.935
424.458 0.928
425.33 0.872
426.217 0.887
427.14 0.923
428.049 0.909
428.968 0.919
429.892 0.924
430.783 0.891
431.687 0.904
432.588 0.901
433.449 0.861
434.309 0.86
435.18 0.871
436.024 0.844
436.899 0.875
437.769 0.87
438.628 0.859
439.518 0.89
440.429 0.911
441.289 0.86
442.165 0.876
443.057 0.892
443.956 0.899
444.837 0.881
445.78 0.943
446.738 0.958
447.656 0.918
448.584 0.928
449.453 0.869
450.253 0.8
451.028 0.775
451.818 0.79
452.738 0.92
453.645 0.907
454.62 0.975
455.564 0.944
456.453 0.889
457.37 0.917
458.288 0.918
459.15 0.862
460.02 0.87
460.82 0.8
461.627 0.807
462.471 0.844
463.295 0.824
464.153 0.858
465.02 0.867
465.852 0.832
466.704 0.852
467.568 0.864
468.395 0.827
469.173 0.778
469.954 0.781
470.733 0.779
471.515 0.782
472.356 0.841
473.243 0.887
474.143 0.9
474.999 0.856
475.852 0.853
476.706 0.854
477.53 0.824
478.369 0.839
479.242 0.873
480.112 0.87
480.912 0.8
481.734 0.822
482.555 0.821
483.368 0.813
484.208 0.84
485.027 0.819
485.817 0.79
486.618 0.801
487.46 0.842
488.273 0.813
489.086 0.813
489.898 0.812
496.993 7.095
497.807 0.814
498.664 0.857
499.523 0.859
500.288 0.765
501.062 0.774
501.884 0.822
502.69 0.806
503.542 0.852
504.42 0.878
505.259 0.839
506.147 0.888
507.006 0.859
507.869 0.863
508.736 0.867
509.553 0.817
510.396 0.843
511.166 0.77
511.977 0.811
512.804 0.827
513.609 0.805
514.484 0.875
515.397 0.913
516.276 0.879
517.145 0.869
518.022 0.877
518.917 0.895
519.762 0.845
520.619 0.857
521.496 0.877
522.33 0.834
523.179 0.849
524.072 0.893
524.982 0.91
525.866 0.884
526.79 0.924
527.669 0.879
528.578 0.909
529.477 0.899
530.321 0.844
531.167 0.846
532.037 0.87
532.925 0.888
533.767 0.842
534.63 0.863
535.502 0.872
536.334 0.832
537.182 0.848
538.025 0.843
538.834 0.809
539.643 0.809
540.481 0.838
541.352 0.871
542.193 0.841
543.052 0.859
543.897 0.845
544.68 0.783
545.458 0.778
546.26 0.802
547.052 0.792
547.833 0.781
548.65 0.817
549.516 0.866
550.346 0.83
551.172 0.826
552.012 0.84
552.797 0.785
553.583 0.786
554.391 0.808
555.222 0.831
556.042 0.82
556.912 0.87
557.833 0.921
558.68 0.847
559.496 0.816
560.295 0.799
561.109 0.814
561.923 0.814
562.832 0.909
563.787 0.955
564.706 0.919
565.665 0.959
566.61 0.945
567.5 0.89
568.382 0.882
569.238 0.856
570.056 0.818
570.897 0.841
571.783 0.886
572.668 0.885
573.578 0.91
574.523 0.945
575.414 0.891
576.288 0.874
577.177 0.889
578.066 0.889
578.921 0.855
579.794 0.873
580.704 0.91
581.586 0.882
582.438 0.852
583.315 0.877
584.188 0.873
585.017 0.829
585.888 0.871
586.781 0.893
587.651 0.87
588.548 0.897
589.461 0.913
590.315 0.854
591.18 0.865
592.046 0.866
592.874 0.828
593.702 0.828
594.576 0.874
595.468 0.892
596.297 0.829
597.111 0.814
597.916 0.805
598.687 0.771
599.47 0.783
600.305 0.835
601.143 0.838
601.967 0.824
602.823 0.856
603.649 0.826
604.425 0.776
605.211 0.786
606.009 0.798
606.807 0.798
607.676 0.869
608.594 0.918
609.523 0.929
610.436 0.913
611.361 0.925
612.252 0.891
613.095 0.843
613.938 0.843
614.803 0.865
615.655 0.852
616.573 0.918
617.51 0.937
618.415 0.905
619.344 0.929
620.275 0.931
621.137 0.862
622.026 0.889
622.928 0.902
623.814 0.886
624.689 0.875
625.593 0.904
626.447 0.854
627.292 0.845
628.156 0.864
629.006 0.85
629.809 0.803
630.624 0.815
631.433 0.809
632.187 0.754
632.946 0.759
633.736 0.79
634.562 0.826
635.339 0.777
636.124 0.785
636.925 0.801
637.71 0.785
638.489 0.779
639.302 0.813
640.16 0.858
640.974 0.814
641.808 0.834
642.655 0.847
643.467 0.812
644.241 0.774
645.061 0.82
645.946 0.885
646.846 0.9
647.785 0.939
648.718 0.933
649.58 0.862
650.43 0.85
651.256 0.826
652.019 0.763
652.792 0.773
653.634 0.842
654.494 0.86
655.348 0.854
656.224 0.876
657.038 0.814
657.76 0.722
658.441 0.681
659.134 0.693
659.849 0.715
660.596 0.747
661.413 0.817
662.265 0.852
663.069 0.804
663.811 0.742
664.545 0.734
665.275 0.73
666.008 0.733
666.735 0.727
667.503 0.768
668.369 0.866
669.242 0.873
670.117 0.875
670.99 0.873
671.804 0.814
672.61 0.806
673.473 0.863
674.412 0.939
675.318 0.906
676.243 0.925
677.169 0.926
678.041 0.872
678.926 0.885
679.804 0.878
680.621 0.817
681.445 0.824
682.308 0.863
683.19 0.882
684.115 0.925
685.057 0.942
685.911 0.854
686.709 0.798
687.49 0.781
688.249 0.759
688.998 0.749
689.813 0.815
690.705 0.892
691.57 0.865
692.37 0.8
693.166 0.796
693.967 0.801
694.749 0.782
695.514 0.765
696.353 0.839
697.243 0.89
698.111 0.868
698.99 0.879
699.907 0.917
700.805 0.898
701.69 0.885
702.577 0.887
703.414 0.837
704.246 0.832
705.08 0.834
705.922 0.842
706.8 0.878
707.759 0.959
708.742 0.983
709.659 0.917
710.593 0.934
711.525 0.932
712.403 0.878
713.268 0.865
714.08 0.812
714.809 0.729
715.483 0.674
716.163 0.68
716.879 0.716
717.776 0.897
718.68 0.904
719.526 0.846
720.331 0.805
721.116 0.785
721.879 0.763
722.65 0.771
723.457 0.807
724.295 0.838
725.125 0.83
725.987 0.862
726.842 0.855
727.665 0.823
728.493 0.828
729.352 0.859
730.236 0.884
731.16 0.924
732.141 0.981
733.128 0.987
734.082 0.954
735.032 0.95
735.988 0.956
736.908 0.92
737.875 0.967
738.84 0.965
739.81 0.97
740.842 1.032
741.861 1.019
742.821 0.96
743.784 0.963
744.719 0.935
745.605 0.886
746.518 0.913
747.448 0.93
748.29 0.842
749.046 0.756
749.767 0.721
750.458 0.691
751.154 0.696
751.844 0.69
752.602 0.758
753.388 0.786
754.224 0.836
755.052 0.828
755.787 0.735
756.475 0.688
757.143 0.668
757.807 0.664
758.492 0.685
759.215 0.723
759.945 0.73
760.677 0.732
761.45 0.773
762.308 0.858
763.205 0.897
764.115 0.91
764.998 0.883
765.818 0.82
766.57 0.752
767.309 0.739
768.051 0.742
768.866 0.815
769.721 0.855
770.59 0.869
771.565 0.975
772.59 1.025
773.565 0.975
774.547 0.982
775.526 0.979
776.452 0.926
777.385 0.933
778.235 0.85
779.055 0.82
779.916 0.861
780.909 0.993
781.893 0.984
782.915 1.022
783.92 1.005
784.877 0.957
785.855 0.978
786.823 0.968
787.758 0.935
788.697 0.939
789.616 0.919
790.537 0.921
791.537 1.0
792.555 1.018
793.55 0.995
794.557 1.007
795.53 0.973
796.513 0.983
797.436 0.923
798.375 0.939
799.2 0.825
800.023 0.823
800.836 0.813
801.663 0.827
802.615 0.952
803.646 1.031
804.595 0.949
805.577 0.982
806.561 0.984
807.473 0.912
808.378 0.905
809.275 0.897
810.137 0.862
811.042 0.905
812.001 0.959
812.916 0.915
813.844 0.928
814.778 0.934
815.648 0.87
816.536 0.888
817.449 0.913
818.332 0.883
819.255 0.923
820.184 0.929
821.071 0.887
821.987 0.916
822.911 0.924
823.781 0.87
824.655 0.874
825.513 0.858
826.329 0.816
827.175 0.846
828.062 0.887
828.947 0.885
829.858 0.911
830.777 0.919
831.649 0.872
832.516 0.867
833.374 0.858
834.192 0.818
834.973 0.781
835.746 0.773
836.502 0.756
837.253 0.751
838.047 0.794
838.891 0.844
839.718 0.827
840.576 0.858
841.439 0.863
842.247 0.808
843.036 0.789
843.792 0.756
844.552 0.76
845.292 0.74
846.052 0.76
846.862 0.81
847.699 0.837
848.553 0.854
849.426 0.873
850.271 0.845
851.078 0.807
851.89 0.812
852.714 0.824
853.504 0.79
854.307 0.803
855.107 0.8
855.871 0.764
856.605 0.734
857.382 0.777
858.183 0.801
858.962 0.779
859.787 0.825
860.663 0.876
861.505 0.842
862.369 0.864
863.231 0.862
864.035 0.804
864.826 0.791
865.61 0.784
866.39 0.78
867.149 0.759
867.924 0.775
868.749 0.825
869.562 0.813
870.375 0.813
871.189 0.814
871.983 0.794
886.753 0.765
887.535 0.782
888.309 0.774
889.071 0.762
889.853 0.782
890.682 0.829
891.486 0.804
892.298 0.812
893.131 0.833
893.938 0.807
894.754 0.816
895.602 0.848
896.403 0.801
897.215 0.812
898.074 0.859
898.94 0.866
899.784 0.844
900.631 0.847
901.458 0.827
902.251 0.793
903.055 0.804
903.893 0.838
904.736 0.843
905.566 0.83
906.43 0.864
907.324 0.894
908.183 0.859
909.046 0.863
909.915 0.869
910.777 0.862
911.666 0.889
912.55 0.884
913.372 0.822
914.236 0.864
915.14 0.904
916.051 0.911
916.996 0.945
917.96 0.964
918.864 0.904
919.786 0.922
920.685 0.899
921.552 0.867
922.447 0.895
923.361 0.914
924.253 0.892
925.176 0.923
926.132 0.956
927.01 0.878
927.901 0.891
928.8 0.899
929.657 0.857
930.564 0.907
931.501 0.937
932.4 0.899
933.341 0.941
934.277 0.936
935.175 0.898
936.079 0.904
936.967 0.888
937.782 0.815
938.583 0.801
939.407 0.824
940.24 0.833
941.048 0.808
941.907 0.859
942.816 0.909
943.722 0.906
944.645 0.923
945.55 0.905
946.401 0.851
947.251 0.85
948.103 0.852
948.983 0.88
949.859 0.876
950.829 0.97
951.802 0.973
952.725 0.923
953.649 0.924
954.56 0.911
955.424 0.864
956.275 0.851
957.091 0.816
957.876 0.785
958.655 0.779
959.511 0.856
960.495 0.984
961.455 0.96
962.471 1.016
963.502 1.031
964.464 0.962
965.432 0.968
966.377 0.945
967.274 0.897
968.198 0.924
969.133 0.935
970.018 0.885
970.94 0.922
971.885 0.945
972.805 0.92
973.755 0.95
974.735 0.98
975.659 0.924
976.606 0.947
977.531 0.925
978.403 0.872
979.311 0.908
980.243 0.932
981.146 0.903
982.092 0.946
983.045 0.953
983.94 0.895
984.844 0.904
985.776 0.932
986.661 0.885
987.571 0.91
988.502 0.931
989.408 0.906
990.334 0.926
991.263 0.929
992.146 0.883
993.029 0.883
993.895 0.866
994.697 0.802
995.473 0.776
996.274 0.801
997.183 0.909
998.088 0.905
999.006 0.918
999.846 0.84
1000.605 0.759
1001.302 0.697
1001.98 0.678
1002.641 0.661
1003.289 0.648
1003.941 0.652
1004.58 0.639
1005.216 0.636
1005.869 0.653
1006.528 0.659
1007.184 0.656
1007.857 0.673
1008.55 0.693
1009.245 0.695
1009.921 0.676
1010.615 0.694
1011.349 0.734
1012.106 0.757
1012.939 0.833
1013.773 0.834
1014.534 0.761
1015.288 0.754
1016.068 0.78
1016.903 0.835
1017.798 0.895
1018.716 0.918
1019.591 0.875
1020.468 0.877
1021.321 0.853
1022.112 0.791
1022.899 0.787
1023.773 0.874
1024.685 0.912
1025.644 0.959
1026.569 0.925
1027.454 0.885
1028.339 0.885
1029.266 0.927
1030.187 0.921
1031.185 0.998
1032.219 1.034
1033.191 0.972
1034.187 0.996
1035.179 0.992
1036.107 0.928
1037.063 0.956
1037.963 0.9
1038.803 0.84
1039.658 0.855
1040.573 0.915
1041.5 0.927
1042.496 0.996
1043.489 0.993
1044.44 0.951
1045.402 0.962
1046.343 0.941
1047.214 0.871
1048.091 0.877
1048.993 0.902
1049.882 0.889
1050.835 0.953
1051.867 1.032
1052.85 0.983
1053.852 1.002
1054.877 1.025
1055.837 0.96
1056.83 0.993
1057.82 0.99
1058.759 0.939
1059.718 0.959
1060.727 1.009
1061.695 0.968
1062.704 1.009
1063.718 1.014
1064.677 0.959
1065.649 0.972
1066.604 0.955
1067.511 0.907
1068.439 0.928
1069.404 0.965
1070.372 0.968
1071.32 0.948
1072.334 1.014
1073.376 1.042
1074.364 0.988
1075.387 1.023
1076.404 1.017
1077.352 0.948
1078.313 0.961
1079.29 0.977
1080.23 0.94
1081.256 1.026
1082.333 1.077
1083.364 1.031
1084.344 0.98
1085.353 1.009
1086.351 0.998
1087.286 0.935
1088.242 0.956
1089.211 0.969
1090.148 0.937
1091.095 0.947
1092.057 0.962
1092.995 0.938
1094.004 1.009
1095.035 1.031
1096.023 0.988
1097.017 0.994
1098.006 0.989
1098.952 0.946
1099.886 0.934
1100.84 0.954
1101.794 0.954
1102.704 0.91
1103.65 0.946
1104.595 0.945
1105.524 0.929
1106.494 0.97
1107.489 0.995
1108.432 0.943
1109.395 0.963
1110.338 0.943
1111.237 0.899
1112.176 0.939
1113.148 0.972
1114.093 0.945
1115.091 0.998
1116.11 1.019
1117.081 0.971
1118.052 0.971
1118.973 0.921
1119.838 0.865
1120.737 0.899
1121.684 0.947
1122.613 0.929
1123.606 0.993
1124.569 0.963
1125.47 0.901
1126.367 0.897
1127.215 0.848
1128.042 0.827
1128.923 0.881
1129.87 0.947
1130.825 0.955
1131.823 0.998
1132.781 0.958
1133.73 0.949
1134.671 0.941
1135.561 0.89
1136.385 0.824
1137.251 0.866
1138.221 0.97
1139.205 0.984
1140.255 1.05
1141.289 1.034
1142.263 0.974
1143.253 0.99
1144.224 0.971
1145.133 0.909
1146.067 0.934
1147.043 0.976
1148.005 0.962
1149.015 1.01
1150.047 1.032
1151.015 0.968
1152.006 0.991
1152.981 0.975
1153.91 0.929
1154.845 0.935
1155.803 0.958
1156.732 0.929
1157.694 0.962
1158.705 1.011
1159.661 0.956
1160.65 0.989
1161.648 0.998
1162.618 0.97
1163.623 1.005
1164.623 1.0
1165.586 0.963
1166.578 0.992
1167.585 1.007
1168.558 0.973
1169.577 1.019
1170.604 1.027
1171.553 0.949
1172.516 0.963
1173.501 0.985
1174.433 0.932
1175.388 0.955
1176.367 0.979
1177.304 0.937
1178.26 0.956
1179.255 0.995
1180.189 0.934
1181.151 0.962
1182.057 0.906
1182.93 0.873
1183.757 0.827
1184.543 0.786
1185.351 0.808
1186.278 0.927
1187.248 0.97
1188.152 0.904
1189.044 0.892
1189.852 0.808
1190.609 0.757
1191.338 0.729
1192.049 0.711
1192.662 0.613
1193.386 0.724
1194.037 0.651
1194.694 0.657
1195.4 0.706
1196.267 0.867
1197.056 0.789
1197.849 0.793
1198.699 0.85
1199.523 0.824
1200.347 0.824
1201.154 0.807
1201.936 0.782
1202.735 0.799
1203.577 0.842
1204.44 0.863
1205.331 0.891
1206.261 0.93
1207.203 0.942
1208.136 0.933
1209.034 0.898
1209.947 0.913
1210.871 0.924
1211.768 0.897
1212.61 0.842
1213.364 0.754
1214.069 0.705
1214.764 0.695
1215.461 0.697
1216.188 0.727
1216.963 0.775
1217.849 0.886
1218.76 0.911
1219.601 0.841
1220.385 0.784
1221.154 0.769
1221.959 0.805
1222.815 0.856
1223.721 0.906
1224.697 0.976
1225.686 0.989
1226.684 0.998
1227.695 1.011
1228.664 0.969
1229.623 0.959
1230.624 1.001
1231.572 0.948
1232.54 0.968
1233.51 0.97
1234.421 0.911
1235.376 0.955
1236.361 0.985
1237.268 0.907
1238.137 0.869
1238.955 0.818
1239.745 0.79
1240.536 0.791
1241.36 0.824
1242.16 0.8
1242.974 0.814
1243.867 0.893
1244.773 0.906
1245.658 0.885
1246.539 0.881
1247.421 0.882
1248.288 0.867
1249.179 0.891
1250.109 0.93
1251.012 0.903
1251.97 0.958
1252.957 0.987
1253.886 0.929
1254.843 0.957
1255.847 1.004
1256.893 1.046
1257.905 1.012
1258.978 1.073
1260.058 1.08
1261.061 1.003
1262.082 1.021
1263.08 0.998
1264.049 0.969
1265.107 1.058
1266.198 1.091
1267.257 1.059
1268.249 0.992
1268.739 0.49
1269.125 0.386
1269.954 0.829
1270.757 0.803
1271.661 0.904
1272.736 1.075
1273.856 1.12
1274.939 1.083
1275.971 1.032
1276.973 1.002
1277.832 0.859
1278.616 0.784
1279.34 0.724
1280.083 0.743
1280.977 0.894
1282.095 1.118
1283.233 1.138
1284.335 1.102
1285.414 1.079
1286.437 1.023
1287.348 0.911
1288.166 0.818
1288.911 0.745
1289.629 0.718
1290.359 0.73
1291.145 0.786
1292.147 1.002
1293.264 1.117
1294.38 1.116
1295.458 1.078
1296.479 1.021
1297.4 0.921
1298.199 0.799
1298.92 0.721
1299.606 0.686
1300.281 0.675
1300.965 0.684
1301.73 0.765
1302.708 0.978
1303.822 1.114
1304.93 1.108
1305.98 1.05
1306.963 0.983
1307.839 0.876
1308.605 0.766
1309.305 0.7
1309.982 0.677
1310.674 0.692
1311.453 0.779
1312.512 1.059
1313.617 1.105
1314.686 1.069
1315.708 1.022
1316.68 0.972
1317.543 0.863
1318.3 0.757
1318.996 0.696
1319.673 0.677
1320.349 0.676
1321.051 0.702
1321.837 0.786
1322.875 1.038
1323.993 1.118
1325.083 1.09
1326.117 1.034
1327.055 0.938
1327.877 0.822
1328.606 0.729
1329.291 0.685
1329.961 0.67
1330.636 0.675
1331.353 0.717
1332.268 0.915
1333.342 1.074
1334.407 1.065
1335.411 1.004
1336.347 0.936
1337.196 0.849
1337.957 0.761
1338.659 0.702
1339.33 0.671
1339.994 0.664
1340.655 0.661
1341.346 0.691
1342.162 0.816
1343.164 1.002
1344.229 1.065
1345.252 1.023
1346.207 0.955
1347.066 0.859
1347.831 0.765
1348.535 0.704
1349.203 0.668
1349.856 0.653
1350.518 0.662
1351.253 0.735
1352.187 0.934
1353.282 1.095
1354.351 1.069
1355.345 0.994
1356.262 0.917
1357.086 0.824
1357.832 0.746
1358.525 0.693
1359.187 0.662
1359.829 0.642
1360.468 0.639
1361.114 0.646
1361.792 0.678
1362.592 0.8
1363.55 0.958
1364.569 1.019
1365.509 0.94
1366.336 0.827
1367.088 0.752
1367.78 0.692
1368.439 0.659
1369.079 0.64
1369.719 0.64
1370.368 0.649
1371.041 0.673
1371.787 0.746
1372.64 0.853
1373.55 0.91
1374.449 0.899
1375.31 0.861
1376.104 0.794
1376.838 0.734
1377.526 0.688
1378.188 0.662
1378.83 0.642
1379.455 0.625
1380.078 0.623
1380.73 0.652
1381.629 0.899
1382.698 1.069
1383.802 1.104
1384.886 1.084
1385.901 1.015
1386.848 0.947
1387.683 0.835
1388.429 0.746
1389.115 0.686
1389.774 0.659
1390.438 0.664
1391.157 0.719
1392.003 0.846
1393.126 1.123
1394.229 1.103
1395.276 1.047
1396.263 0.987
1397.157 0.894
1397.948 0.791
1398.66 0.712
1399.332 0.672
1399.988 0.656
1400.663 0.675
1401.439 0.776
1402.518 1.079
1403.641 1.123
1404.732 1.091
1405.765 1.033
1406.723 0.958
1407.558 0.835
1408.291 0.733
1408.968 0.677
1409.632 0.664
1410.313 0.681
1411.068 0.755
1412.116 1.048
1413.181 1.065
1414.191 1.01
1415.15 0.959
1416.039 0.889
1416.847 0.808
1417.568 0.721
1418.253 0.685
1418.911 0.658
1419.553 0.642
1420.191 0.638
1420.859 0.668
1421.692 0.833
1422.736 1.044
1423.771 1.035
1424.793 1.022
1425.754 0.961
1426.65 0.896
1427.4 0.75
1428.088 0.688
1428.751 0.663
1429.4 0.649
1430.037 0.637
1430.686 0.649
1431.366 0.68
1432.184 0.818
1433.119 0.935
1434.081 0.962
1435.026 0.945
1435.914 0.888
1436.752 0.838
1437.518 0.766
1438.225 0.707
1438.896 0.671
1439.539 0.643
1440.183 0.644
1440.868 0.685
1441.823 0.955
1442.911 1.088
1444.004 1.093
1445.065 1.061
1446.062 0.997
1446.987 0.925
1447.8 0.813
1448.527 0.727
1449.192 0.665
1449.844 0.652
1450.505 0.661
1451.235 0.73
1452.145 0.91
1453.203 1.058
1454.267 1.064
1455.287 1.02
1456.23 0.943
1457.093 0.863
1457.857 0.764
1458.555 0.698
1459.221 0.666
1459.866 0.645
1460.501 0.635
1461.167 0.666
1461.929 0.762
1462.844 0.915
1463.882 1.038
1464.913 1.031
1465.898 0.985
1466.82 0.922
1467.639 0.819
1468.369 0.73
1469.045 0.676
1469.681 0.636
1470.308 0.627
1470.937 0.629
1471.591 0.654
1472.334 0.743
1473.173 0.839
1474.1 0.927
1475.009 0.909
1475.87 0.861
1476.648 0.778
1477.365 0.717
1478.04 0.675
1478.686 0.646
1479.314 0.628
1479.948 0.634
1480.599 0.651
1481.324 0.725
1482.18 0.856
1483.117 0.937
1484.04 0.923
1484.929 0.889
1485.759 0.83
1486.526 0.767
1487.233 0.707
1487.901 0.668
1488.547 0.646
1489.172 0.625
1489.783 0.611
1490.401 0.618
1491.039 0.638
1491.853 0.814
1492.798 0.945
1493.777 0.979
1494.732 0.955
1495.632 0.9
1496.452 0.82
1497.193 0.741
1497.87 0.677
1498.519 0.649
1499.149 0.63
1499.76 0.611
1500.362 0.602
1500.97 0.608
1501.61 0.64
1502.346 0.736
1502.891 0.545
1503.169 0.278
1504.082 0.913
1504.99 0.908
1505.849 0.859
1506.674 0.825
1507.432 0.758
1508.122 0.69
1508.772 0.65
1509.397 0.625
1510.02 0.623
1510.645 0.625
1511.296 0.651
1511.996 0.7
1512.78 0.784
1513.596 0.816
1514.383 0.787
1515.137 0.754
1515.857 0.72
1516.556 0.699
1517.224 0.668
1517.872 0.648
1518.504 0.632
1519.121 0.617
1519.744 0.623
1520.396 0.652
1521.133 0.737
1521.951 0.818
1522.897 0.946
1523.878 0.981
1524.793 0.915
1525.633 0.84
1526.406 0.773
1527.116 0.71
1527.781 0.665
1528.423 0.642
1529.05 0.627
1529.665 0.615
1530.273 0.608
1530.9 0.627
1531.621 0.721
1532.532 0.911
1533.59 1.058
1534.602 1.012
1535.551 0.949
1536.457 0.906
1537.296 0.839
1538.034 0.738
1538.707 0.673
1539.345 0.638
1539.97 0.625
1540.595 0.625
1541.231 0.636
1541.922 0.691
1542.765 0.843
1543.687 0.922
1544.564 0.877
1545.395 0.831
1546.16 0.765
1546.872 0.712
1547.535 0.663
1548.178 0.643
1548.808 0.63
1549.425 0.617
1550.042 0.617
1550.688 0.646
1551.449 0.761
1552.366 0.917
1553.44 1.074
1554.457 1.017
1555.384 0.927
1556.214 0.83
1556.956 0.742
1557.636 0.68
1558.281 0.645
1558.908 0.627
1559.523 0.615
1560.127 0.604
1560.741 0.614
1561.388 0.647
1562.124 0.736
1563.0 0.876
1563.982 0.982
1564.939 0.957
1565.859 0.92
1566.716 0.857
1567.506 0.79
1568.251 0.745
1568.961 0.71
1569.645 0.684
1570.325 0.68
1571.013 0.688
1571.721 0.708
1572.426 0.705
1573.143 0.717
1573.835 0.692
1574.506 0.671
1575.158 0.652
1575.811 0.653
1576.21 0.399
1576.46 0.25
1577.104 0.644
1577.743 0.639
1578.389 0.646
1579.048 0.659
1579.735 0.687
1580.085 0.35
1580.45 0.365
1581.172 0.722
1581.907 0.735
1582.598 0.691
1583.284 0.686
1583.674 0.39
1583.955 0.281
1584.609 0.654
1585.262 0.653
1585.697 0.435
1586.359 0.662
1586.631 0.272
1587.211 0.58
1587.681 0.47
1588.011 0.33
1588.27 0.259
1588.58 0.31
1589.018 0.438
1589.271 0.253