0.000 0.713
0.713 0.713
1.48 0.767
2.268 0.788
3.084 0.816
3.811 0.727
4.562 0.751
5.365 0.803
6.207 0.842
6.97 0.763
7.773 0.803
8.61 0.837
9.435 0.825
10.193 0.758
10.958 0.765
17.299 6.341
17.999 0.7
18.735 0.736
19.528 0.793
20.264 0.736
21.003 0.739
21.795 0.792
22.632 0.837
23.392 0.76
24.184 0.792
25.049 0.865
25.933 0.884
26.721 0.788
27.478 0.757
28.278 0.8
29.089 0.811
29.865 0.776
30.591 0.726
31.349 0.758
32.138 0.789
32.949 0.811
33.761 0.812
34.472 0.711
35.182 0.71
35.906 0.724
36.644 0.738
37.397 0.753
38.114 0.717
38.823 0.709
39.574 0.751
40.356 0.782
41.183 0.827
42.039 0.856
42.862 0.823
43.687 0.825
44.567 0.88
45.482 0.915
51.208 5.726
51.999 0.791
52.787 0.788
53.606 0.819
54.451 0.845
55.334 0.883
56.167 0.833
56.926 0.759
57.736 0.81
58.59 0.854
59.493 0.903
60.343 0.85
61.178 0.835
62.055 0.877
62.978 0.923
63.876 0.898
64.712 0.836
65.614 0.902
66.49 0.876
67.242 0.752
67.997 0.755
68.768 0.771
69.516 0.748
70.219 0.703
70.968 0.749
71.752 0.784
72.473 0.721
73.186 0.713
73.974 0.788
74.792 0.818
75.632 0.84
76.42 0.788
77.13 0.71
77.888 0.758
78.676 0.788
79.393 0.717
80.127 0.734
80.911 0.784
81.65 0.739
82.386 0.736
83.215 0.829
84.004 0.789
84.719 0.715
85.51 0.791
86.338 0.828
87.16 0.822
87.948 0.788
88.699 0.751
89.472 0.773
90.184 0.712
90.935 0.751
91.722 0.787
92.505 0.783
93.242 0.737
94.029 0.787
94.835 0.806
95.579 0.744
96.39 0.811
97.192 0.802
97.947 0.755
98.24 0.293
98.694 0.454
99.389 0.695
100.067 0.678
100.72 0.653
101.392 0.672
102.069 0.677
102.772 0.703
103.446 0.674
104.153 0.707
104.899 0.746
105.653 0.754
106.349 0.696
107.039 0.69
107.748 0.709
108.482 0.734
109.207 0.725
109.877 0.67
110.547 0.67
111.217 0.67
111.911 0.694
112.644 0.733
113.394 0.75
114.088 0.694
114.778 0.69
115.487 0.709
116.223 0.736
117.014 0.791
117.748 0.734
118.463 0.715
119.216 0.753
120.046 0.83
120.842 0.796
121.549 0.707
122.292 0.743
123.045 0.753
123.778 0.733
124.491 0.713
125.277 0.786
126.038 0.761
126.801 0.763
127.5 0.699
128.186 0.686
128.874 0.688
129.576 0.702
130.312 0.736
130.997 0.685
131.701 0.704
132.442 0.741
133.223 0.781
134.046 0.823
134.821 0.775
135.67 0.849
136.568 0.898
137.468 0.9
138.338 0.87
139.179 0.841
139.915 0.736
140.665 0.75
141.426 0.761
142.171 0.745
142.961 0.79
143.778 0.817
144.624 0.846
145.406 0.782
146.225 0.819
147.055 0.83
147.897 0.842
148.682 0.785
149.521 0.839
150.376 0.855
151.195 0.819
151.973 0.778
152.784 0.811
153.602 0.818
154.33 0.728
155.093 0.763
155.901 0.808
156.734 0.833
157.567 0.833
158.466 0.899
159.379 0.913
160.206 0.827
161.025 0.819
161.9 0.875
162.788 0.888
163.612 0.824
164.403 0.791
165.236 0.833
166.107 0.871
167.003 0.896
167.881 0.878
168.807 0.926
169.633 0.826
170.471 0.838
171.356 0.885
172.252 0.896
173.101 0.849
173.847 0.746
174.562 0.715
175.285 0.723
176.03 0.745
176.828 0.798
177.707 0.879
178.656 0.949
179.587 0.931
180.51 0.923
181.387 0.877
182.247 0.86
183.064 0.817
183.798 0.734
184.514 0.716
185.237 0.723
185.993 0.756
186.824 0.831
187.672 0.848
188.597 0.925
189.532 0.935
190.442 0.91
191.331 0.889
192.143 0.812
192.884 0.741
193.587 0.703
194.281 0.694
194.992 0.711
195.743 0.751
196.571 0.828
197.453 0.882
198.352 0.899
199.321 0.969
200.299 0.978
201.236 0.937
202.058 0.822
202.81 0.752
203.527 0.717
204.236 0.709
204.956 0.72
205.711 0.755
206.572 0.861
207.501 0.929
208.448 0.947
209.363 0.915
210.284 0.921
211.217 0.933
211.982 0.765
212.716 0.734
213.43 0.714
214.151 0.721
214.903 0.752
215.699 0.796
216.509 0.81
217.338 0.829
218.236 0.898
219.135 0.899
220.013 0.878
220.904 0.891
221.808 0.904
222.589 0.781
223.318 0.729
224.033 0.715
224.772 0.739
225.548 0.776
226.381 0.833
227.292 0.911
228.226 0.934
229.16 0.934
230.065 0.905
230.938 0.873
231.761 0.823
232.563 0.802
233.27 0.707
233.951 0.681
234.618 0.667
235.292 0.674
235.997 0.705
236.751 0.754
237.507 0.756
238.313 0.806
239.112 0.799
239.887 0.775
240.653 0.766
241.395 0.742
242.127 0.732
242.822 0.695
243.489 0.667
244.152 0.663
244.827 0.675
245.535 0.708
246.316 0.781
247.138 0.822
247.955 0.817
248.773 0.818
249.613 0.84
250.465 0.852
251.323 0.858
252.161 0.838
252.929 0.768
253.635 0.706
254.32 0.685
255.004 0.684
255.716 0.712
256.445 0.729
257.193 0.748
258.013 0.82
258.847 0.834
259.648 0.801
260.41 0.762
261.157 0.747
261.89 0.733
262.591 0.701
263.263 0.672
263.92 0.657
264.582 0.662
265.25 0.668
265.937 0.687
266.645 0.708
267.392 0.747
268.156 0.764
268.968 0.812
269.766 0.798
270.56 0.794
271.352 0.792
272.141 0.789
272.89 0.749
273.579 0.689
274.257 0.678
274.943 0.686
275.633 0.69
276.35 0.717
277.101 0.751
277.885 0.784
278.693 0.808
279.535 0.842
280.349 0.814
281.146 0.797
281.95 0.804
282.693 0.743
283.396 0.703
284.077 0.681
284.765 0.688
285.451 0.686
286.15 0.699
286.865 0.715
287.623 0.758
288.403 0.78
289.17 0.767
289.939 0.769
290.697 0.758
291.428 0.731
292.109 0.681
292.78 0.671
293.448 0.668
294.125 0.677
294.816 0.691
295.507 0.691
296.207 0.7
296.919 0.712
297.616 0.697
298.349 0.733
299.063 0.714
299.777 0.714
300.497 0.72
301.241 0.744
301.984 0.743
302.676 0.692
303.362 0.686
304.045 0.683
304.745 0.7
305.466 0.721
306.205 0.739
306.953 0.748
307.735 0.782
308.511 0.776
309.282 0.771
310.057 0.775
310.827 0.77
311.532 0.705
312.254 0.722
312.967 0.713
313.664 0.697
314.371 0.707
315.108 0.737
315.862 0.754
316.622 0.76
317.385 0.763
318.133 0.748
318.881 0.748
319.603 0.722
320.324 0.721
321.016 0.692
321.702 0.686
322.389 0.687
323.04 0.651
323.69 0.65
324.345 0.655
325.026 0.681
325.744 0.718
326.471 0.727
327.209 0.738
327.966 0.757
328.724 0.758
329.502 0.778
330.245 0.743
330.963 0.718
331.671 0.708
332.385 0.714
333.061 0.676
333.722 0.661
334.368 0.646
335.017 0.649
335.685 0.668
336.356 0.671
337.022 0.666
337.685 0.663
338.349 0.664
339.021 0.672
339.707 0.686
340.391 0.684
341.094 0.703
341.792 0.698
342.449 0.657
343.102 0.653
343.75 0.648
344.405 0.655
345.091 0.686
345.809 0.718
346.548 0.739
347.305 0.757
348.089 0.784
348.866 0.777
349.637 0.771
350.434 0.797
351.249 0.815
351.973 0.724
352.69 0.717
353.421 0.731
354.174 0.753
354.931 0.757
355.732 0.801
356.552 0.82
357.378 0.826
358.195 0.817
359.032 0.837
359.839 0.807
360.607 0.768
361.362 0.755
362.105 0.743
362.839 0.734
363.544 0.705
364.247 0.703
364.948 0.701
365.67 0.722
366.432 0.762
367.208 0.776
367.988 0.78
368.794 0.806
369.581 0.787
370.338 0.757
371.097 0.759
371.842 0.745
372.514 0.672
373.2 0.686
373.875 0.675
374.555 0.68
375.261 0.706
376.006 0.745
376.807 0.801
377.591 0.784
378.387 0.796
379.164 0.777
379.928 0.764
380.692 0.764
381.461 0.769
382.202 0.741
382.896 0.694
383.577 0.681
384.243 0.666
384.919 0.676
385.631 0.712
386.393 0.762
387.21 0.817
388.057 0.847
388.921 0.864
389.792 0.871
390.648 0.856
391.489 0.841
392.331 0.842
393.193 0.862
394.006 0.813
394.788 0.782
395.578 0.79
396.483 0.905
397.38 0.897
398.273 0.893
399.16 0.887
400.001 0.841
400.804 0.803
401.595 0.791
402.392 0.797
403.1 0.708
403.788 0.688
404.466 0.678
405.149 0.683
405.839 0.69
406.541 0.702
407.249 0.708
408.011 0.762
408.78 0.769
409.537 0.757
410.277 0.74
411.014 0.737
411.758 0.744
412.442 0.684
413.117 0.675
413.785 0.668
414.459 0.674
415.132 0.673
415.813 0.681
416.511 0.698
417.234 0.723
417.975 0.741
418.694 0.719
419.383 0.689
420.058 0.675
420.727 0.669
421.398 0.671
422.073 0.675
422.725 0.652
423.378 0.653
424.036 0.658
424.704 0.668
425.399 0.695
426.13 0.731
426.891 0.761
427.671 0.78
428.445 0.774
429.187 0.742
429.904 0.717
430.593 0.689
431.266 0.673
431.937 0.671
432.583 0.646
433.233 0.65
433.879 0.646
434.538 0.659
435.213 0.675
435.898 0.685
436.597 0.699
437.295 0.698
437.984 0.689
438.676 0.692
439.373 0.697
440.062 0.689
440.733 0.671
441.386 0.653
442.04 0.654
442.706 0.666
443.374 0.668
444.065 0.691
444.757 0.692
445.448 0.691
446.141 0.693
446.826 0.685
447.51 0.684
448.197 0.687
448.884 0.687
449.541 0.657
450.212 0.671
450.908 0.696
451.607 0.699
452.324 0.717
453.082 0.758
453.877 0.795
454.685 0.808
455.442 0.757
456.151 0.709
456.834 0.683
457.49 0.656
458.144 0.654
458.776 0.632
459.438 0.662
460.094 0.656
460.725 0.631
461.379 0.654
462.03 0.651
462.683 0.653
463.334 0.651
463.98 0.646
464.605 0.625
465.242 0.637
465.868 0.626
466.491 0.623
467.123 0.632
467.762 0.639
468.406 0.644
469.05 0.644
469.698 0.648
470.347 0.649
470.986 0.639
471.617 0.631
472.26 0.643
472.914 0.654
473.566 0.652
474.241 0.675
474.917 0.676
475.612 0.695
476.305 0.693
476.996 0.691
477.701 0.705
478.416 0.715
479.125 0.709
479.794 0.669
480.499 0.705
481.239 0.74
481.998 0.759
482.77 0.772
483.576 0.806
484.381 0.805
485.183 0.802
485.966 0.783
486.745 0.779
487.466 0.721
488.173 0.707
488.874 0.701
489.591 0.717
490.313 0.722
491.059 0.746
491.807 0.748
492.552 0.745
493.302 0.75
493.959 0.657
494.65 0.691
495.329 0.679
496.012 0.683
496.729 0.717
497.488 0.759
498.254 0.766
499.009 0.755
499.679 0.67
500.367 0.688
501.057 0.69
501.747 0.69
502.409 0.662
503.046 0.637
503.702 0.656
504.348 0.646
504.989 0.641
505.63 0.641
506.281 0.651
506.943 0.662
507.597 0.654
508.249 0.652
508.912 0.663
509.584 0.672
510.26 0.676
510.92 0.66
511.583 0.663
512.243 0.66
512.894 0.651
513.509 0.615
514.146 0.637
514.807 0.661
515.483 0.676
516.2 0.717
516.941 0.741
517.675 0.734
518.431 0.756
519.18 0.749
519.898 0.718
520.605 0.707
521.308 0.703
521.989 0.681
522.637 0.648
523.275 0.638
523.944 0.669
524.614 0.67
525.309 0.695
526.01 0.701
526.719 0.709
527.43 0.711
528.148 0.718
528.869 0.721
529.544 0.675
530.272 0.728
530.993 0.721
531.731 0.738
532.479 0.748
533.156 0.677
533.863 0.707
534.576 0.713
535.302 0.726
536.029 0.727
536.757 0.728
537.428 0.671
538.144 0.716
538.857 0.713
539.567 0.71
540.213 0.646
540.861 0.648
541.536 0.675
542.205 0.669
542.887 0.682
543.578 0.691
544.27 0.692
544.937 0.667
545.596 0.659
546.231 0.635
546.876 0.645
547.505 0.629
548.154 0.649
548.799 0.645
549.429 0.63
550.067 0.638
550.702 0.635
551.341 0.639
551.978 0.637
552.612 0.634
553.237 0.625
553.854 0.617
554.429 0.575
555.039 0.61
555.635 0.596
556.212 0.577
556.775 0.563
557.344 0.569
557.901 0.557