0.000 0.657
0.657 0.657
1.42 0.763
1.718 0.298
2.235 0.517
2.499 0.264
3.11 0.611
4.829 1.719
23.832 12.833
24.601 0.769
25.388 0.787
26.176 0.788
26.97 0.794
27.734 0.764
28.5 0.766
28.779 0.279
29.07 0.291
29.334 0.264
29.661 0.327
30.019 0.358
30.748 0.729
31.108 0.36
31.988 0.88
32.258 0.27
32.873 0.615
33.805 0.932
34.998 1.193
35.498 0.5
35.816 0.318
50.084 14.268
50.35 0.266
50.999 0.649
51.265 0.266
51.553 0.288
52.301 0.748
52.879 0.578
53.467 0.588
54.224 0.757
55.389 1.165
56.24 0.851
56.564 0.324
56.881 0.317
57.24 0.359
57.748 0.508
58.693 0.945
59.133 0.44
59.636 0.503
59.943 0.307
61.607 1.664
63.553 1.946
63.97 0.417
65.107 1.137
65.475 0.368
65.796 0.321
66.191 0.395
66.515 0.324
67.922 1.407
71.632 3.71
72.06 0.428
72.725 0.665
73.523 0.798
76.211 2.688
76.621 0.41
76.968 0.347
77.632 0.664
81.406 3.774
96.698 7.699
96.999 0.301
101.905 4.906
102.586 0.681
103.259 0.673
103.93 0.671
104.593 0.663
105.265 0.672
105.943 0.678
106.202 0.259
106.458 0.256
106.944 0.486
107.242 0.298
107.515 0.273
109.218 1.703
111.427 2.209
111.842 0.415
114.084 2.242
118.592 4.508
120.066 1.474
120.512 0.446
130.998 10.486
133.378 2.38
134.158 0.78
134.969 0.811
135.81 0.841
136.641 0.831
137.418 0.777
138.204 0.786
138.998 0.794
139.792 0.794
140.549 0.757
141.321 0.772
142.087 0.766
142.827 0.74
143.571 0.744
144.362 0.791
145.213 0.851
146.054 0.841
146.852 0.798
147.628 0.776
148.41 0.782
149.252 0.842
150.12 0.868
150.971 0.851
151.758 0.787
152.475 0.717
153.164 0.689
153.868 0.704
154.622 0.754
155.451 0.829
156.244 0.793
157.08 0.836
157.964 0.884
158.877 0.913
159.726 0.849
160.577 0.851
161.456 0.879
162.37 0.914
163.228 0.858
164.139 0.911
165.084 0.945
165.999 0.915
166.874 0.875
167.804 0.93
168.769 0.965
169.651 0.882
170.566 0.915
171.509 0.943
172.465 0.956
173.368 0.903
174.23 0.862
175.097 0.867
175.974 0.877
176.812 0.838
177.664 0.852
178.543 0.879
179.423 0.88
180.283 0.86
181.179 0.896
182.067 0.888
182.899 0.832
183.749 0.85
184.596 0.847
185.402 0.806
186.207 0.805
187.041 0.834
187.901 0.86
188.737 0.836
189.611 0.874
190.5 0.889
191.34 0.84
192.165 0.825
192.938 0.773
193.7 0.762
194.44 0.74
195.154 0.714
195.832 0.678
196.49 0.658
197.144 0.654
197.818 0.674
198.563 0.745
199.387 0.824
200.191 0.804
201.12 0.929
202.119 0.999
203.05 0.931
203.947 0.897
204.822 0.875
205.644 0.822
206.44 0.796
207.247 0.807
208.038 0.791
208.794 0.756
209.537 0.743
210.309 0.772
211.124 0.815
211.785 0.661
212.117 0.332
215.919 3.802
216.697 0.778
217.486 0.789
218.271 0.785
219.016 0.745
219.751 0.735
220.497 0.746
221.283 0.786
222.059 0.776
222.838 0.779
223.653 0.815
224.542 0.889
225.4 0.858
226.267 0.867
227.146 0.879
228.016 0.87
228.84 0.824
229.67 0.83
230.498 0.828
231.299 0.801
232.09 0.791
232.902 0.812
233.747 0.845
234.639 0.892
235.534 0.895
236.458 0.924
237.415 0.957
238.351 0.936
239.176 0.825
239.927 0.751
240.661 0.734
241.394 0.733
242.126 0.732
242.854 0.728
243.588 0.734
244.351 0.763
245.151 0.8
245.961 0.81
246.786 0.825
247.661 0.875
248.552 0.891
249.402 0.85
250.251 0.849
251.098 0.847
251.936 0.838
252.753 0.817
253.595 0.842
254.46 0.865
255.355 0.895
256.208 0.853
257.075 0.867
257.939 0.864
258.822 0.883
259.684 0.862
260.587 0.903
261.518 0.931
262.393 0.875
263.244 0.851
264.097 0.853
264.934 0.837
265.752 0.818
266.524 0.772
267.278 0.754
268.033 0.755
268.842 0.809
269.671 0.829
270.563 0.892
271.513 0.95
272.471 0.958
273.37 0.899
274.327 0.957
275.271 0.944
276.13 0.859
277.006 0.876
277.873 0.867
278.715 0.842
279.535 0.82
280.366 0.831
281.205 0.839
282.027 0.822
282.857 0.83
283.721 0.864
284.614 0.893
285.472 0.858
286.34 0.868
287.215 0.875
288.052 0.837
288.856 0.804
289.655 0.799
290.473 0.818
291.296 0.823
292.136 0.84
293.023 0.887
293.931 0.908
294.776 0.845
295.654 0.878
296.502 0.848
297.335 0.833
298.113 0.778
298.889 0.776
299.664 0.775
300.428 0.764
301.182 0.754
301.953 0.771
302.403 0.45
302.687 0.284
302.961 0.274
305.841 2.88
306.204 0.363
311.312 5.108
312.14 0.828
312.965 0.825
313.862 0.897
314.793 0.931
315.703 0.91
316.601 0.898
317.511 0.91
318.387 0.876
319.209 0.822
320.031 0.822
320.861 0.83
321.68 0.819
322.526 0.846
323.461 0.935
324.45 0.989
325.416 0.966
326.43 1.014
327.356 0.926
328.203 0.847
329.05 0.847
329.891 0.841
330.695 0.804
331.472 0.777
332.27 0.798
333.104 0.834
333.956 0.852
334.814 0.858
335.627 0.813
336.398 0.771
337.154 0.756
337.759 0.605
338.242 0.483
345.995 7.753
346.762 0.767
347.515 0.753
348.251 0.736
348.991 0.74
349.754 0.763
350.535 0.781
351.34 0.805
352.118 0.778
352.855 0.737
353.578 0.723
354.315 0.737
355.036 0.721
355.769 0.733
356.502 0.733
357.273 0.771
357.981 0.708
358.692 0.711
359.397 0.705
360.137 0.74
360.893 0.756
361.637 0.744
362.431 0.794
362.909 0.478
363.232 0.323
364.147 0.915
364.814 0.667
365.809 0.995
366.598 0.789
367.425 0.827
368.29 0.865
369.133 0.843
370.044 0.911
371.046 1.002
371.982 0.936
372.937 0.955
373.896 0.959
374.798 0.902
375.772 0.974
376.733 0.961
377.632 0.899
378.6 0.968
379.521 0.921
380.459 0.938
381.461 1.002
382.397 0.936
383.303 0.906
384.216 0.913
385.095 0.879
385.89 0.795
386.753 0.863
387.709 0.956
388.685 0.976
394.079 5.394
394.995 0.916
395.888 0.893
396.703 0.815
397.495 0.792
398.316 0.821
399.309 0.993
400.366 1.057
401.34 0.974
402.34 1.0
403.348 1.008
404.287 0.939
405.238 0.951
406.222 0.984
407.161 0.939
408.144 0.983
409.153 1.009
410.08 0.927
411.086 1.006
412.119 1.033
413.117 0.998
414.122 1.005
415.067 0.945
416.01 0.943
416.957 0.947
417.826 0.869
418.735 0.909
419.668 0.933
420.549 0.881
421.473 0.924
422.427 0.954
423.321 0.894
424.23 0.909
425.169 0.939
426.054 0.885
427.013 0.959
428.019 1.006
428.988 0.969
429.908 0.92
430.878 0.97
431.794 0.916
432.678 0.884
433.608 0.93
434.468 0.86
435.386 0.918
436.317 0.931
437.206 0.889
438.154 0.948
439.12 0.966
440.021 0.901
440.949 0.928
441.872 0.923
442.715 0.843
443.582 0.867
444.472 0.89
445.33 0.858
446.259 0.929
447.278 1.019
448.282 1.004
449.214 0.932
450.201 0.987
451.136 0.935
452.048 0.912
452.944 0.896
453.802 0.858
454.626 0.824
455.49 0.864
456.394 0.904
457.267 0.873
458.229 0.962
459.229 1.0
460.151 0.922
461.151 1.0
462.067 0.916
463.041 0.974
464.009 0.968
464.952 0.943
465.968 1.016
466.982 1.014
467.916 0.934
468.877 0.961
469.859 0.982
470.75 0.891
471.695 0.945
472.66 0.965
473.54 0.88
474.473 0.933
475.433 0.96
476.328 0.895
477.292 0.964
478.255 0.963
479.148 0.893
480.079 0.931
480.993 0.914
481.844 0.851
482.665 0.821
483.531 0.866
484.421 0.89
485.276 0.855
486.208 0.932
487.117 0.909
487.968 0.851
488.876 0.908
489.733 0.857
490.507 0.774
491.243 0.736
492.034 0.791
492.903 0.869
493.744 0.841
494.649 0.905
495.589 0.94
496.466 0.877
497.358 0.892
498.267 0.909
499.119 0.852
499.991 0.872
500.854 0.863
501.665 0.811
502.476 0.811
503.328 0.852
504.211 0.883
505.047 0.836
505.937 0.89
506.843 0.906
507.679 0.836
508.557 0.878
509.449 0.892
510.304 0.855
511.214 0.91
512.159 0.945
513.054 0.895
513.997 0.943
514.947 0.95
515.821 0.874
516.702 0.881
517.57 0.868
518.406 0.836
519.278 0.872
520.078 0.8
520.889 0.811
521.694 0.805
522.527 0.833
523.42 0.893
524.338 0.918
525.178 0.84
526.062 0.884
526.934 0.872
527.763 0.829
528.638 0.875
529.581 0.943
530.49 0.909
531.432 0.942
532.37 0.938
533.275 0.905
534.174 0.899
535.075 0.901
535.91 0.835
536.743 0.833
537.541 0.798
538.362 0.821
539.158 0.796
539.975 0.817
540.847 0.872
541.768 0.921
542.633 0.865
543.555 0.922
544.472 0.917
545.326 0.854
546.177 0.851
547.041 0.864
547.882 0.841
548.747 0.865
549.664 0.917
550.606 0.942
551.492 0.886
552.398 0.906
553.332 0.934
554.243 0.911
555.165 0.922
556.075 0.91
556.926 0.851
557.824 0.898
558.712 0.888
559.577 0.865
560.53 0.953
561.477 0.947
562.363 0.886
563.303 0.94
564.278 0.975
565.204 0.926
566.136 0.932
567.073 0.937
567.963 0.89
568.825 0.862
569.697 0.872
570.56 0.863
571.413 0.853
572.331 0.918
573.24 0.909
574.128 0.888
575.027 0.899
575.938 0.911
576.789 0.851
577.633 0.844
578.508 0.875
579.337 0.829
580.196 0.859
581.073 0.877
581.944 0.871
582.846 0.902
583.775 0.929
584.666 0.891
585.588 0.922
586.511 0.923
587.4 0.889
588.332 0.932
589.261 0.929
590.136 0.875
591.042 0.906
591.938 0.896
592.776 0.838
593.633 0.857
594.526 0.893
595.423 0.897
596.308 0.885
597.218 0.91
598.085 0.867
598.964 0.879
599.848 0.884
600.699 0.851
601.557 0.858
602.442 0.885
603.31 0.868
604.189 0.879
605.084 0.895
605.956 0.872
606.861 0.905
607.773 0.912
608.619 0.846
609.439 0.82
610.249 0.81
611.048 0.799
611.812 0.764
612.615 0.803
613.434 0.819
614.238 0.804
615.083 0.845
615.966 0.883
616.84 0.874
617.671 0.831
618.537 0.866
619.382 0.845
620.243 0.861
621.087 0.844
621.949 0.862
622.837 0.888
623.738 0.901
624.588 0.85
625.483 0.895
626.378 0.895
627.228 0.85
628.116 0.888
629.008 0.892
629.876 0.868
630.792 0.916
631.692 0.9
632.56 0.868
633.479 0.919
639.991 6.512
640.89 0.899
641.855 0.965
642.764 0.909
643.691 0.927
644.562 0.871
645.471 0.909
646.44 0.969
647.355 0.915
648.305 0.95
649.255 0.95
650.136 0.881
650.95 0.814
651.768 0.818
652.56 0.792
653.317 0.757
654.064 0.747
654.834 0.77
655.585 0.751
656.288 0.703
656.992 0.704
657.712 0.72
658.484 0.772
659.239 0.755
660.055 0.816
660.905 0.85
661.794 0.889
662.597 0.803
663.321 0.724
664.072 0.751
664.853 0.781
665.69 0.837
666.52 0.83
667.375 0.855
668.269 0.894
669.214 0.945
670.119 0.905
671.084 0.965
672.098 1.014
673.047 0.949
673.944 0.897
674.848 0.904
675.773 0.925
676.618 0.845
677.52 0.902
678.436 0.916
679.232 0.796
680.048 0.816
680.85 0.802
681.653 0.803
682.419 0.766
683.19 0.771
683.975 0.785
684.772 0.797
685.552 0.78
686.333 0.781
687.149 0.816
687.999 0.85
688.879 0.88
689.759 0.88
690.687 0.928
691.646 0.959
692.544 0.898
693.475 0.931
694.426 0.951
695.3 0.874
696.176 0.876
697.028 0.852
697.83 0.802
698.661 0.831
699.532 0.871
700.367 0.835
701.217 0.85
702.095 0.878
702.96 0.865
703.775 0.815
704.628 0.853
705.489 0.861
706.334 0.845
707.265 0.931
708.252 0.987
709.195 0.943
710.056 0.861
710.911 0.855
711.792 0.881
712.624 0.832
713.489 0.865
714.383 0.894
715.236 0.853
716.04 0.804
716.847 0.807
717.634 0.787
718.385 0.751
719.212 0.827
720.102 0.89
720.97 0.868
721.833 0.863
722.747 0.914
723.656 0.909
724.485 0.829
725.365 0.88
726.261 0.896
727.116 0.855
728.045 0.929
729.028 0.983
729.968 0.94
730.944 0.976
731.932 0.988
732.821 0.889
733.68 0.859
734.526 0.846
735.401 0.875
736.335 0.934
737.195 0.86
738.108 0.913
739.034 0.926
739.878 0.844
740.784 0.906
741.676 0.892
742.539 0.863
743.413 0.874
744.308 0.895
745.205 0.897
746.078 0.873
747.012 0.934
747.974 0.962
748.849 0.875
749.759 0.91
750.688 0.929
751.567 0.879
752.43 0.863
753.335 0.905
754.223 0.888
755.144 0.921
756.075 0.931
756.929 0.854
757.867 0.938
758.787 0.92
759.702 0.915
760.667 0.965
761.558 0.891
762.485 0.927
763.379 0.894
764.233 0.854
765.187 0.954
766.218 1.031
767.159 0.941
768.123 0.964
769.081 0.958
769.949 0.868
770.874 0.925
771.766 0.892
772.594 0.828
773.482 0.888
774.424 0.942
775.299 0.875
776.22 0.921
777.176 0.956
778.058 0.882
778.961 0.903
779.906 0.945
780.749 0.843
781.63 0.881
782.507 0.877
783.352 0.845
784.319 0.967
785.32 1.001
786.186 0.866
787.09 0.904
788.055 0.965
788.987 0.932
789.908 0.921
790.863 0.955
791.821 0.958
792.703 0.882
793.629 0.926
794.576 0.947
795.454 0.878
796.381 0.927
797.313 0.932
798.191 0.878
799.106 0.915
800.059 0.953
800.948 0.889
801.865 0.917
802.815 0.95
803.704 0.889
804.638 0.934
805.577 0.939
806.457 0.88
807.424 0.967
808.467 1.043
809.426 0.959
810.408 0.982
811.41 1.002
812.349 0.939
813.188 0.839
814.033 0.845
814.888 0.855
815.726 0.838
816.569 0.843
817.451 0.882
818.326 0.875
819.109 0.783
819.84 0.731
820.56 0.72
821.274 0.714
822.018 0.744
822.816 0.798
823.719 0.903
824.711 0.992
825.69 0.979
826.642 0.952
827.503 0.861
828.377 0.874
829.245 0.868
830.11 0.865
830.963 0.853
831.845 0.882
832.72 0.875
833.529 0.809
834.331 0.802
835.17 0.839
836.027 0.857
836.935 0.908
837.814 0.879
838.724 0.91
839.636 0.912
840.53 0.894
841.448 0.918
842.351 0.903
843.23 0.879
844.161 0.931
845.065 0.904
845.976 0.911
846.887 0.911
847.765 0.878
848.676 0.911
849.585 0.909
850.45 0.865
851.373 0.923
852.273 0.9
853.175 0.902
854.102 0.927
854.98 0.878
855.889 0.909
856.793 0.904
857.668 0.875
858.589 0.921
859.48 0.891
860.37 0.89
861.268 0.898
862.125 0.857
863.003 0.878
863.897 0.894
864.732 0.835
865.662 0.93
866.604 0.942
867.523 0.919
868.495 0.972
869.4 0.905
870.338 0.938
871.257 0.919
872.101 0.844
872.985 0.884
873.872 0.887
874.696 0.824
875.564 0.868
876.507 0.943
877.393 0.886
878.312 0.919
879.224 0.912
880.065 0.841
880.968 0.903
881.852 0.884
882.685 0.833
883.609 0.924
884.567 0.958
885.482 0.915
886.457 0.975
887.444 0.987
888.37 0.926
889.319 0.949
890.238 0.919
891.085 0.847
891.963 0.878
892.8 0.837
893.662 0.862
894.497 0.835
895.404 0.907
896.27 0.866
897.045 0.775
897.805 0.76
898.583 0.778
899.379 0.796
900.231 0.852
901.037 0.806
901.89 0.853
902.753 0.863
903.633 0.88
904.486 0.853
905.32 0.834
906.173 0.853
907.059 0.886
907.913 0.854
908.846 0.933
909.763 0.917
910.631 0.868
911.528 0.897
912.443 0.915
913.322 0.879
914.201 0.879
915.029 0.828
915.807 0.778
916.531 0.724
917.23 0.699
917.933 0.703
918.679 0.746
919.549 0.87
920.331 0.782
921.101 0.77
921.907 0.806
922.728 0.821
923.555 0.827
924.298 0.743
925.064 0.766
925.843 0.779
926.653 0.81
927.563 0.91
928.58 1.017
929.54 0.96
930.383 0.843
931.229 0.846
932.058 0.829
932.847 0.789
933.637 0.79
934.422 0.785
935.221 0.799
935.988 0.767
936.785 0.797
937.584 0.799
938.416 0.832
939.206 0.79
940.074 0.868
940.945 0.871
941.865 0.92
942.77 0.905
943.709 0.939
944.678 0.969
945.614 0.936
946.554 0.94
947.48 0.926
948.382 0.902
949.286 0.904
950.151 0.865
950.958 0.807
951.836 0.878
952.669 0.833
953.55 0.881
954.528 0.978
955.483 0.955
956.542 1.059
957.585 1.043
958.539 0.954
959.496 0.957
960.434 0.938
961.333 0.899
962.237 0.904
963.15 0.913
964.061 0.911
964.932 0.871
965.867 0.935
966.83 0.963
967.751 0.921
968.73 0.979
969.729 0.999
976.971 0.984
977.933 0.962
978.916 0.983
979.813 0.897
980.794 0.981
981.797 1.003
982.693 0.896
983.628 0.935
984.564 0.936
985.448 0.884
986.325 0.877
987.207 0.882
988.09 0.883
988.919 0.829
989.814 0.895
990.74 0.926
991.58 0.84
992.471 0.891
993.375 0.904
994.255 0.88
995.128 0.873
996.045 0.917
996.99 0.945
997.862 0.872
998.782 0.92
999.714 0.932
1000.648 0.934
1001.503 0.855
1002.441 0.938
1003.444 1.003
1004.491 1.047
1005.467 0.976
1006.485 1.018
1007.506 1.021
1008.441 0.935
1009.418 0.977
1010.397 0.979
1011.318 0.921
1012.364 1.046
1013.458 1.094
1014.461 1.003
1015.484 1.023
1016.497 1.013
1017.4 0.903
1018.348 0.948
1019.276 0.928
1020.123 0.847
1021.017 0.894
1021.991 0.974
1023.001 1.01
1023.941 0.94
1024.995 1.054
1026.088 1.093
1027.053 0.965
1027.989 0.936
1028.89 0.901
1029.731 0.841
1030.533 0.802
1031.341 0.808
1032.166 0.825
1032.963 0.797
1033.72 0.757
1034.514 0.794
1035.361 0.847
1036.167 0.806
1037.0 0.833
1037.847 0.847
1038.665 0.818
1039.567 0.902
1040.529 0.962
1041.439 0.91
1042.346 0.907
1043.253 0.907
1044.14 0.887
1044.956 0.816
1045.812 0.856
1046.677 0.865
1047.539 0.862
1048.383 0.844
1049.314 0.931
1050.273 0.959
1051.151 0.878
1052.097 0.946
1053.067 0.97
1053.957 0.89
1054.86 0.903
1055.765 0.905
1056.64 0.875
1057.563 0.923
1058.51 0.947
1059.391 0.881
1060.347 0.956
1061.321 0.974
1062.308 0.987
1063.224 0.916
1064.208 0.984
1065.199 0.991
1066.103 0.904
1067.061 0.958
1068.056 0.995
1069.032 0.976
1070.039 1.007
1071.083 1.044
1072.101 1.018
1073.084 0.983
1074.094 1.01
1075.08 0.986
1076.0 0.92
1076.977 0.977
1077.938 0.961
1078.906 0.968
1079.927 1.021
1080.872 0.945
1081.781 0.909
1082.683 0.902
1083.54 0.857
1084.327 0.787
1085.089 0.762
1085.846 0.757
1086.6 0.754
1087.376 0.776
1088.181 0.805
1089.025 0.844
1089.839 0.814
1090.66 0.821
1091.498 0.838
1092.338 0.84
1093.103 0.765
1093.879 0.776
1094.652 0.773
1095.422 0.77
1096.148 0.726
1096.895 0.747
1097.684 0.789
1098.557 0.873
1099.438 0.881
1100.372 0.934
1101.315 0.943
1102.245 0.93
1103.066 0.821
1103.834 0.768
1104.583 0.749
1105.322 0.739
1106.08 0.758
1106.862 0.782
1107.678 0.816
1108.461 0.783
1109.208 0.747
1109.941 0.733
1110.675 0.734
1111.405 0.73
1112.113 0.708
1112.821 0.708
1113.536 0.715
1114.28 0.744
1115.017 0.737
1115.747 0.73
1116.442 0.695
1117.117 0.675
1117.782 0.665
1118.451 0.669
1119.137 0.686
1119.863 0.726
1120.621 0.758
1121.409 0.788
1122.222 0.813
1123.081 0.859
1123.933 0.852
1124.783 0.85
1125.649 0.866
1126.573 0.924
1127.439 0.866
1128.307 0.868
1129.164 0.857
1130.004 0.84
1130.826 0.822
1131.663 0.837
1132.495 0.832
1133.308 0.813
1134.162 0.854
1135.03 0.868
1135.88 0.85
1136.755 0.875
1137.66 0.905
1138.484 0.824
1139.301 0.817
1140.11 0.809
1140.908 0.798
1141.66 0.752
1142.421 0.761
1143.212 0.791
1144.067 0.855
1144.905 0.838
1145.788 0.883
1146.707 0.919
1147.609 0.902
1148.434 0.825
1149.273 0.839
1150.103 0.83
1150.906 0.803
1151.707 0.801
1152.521 0.814
1153.367 0.846
1154.206 0.839
1155.063 0.857
1155.948 0.885
1156.852 0.904
1157.685 0.833
1158.541 0.856
1159.397 0.856
1160.25 0.853
1161.045 0.795
1161.869 0.824
1162.7 0.831
1163.544 0.844
1164.37 0.826
1165.157 0.787
1166.014 0.857
1166.859 0.845
1167.726 0.867
1168.579 0.853
1169.373 0.794
1170.161 0.788
1170.948 0.787
1171.726 0.778
1172.463 0.737
1173.231 0.768
1173.98 0.749
1174.752 0.772
1175.517 0.765
1176.344 0.827
1177.241 0.897
1178.231 0.99
1179.15 0.919
1180.117 0.967
1181.088 0.971
1181.994 0.906
1182.88 0.886
1183.75 0.87
1184.599 0.849
1185.386 0.787
1186.162 0.776
1186.936 0.774
1187.724 0.788
1188.498 0.774
1189.301 0.803
1190.169 0.868
1191.095 0.926
1191.978 0.883
1192.865 0.887
1193.748 0.883
1194.609 0.861
1195.436 0.827
1196.202 0.766
1196.974 0.772
1197.775 0.801
1198.601 0.826
1199.429 0.828
1200.317 0.888
1201.225 0.908
1202.063 0.838
1202.932 0.869
1203.789 0.857
1204.634 0.845
1205.458 0.824
1206.304 0.846
1207.177 0.873
1208.051 0.874
1208.951 0.9
1209.885 0.934
1210.825 0.94
1211.702 0.877
1212.601 0.899
1213.499 0.898
1214.353 0.854
1215.196 0.843
1216.062 0.866
1216.942 0.88
1217.795 0.853
1218.665 0.87
1219.549 0.884
1220.406 0.857
1221.236 0.83
1222.033 0.797
1222.8 0.767
1223.525 0.725
1224.257 0.732
1224.978 0.721
1225.692 0.714
1226.359 0.667
1227.113 0.754
1227.82 0.707
1228.542 0.722
1229.297 0.755
1230.03 0.733
1230.744 0.714
1231.445 0.701
1232.132 0.687
1232.81 0.678
1233.47 0.66
1234.131 0.661
1234.813 0.682
1235.522 0.709
1236.237 0.715
1236.922 0.685
1237.627 0.705
1238.333 0.706
1239.06 0.727
1239.822 0.762
1240.603 0.781
1241.365 0.762
1242.124 0.759
1242.906 0.782
1243.714 0.808
1244.555 0.841
1245.4 0.845
1246.274 0.874
1247.168 0.894
1248.109 0.941
1249.003 0.894
1249.91 0.907
1250.805 0.895
1251.705 0.9
1252.559 0.854
1253.423 0.864
1254.304 0.881
1255.177 0.873
1256.073 0.896
1256.994 0.921
1257.908 0.914
1258.809 0.901
1259.743 0.934
1260.661 0.918
1261.539 0.878
1262.44 0.901
1263.333 0.893
1264.182 0.849
1265.053 0.871
1265.932 0.879
1266.776 0.844
1267.648 0.872
1268.533 0.885
1269.385 0.852
1270.235 0.85
1271.11 0.875
1271.978 0.868
1272.804 0.826
1273.636 0.832
1274.473 0.837
1275.284 0.811
1276.116 0.832
1277.065 0.949
1278.097 1.032
1279.037 0.94
1279.979 0.942
1280.912 0.933
1281.804 0.892
1282.646 0.842
1283.493 0.847
1284.339 0.846
1285.129 0.79
1285.896 0.767
1286.67 0.774
1287.462 0.792
1288.273 0.811
1289.08 0.807
1289.941 0.861
1290.825 0.884
1291.706 0.881
1292.571 0.865
1293.462 0.891
1294.357 0.895
1295.23 0.873
1296.046 0.816
1296.865 0.819
1297.695 0.83
1298.545 0.85
1299.375 0.83
1300.175 0.8
1300.979 0.804
1301.808 0.829
1302.646 0.838
1303.464 0.818
1304.316 0.852
1305.185 0.869
1306.026 0.841
1306.813 0.787
1307.567 0.754
1308.312 0.745
1309.064 0.752
1309.802 0.738
1310.559 0.757
1311.324 0.765
1312.097 0.773
1312.869 0.772
1313.661 0.792
1314.501 0.84
1315.373 0.872
1316.215 0.842
1317.046 0.831
1317.891 0.845
1318.713 0.822
1319.525 0.812
1320.33 0.805
1321.115 0.785
1321.851 0.736
1322.541 0.69
1323.23 0.689
1323.919 0.689
1324.653 0.734
1325.481 0.828
1326.34 0.859
1327.3 0.96
1328.32 1.02
1329.292 0.972
1330.297 1.005
1331.305 1.008
1332.213 0.908
1333.132 0.919
1334.06 0.928
1334.989 0.929
1335.857 0.868
1336.763 0.906
1337.69 0.927
1338.617 0.927
1339.488 0.871
1340.357 0.869
1341.187 0.83
1341.986 0.799
1342.738 0.752
1343.501 0.763
1344.269 0.768
1345.08 0.811
1345.863 0.783
1346.669 0.806
1347.48 0.811
1348.245 0.765
1348.992 0.747
1349.742 0.75
1350.523 0.781
1351.371 0.848
1352.253 0.882
1353.137 0.884
1353.964 0.827
1354.792 0.828
1355.608 0.816
1356.433 0.825
1357.226 0.793
1358.059 0.833
1358.925 0.866
1359.826 0.901
1360.708 0.882
1361.623 0.915
1362.58 0.957
1363.507 0.927
1364.366 0.859
1365.207 0.841
1366.035 0.828
1366.836 0.801
1367.639 0.803
1368.456 0.817
1369.339 0.883
1370.215 0.876
1371.15 0.935
1372.111 0.961
1373.037 0.926
1373.921 0.884
1374.791 0.87
1375.642 0.851
1376.455 0.813
1377.278 0.823
1378.137 0.859
1379.019 0.882
1379.87 0.851
1380.757 0.887
1381.662 0.905
1382.529 0.867
1383.418 0.889
1384.317 0.899
1385.187 0.87
1386.068 0.881
1386.974 0.906
1387.883 0.909
1388.703 0.82
1389.491 0.788
1390.254 0.763
1391.026 0.772
1391.833 0.807
1392.665 0.832
1393.451 0.786
1394.235 0.784
1395.017 0.782
1395.792 0.775
1396.545 0.753
1397.258 0.713
1397.967 0.709
1398.675 0.708
1399.404 0.729
1400.218 0.814
1401.071 0.853
1401.886 0.815
1402.627 0.741
1403.371 0.744
1404.115 0.744
1404.871 0.756
1405.617 0.746
1406.342 0.725
1406.908 0.566
1407.361 0.453
1407.613 0.252