0.000 2.999
2.999 2.999
3.763 0.764
4.561 0.798
5.302 0.741
6.053 0.751
6.759 0.706
7.463 0.704
8.181 0.718
8.892 0.711
9.596 0.704
10.31 0.714
10.998 0.688
11.672 0.674
12.375 0.703
13.079 0.704
13.773 0.694
14.483 0.71
15.187 0.704
15.874 0.687
16.53 0.656
17.193 0.663
17.834 0.641
18.472 0.638
19.1 0.628
19.721 0.621
20.328 0.607
20.932 0.604
21.532 0.6
22.141 0.609
22.75 0.609
23.358 0.608
23.973 0.615
24.608 0.635
25.452 0.844
26.45 0.998
27.399 0.949
28.255 0.856
29.138 0.883
30.05 0.912
30.916 0.866
31.774 0.858
32.704 0.93
33.643 0.939
34.548 0.905
35.442 0.894
36.402 0.96
37.322 0.92
38.212 0.89
39.162 0.95
40.105 0.943
40.995 0.89
41.876 0.881
42.811 0.935
43.776 0.965
44.716 0.94
45.616 0.9
46.539 0.923
47.509 0.97
48.5 0.991
49.425 0.925
50.335 0.91
51.324 0.989
52.281 0.957
53.186 0.905
54.153 0.967
55.133 0.98
56.073 0.94
57.01 0.937
57.999 0.989
59.012 1.013
59.934 0.922
60.825 0.891
61.756 0.931
62.754 0.998
63.762 1.008
64.715 0.953
65.64 0.925
66.645 1.005
67.587 0.942
68.42 0.833
69.14 0.72
69.837 0.697
70.614 0.777
71.794 1.18
72.861 1.067
73.799 0.938
74.793 0.994
75.849 1.056
76.829 0.98
77.745 0.916
78.732 0.987
79.706 0.974
80.636 0.93
81.544 0.908
82.561 1.017
83.554 0.993
84.48 0.926
85.484 1.004
86.481 0.997
87.426 0.945
88.421 0.995
89.449 1.028
90.455 1.006
91.348 0.893
92.276 0.928
93.293 1.017
94.311 1.018
95.277 0.966
96.227 0.95
97.217 0.99
98.225 1.008
99.219 0.994
100.146 0.927
101.107 0.961
102.124 1.017
103.144 1.02
104.084 0.94
105.042 0.958
106.099 1.057
107.114 1.015
108.066 0.952
108.987 0.921
109.944 0.957
110.985 1.041
112.004 1.019
112.983 0.979
113.903 0.92
114.847 0.944
115.765 0.918
116.696 0.931
117.553 0.857
118.421 0.868
119.388 0.967
120.499 1.111
121.48 0.981
122.538 1.058
123.533 0.995
124.443 0.91
125.335 0.892
126.141 0.806
126.975 0.834
127.784 0.809
128.589 0.805
129.505 0.916
130.51 1.005
131.371 0.861
132.262 0.891
133.197 0.935
134.155 0.958
135.046 0.891
136.002 0.956
137.002 1.0
137.955 0.953
138.938 0.983
139.941 1.003
140.834 0.893
141.689 0.855
142.597 0.908
143.531 0.934
144.398 0.867
145.344 0.946
146.384 1.04
147.385 1.001
148.34 0.955
149.384 1.044
150.421 1.037
151.377 0.956
152.356 0.979
153.331 0.975
154.291 0.96
155.212 0.921
156.294 1.082
157.24 0.946
158.141 0.901
159.085 0.944
160.014 0.929
160.975 0.961
161.917 0.942
162.822 0.905
163.788 0.966
164.768 0.98
165.726 0.958
166.641 0.915
167.646 1.005
168.641 0.995
169.58 0.939
170.489 0.909
171.444 0.955
172.385 0.941
173.289 0.904
174.277 0.988
175.301 1.024
176.201 0.9
177.069 0.868
177.899 0.83
178.755 0.856
179.708 0.953
180.73 1.022
181.74 1.01
182.7 0.96
183.605 0.905
184.609 1.004
185.631 1.022
186.6 0.969
187.568 0.968
188.558 0.99
189.495 0.937
190.437 0.942
191.409 0.972
192.346 0.937
193.261 0.915
194.252 0.991
195.27 1.018
196.301 1.031
197.258 0.957
198.265 1.007
199.308 1.043
200.284 0.976
201.306 1.022
202.324 1.018
203.297 0.973
204.315 1.018
205.342 1.027
206.326 0.984
207.332 1.006
208.346 1.014
209.354 1.008
210.279 0.925
211.281 1.002
212.292 1.011
213.278 0.986
214.278 1.0
215.327 1.049
216.325 0.998
217.246 0.921
218.221 0.975
219.247 1.026
220.294 1.047
221.271 0.977
222.239 0.968
223.263 1.024
224.274 1.011
225.233 0.959
226.169 0.936
227.163 0.994
228.145 0.982
229.139 0.994
230.077 0.938
231.036 0.959
232.036 1.0
233.001 0.965
233.951 0.95
234.89 0.939
235.864 0.974
236.854 0.99
237.836 0.982
238.789 0.953
239.724 0.935
240.692 0.968
241.666 0.974
242.61 0.944
243.53 0.92
244.446 0.916
245.368 0.922
246.314 0.946
247.267 0.953
248.195 0.928
249.043 0.848
249.841 0.798
250.611 0.77
251.411 0.8
252.326 0.915
253.179 0.853
253.983 0.804
254.846 0.863
255.728 0.882
256.58 0.852
257.402 0.822
258.267 0.865
259.142 0.875
259.986 0.844
260.809 0.823
261.674 0.865
262.524 0.85
263.355 0.831
264.259 0.904
265.207 0.948
266.073 0.866
266.974 0.901
267.871 0.897
268.715 0.844
269.532 0.817
270.394 0.862
271.232 0.838
272.031 0.799
272.863 0.832
273.745 0.882
274.598 0.853
275.475 0.877
276.361 0.886
277.214 0.853
278.036 0.822
278.901 0.865
279.771 0.87
280.589 0.818
281.457 0.868
282.293 0.836
283.084 0.791
283.881 0.797
284.746 0.865
285.611 0.865
286.403 0.792
287.182 0.779
287.981 0.799
288.809 0.828
289.622 0.813
290.39 0.768
291.188 0.798
292.065 0.877
292.89 0.825
293.684 0.794
294.48 0.796
295.222 0.742
295.931 0.709
296.619 0.688
297.298 0.679
298.008 0.71
298.786 0.778
299.608 0.822
300.395 0.787
301.216 0.821
302.105 0.889
302.942 0.837
303.707 0.765
304.495 0.788
305.378 0.883
306.319 0.941
307.206 0.887
308.147 0.941
309.139 0.992
310.071 0.932
310.925 0.854
311.773 0.848
312.63 0.857
313.464 0.834
314.297 0.833
315.18 0.883
316.162 0.982
317.119 0.957
318.14 1.021
319.143 1.003
320.072 0.929
321.02 0.948
321.954 0.934
322.808 0.854
323.713 0.905
324.676 0.963
325.618 0.942
326.611 0.993
327.602 0.991
328.555 0.953
329.592 1.037
330.584 0.992
330.888 0.304
331.441 0.553
332.303 0.862
333.294 0.991
334.258 0.964
335.205 0.947
336.16 0.955
336.958 0.798
337.741 0.783
338.532 0.791
339.266 0.734
339.98 0.714
340.694 0.714
341.402 0.708
342.078 0.676
342.745 0.667
343.401 0.656
344.041 0.64
344.677 0.636
345.301 0.624
345.922 0.621
346.557 0.635
347.194 0.637
347.83 0.636
348.453 0.623
349.06 0.607
349.667 0.607
350.268 0.601
350.871 0.603
351.49 0.619
352.199 0.709
353.158 0.959
354.061 0.903
355.023 0.962
355.954 0.931
356.888 0.934
357.84 0.952
358.699 0.859
359.589 0.89
360.49 0.901
361.433 0.943
362.304 0.871
363.271 0.967
364.186 0.915
365.007 0.821
365.739 0.732
366.444 0.705
367.162 0.718
367.932 0.77
368.813 0.881
369.642 0.829
370.468 0.826
371.267 0.799
372.033 0.766
372.785 0.752
373.506 0.721
374.215 0.709
374.983 0.768
375.97 0.987
377.033 1.063
378.081 1.048
379.079 0.998
379.975 0.896
380.803 0.828
381.537 0.734
382.237 0.7
382.902 0.665
383.542 0.64
384.159 0.617
384.768 0.609
385.386 0.618
386.0 0.614
386.606 0.606
387.216 0.61
387.83 0.614
388.479 0.649
389.159 0.68
389.889 0.73
390.589 0.7
391.277 0.688
391.951 0.674
392.596 0.645
393.232 0.636
393.86 0.628
394.487 0.627
395.117 0.63
395.78 0.663
396.462 0.682
397.258 0.796
398.296 1.038
399.238 0.942
400.151 0.913
401.056 0.905
401.923 0.867
402.852 0.929
403.751 0.899
404.598 0.847
405.381 0.783
406.155 0.774
407.114 0.959
408.232 1.118
409.106 0.874
410.015 0.909
410.965 0.95
411.921 0.956
412.876 0.955
413.77 0.894
414.702 0.932
415.656 0.954
416.546 0.89
417.381 0.835
418.144 0.763
419.186 1.042
420.296 1.11
421.257 0.961
422.214 0.957
423.218 1.004
424.228 1.01
425.276 1.048
426.569 1.293
427.707 1.138
428.792 1.085
429.903 1.111
431.013 1.11
431.956 0.943
433.011 1.055
434.171 1.16
435.303 1.132
436.31 1.007
437.192 0.882
438.109 0.917
439.134 1.025
440.089 0.955
441.093 1.004
442.016 0.923
442.985 0.969
444.026 1.041
445.031 1.005
445.955 0.924
446.881 0.926
447.858 0.977
448.814 0.956
449.636 0.822
450.496 0.86
451.368 0.872
452.204 0.836
453.115 0.911
454.096 0.981
455.162 1.066
456.125 0.963
457.134 1.009
458.213 1.079
459.207 0.994
460.144 0.937
461.161 1.017
462.281 1.12
463.215 0.934
464.142 0.927
465.068 0.926
465.956 0.888
466.876 0.92
467.921 1.045
468.983 1.062
469.919 0.936
470.863 0.944
471.749 0.886
472.575 0.826
473.458 0.883
474.38 0.922
475.249 0.869
476.125 0.876
476.933 0.808
477.702 0.769
478.532 0.83
479.583 1.051
480.486 0.903
481.397 0.911
482.388 0.991
483.378 0.99
484.308 0.93
485.196 0.888
486.107 0.911
487.129 1.022
488.068 0.939
488.93 0.862
489.825 0.895
490.731 0.906
491.556 0.825
492.425 0.869
493.469 1.044
494.397 0.928
495.339 0.942
496.328 0.989
497.263 0.935
498.214 0.951
499.175 0.961
500.165 0.99
501.039 0.874
502.013 0.974
503.041 1.028
504.04 0.999
504.976 0.936
505.937 0.961
506.989 1.052
507.943 0.954
508.839 0.896
509.783 0.944
510.781 0.998
511.664 0.883
512.596 0.932
513.64 1.044
514.645 1.005
515.559 0.914
516.486 0.927
517.461 0.975
518.364 0.903
519.229 0.865
520.155 0.926
521.07 0.915
521.958 0.888
522.933 0.975
523.884 0.951
524.748 0.864
525.72 0.972
526.712 0.992
527.557 0.845
528.344 0.787
529.11 0.766
529.826 0.716
530.528 0.702
531.273 0.745
532.053 0.78
532.807 0.754
533.75 0.943
534.747 0.997
535.705 0.958
536.594 0.889
537.559 0.965
538.548 0.989
539.398 0.85
540.235 0.837
541.117 0.882
542.225 1.108
543.326 1.101
544.268 0.942
545.306 1.038
546.478 1.172
547.45 0.972
548.408 0.958
549.418 1.01
550.423 1.005
551.355 0.932
552.35 0.995
553.359 1.009
554.253 0.894
555.059 0.806
555.805 0.746
556.567 0.762
557.493 0.926
558.505 1.012
559.368 0.863
560.291 0.923
561.268 0.977
562.181 0.913
563.057 0.876
563.966 0.909
564.949 0.983
565.857 0.908
566.858 1.001
567.949 1.091
568.964 1.015
569.894 0.93
570.895 1.001
571.858 0.963
572.763 0.905
573.621 0.858
574.495 0.874
575.448 0.953
576.376 0.928
577.29 0.914
578.306 1.016
579.363 1.057
580.312 0.949
581.222 0.91
582.175 0.953
583.116 0.941
583.991 0.875
584.925 0.934
585.96 1.035
586.93 0.97
587.831 0.901
588.794 0.963
589.765 0.971
590.688 0.923
591.639 0.951
592.728 1.089
593.753 1.025
594.709 0.956
595.724 1.015
596.659 0.935
597.573 0.914
598.562 0.989
599.563 1.001
600.694 1.131
601.757 1.063
602.736 0.979
603.759 1.023
604.783 1.024
605.701 0.918
606.692 0.991
607.777 1.085
608.712 0.935
609.65 0.938
610.592 0.942
611.438 0.846
612.278 0.84
613.063 0.785
613.827 0.764
614.854 1.027
615.743 0.889
616.718 0.975
617.749 1.031
618.671 0.922
619.665 0.994
620.689 1.024
621.601 0.912
622.538 0.937
623.501 0.963
624.352 0.851
625.129 0.777
625.923 0.794
626.742 0.819
627.506 0.764
628.348 0.842
629.373 1.025
630.328 0.955
631.248 0.92
632.244 0.996
633.227 0.983
634.155 0.928
635.183 1.028
636.238 1.055
637.15 0.912
638.092 0.942
639.084 0.992
640.027 0.943
641.051 1.024
642.107 1.056
643.053 0.946
643.974 0.921
644.952 0.978
645.924 0.972
646.798 0.874
647.743 0.945
648.769 1.026
649.711 0.942
650.777 1.066
651.794 1.017
652.764 0.97
653.872 1.108
654.948 1.076
655.965 1.017
657.001 1.036
658.043 1.042
658.956 0.913
659.961 1.005
661.011 1.05
661.931 0.92
662.875 0.944
663.903 1.028
664.812 0.909
665.612 0.8
666.339 0.727
667.082 0.743
668.146 1.064
669.232 1.086
670.28 1.048
671.248 0.968
672.21 0.962
673.214 1.004
674.207 0.993
675.08 0.873
675.964 0.884
676.862 0.898
677.722 0.86
678.575 0.853
679.484 0.909
680.519 1.035
681.501 0.982
682.42 0.919
683.287 0.867
684.084 0.797
684.801 0.717
685.491 0.69
686.198 0.707
687.142 0.944
688.347 1.205
689.304 0.957
690.266 0.962
691.284 1.018
692.255 0.971
693.184 0.929
694.152 0.968
695.162 1.01
696.136 0.974
697.067 0.931
698.022 0.955
699.008 0.986
700.018 1.01
700.934 0.916
701.894 0.96
702.873 0.979
703.803 0.93
704.629 0.826
705.48 0.851
706.371 0.891
707.232 0.861
708.238 1.006
709.281 1.043
710.272 0.991
711.249 0.977
712.236 0.987
713.218 0.982
714.202 0.984
715.218 1.016
716.095 0.877
716.943 0.848
717.762 0.819
718.502 0.74
719.22 0.718
719.923 0.703
720.644 0.721
721.4 0.756
722.146 0.746
722.891 0.745
723.615 0.724
724.368 0.753
725.269 0.901
726.349 1.08
727.271 0.922
728.158 0.887
729.036 0.878
729.926 0.89
730.813 0.887
731.663 0.85
732.437 0.774
733.174 0.737
733.944 0.77
734.788 0.844
735.615 0.827
736.61 0.995
737.66 1.05
738.749 1.089
739.677 0.928
740.571 0.894
741.454 0.883
742.368 0.914
743.261 0.893
744.14 0.879
744.987 0.847
745.799 0.812
746.564 0.765
747.255 0.691
747.917 0.662
748.562 0.645
749.187 0.625
749.811 0.624
750.454 0.643
751.196 0.742
752.479 1.283
753.597 1.118
754.596 0.999
755.623 1.027
756.935 1.312
757.984 1.049
759.001 1.017
760.055 1.054
760.945 0.89
761.819 0.874
762.809 0.99
763.911 1.102
765.023 1.112
766.018 0.995
766.916 0.898
767.904 0.988
768.931 1.027
769.936 1.005
770.94 1.004
771.819 0.879
772.668 0.849
773.648 0.98
774.696 1.048
775.759 1.063
776.789 1.03
777.658 0.869
778.593 0.935
779.602 1.009
780.645 1.043
781.683 1.038
782.796 1.113
783.929 1.133
784.945 1.016
785.868 0.923
786.812 0.944
787.781 0.969
788.739 0.958
789.689 0.95
790.666 0.977
791.697 1.031
792.703 1.006
793.753 1.05
794.828 1.075
795.753 0.925
796.714 0.961
797.698 0.984
798.591 0.893
799.514 0.923
800.416 0.902
801.29 0.874
802.223 0.933
803.299 1.076
804.34 1.041
805.299 0.959
806.347 1.048
807.367 1.02
808.277 0.91
809.201 0.924
810.076 0.875
810.918 0.842
811.916 0.998
813.139 1.223
814.169 1.03
815.263 1.094
816.247 0.984
817.165 0.918
818.162 0.997
819.169 1.007
820.094 0.925
821.063 0.969
822.059 0.996
822.988 0.929
823.971 0.983
824.939 0.968
825.868 0.929
826.855 0.987
827.81 0.955
828.731 0.921
829.724 0.993
830.671 0.947
831.613 0.942
832.57 0.957
833.519 0.949
834.412 0.893
835.371 0.959
836.287 0.916
837.188 0.901
838.147 0.959
839.05 0.903
839.967 0.917
840.926 0.959
841.878 0.952
842.787 0.909
843.746 0.959
844.66 0.914
845.559 0.899
846.509 0.95
847.406 0.897
848.31 0.904
849.259 0.949
850.146 0.887
851.058 0.912
852.021 0.963
852.896 0.875
853.781 0.885
854.697 0.916
855.588 0.891
856.432 0.844
857.259 0.827
858.081 0.822
858.838 0.757
859.599 0.761
860.33 0.731
861.04 0.71
861.778 0.738
862.645 0.867
863.402 0.757
864.167 0.765
864.892 0.725
865.677 0.785
866.456 0.779
867.212 0.756
868.044 0.832
869.104 1.06
869.983 0.879
870.916 0.933
871.807 0.891
872.599 0.792
873.401 0.802
874.205 0.804
874.995 0.79
875.921 0.926
876.957 1.036
877.872 0.915
878.826 0.954
879.716 0.89
880.579 0.863
881.454 0.875
882.328 0.874
883.167 0.839
884.25 1.083
885.221 0.971
886.119 0.898
887.076 0.957
888.048 0.972
889.005 0.957
889.985 0.98
890.918 0.933
891.888 0.97
892.897 1.009
893.798 0.901
894.751 0.953
895.671 0.92
896.544 0.873
897.564 1.02
898.463 0.899
899.231 0.768
899.951 0.72
900.698 0.747
901.725 1.027
902.84 1.115
903.986 1.146
904.987 1.001
906.034 1.047
907.024 0.99
907.96 0.936
908.899 0.939
909.831 0.932
910.695 0.864
911.589 0.894
912.553 0.964
913.464 0.911
914.36 0.896
915.309 0.949
916.179 0.87
917.013 0.834
917.857 0.844
918.757 0.9
919.625 0.868
920.631 1.006
921.586 0.955
922.423 0.837
923.306 0.883
924.215 0.909
925.011 0.796
925.793 0.782
926.535 0.742
927.422 0.887
928.361 0.939
929.197 0.836
930.169 0.972
931.123 0.954
931.978 0.855
932.88 0.902
933.753 0.873
934.567 0.814
935.429 0.862
936.324 0.895
937.257 0.933
938.2 0.943
939.011 0.811
939.933 0.922
941.082 1.149
942.083 1.001
943.042 0.959
944.082 1.04
945.19 1.108
946.172 0.982
947.157 0.985
948.023 0.866
948.791 0.768
949.565 0.774
950.379 0.814
951.443 1.064
952.499 1.056
953.457 0.958
954.416 0.959
955.362 0.946
956.222 0.86
957.095 0.873
958.037 0.942
959.001 0.964
959.87 0.869
960.701 0.831
961.548 0.847
962.399 0.851
963.27 0.871
964.254 0.984
965.281 1.027
966.152 0.871
966.963 0.811
967.72 0.757
968.443 0.723
969.265 0.822
970.377 1.112
971.3 0.923
972.223 0.923
973.224 1.001
974.16 0.936
975.1 0.94
976.107 1.007
977.151 1.044
978.125 0.974
979.161 1.036
980.186 1.025
981.156 0.97
982.088 0.932
983.026 0.938
983.889 0.863
984.745 0.856
985.647 0.902
986.589 0.942
987.509 0.92
988.476 0.967
989.41 0.934
990.324 0.914
991.233 0.909
992.117 0.884
992.976 0.859
993.869 0.893
994.787 0.918
995.655 0.868
996.585 0.93
997.462 0.877
998.406 0.944
999.343 0.937
1000.352 1.009
1001.264 0.912
1002.186 0.922
1003.033 0.847
1003.838 0.805
1004.636 0.798
1005.381 0.745
1006.146 0.765
1006.883 0.737
1007.589 0.706
1008.272 0.683
1008.965 0.693
1009.717 0.752
1010.455 0.738
1011.195 0.74
1012.033 0.838
1012.921 0.888
1013.74 0.819
1014.649 0.909
1015.535 0.886
1016.441 0.906
1017.268 0.827
1018.114 0.846
1019.026 0.912
1019.845 0.819
1020.645 0.8
1021.437 0.792
1022.384 0.947
1023.297 0.913
1024.116 0.819
1024.916 0.8
1025.819 0.903
1026.885 1.066
1027.787 0.902
1028.646 0.859
1029.422 0.776
1030.195 0.773
1031.037 0.842
1031.862 0.825
1032.765 0.903
1033.751 0.986
1034.786 1.035
1035.706 0.92
1036.663 0.957
1037.689 1.026
1038.666 0.977
1039.49 0.824
1040.224 0.734
1040.938 0.714
1041.659 0.721
1042.783 1.124
1043.819 1.036
1044.875 1.056
1045.788 0.913
1046.666 0.878
1047.555 0.889
1048.463 0.908
1049.367 0.904
1050.199 0.832
1051.061 0.862
1052.014 0.953
1053.039 1.025
1054.059 1.02
1055.009 0.95
1055.861 0.852
1056.679 0.818
1057.546 0.867
1058.516 0.97
1059.455 0.939
1060.293 0.838
1061.163 0.87
1062.148 0.985
1063.187 1.039
1064.118 0.931
1065.076 0.958
1066.114 1.038
1067.148 1.034
1068.167 1.019
1069.032 0.865
1069.869 0.837
1070.732 0.863
1071.689 0.957
1072.634 0.945
1073.543 0.909
1074.519 0.976
1075.612 1.093
1076.722 1.11
1077.768 1.046
1078.703 0.935
1079.656 0.953
1080.666 1.01
1081.685 1.019
1082.583 0.898
1083.481 0.898
1084.449 0.968
1085.552 1.103
1086.569 1.017
1087.495 0.926
1088.464 0.969
1089.467 1.003
1090.481 1.014
1091.373 0.892
1092.235 0.862
1093.128 0.893
1094.095 0.967
1095.058 0.963
1096.001 0.943
1096.987 0.986
1098.124 1.137
1099.293 1.169
1100.335 1.042
1101.314 0.979
1102.272 0.958
1103.255 0.983
1104.256 1.001
1105.29 1.034
1106.275 0.985
1107.209 0.934
1108.208 0.999
1109.218 1.01
1110.199 0.981
1111.216 1.017
1112.259 1.043
1113.296 1.037
1114.263 0.967
1115.266 1.003
1116.266 1.0
1117.15 0.884
1118.048 0.898
1118.843 0.795
1119.638 0.795
1120.47 0.832
1121.247 0.777
1122.077 0.83
1123.147 1.07
1124.065 0.918
1125.056 0.991
1126.115 1.059
1127.026 0.911
1127.904 0.878
1128.842 0.938
1129.832 0.99
1130.751 0.919
1131.757 1.006
1132.841 1.084
1133.783 0.942
1134.731 0.948
1135.711 0.98
1136.638 0.927
1137.605 0.967
1138.55 0.945
1139.437 0.887
1140.385 0.948
1141.353 0.968
1142.346 0.993
1143.41 1.064
1144.415 1.005
1145.308 0.893
1146.259 0.951
1147.28 1.021
1148.265 0.985
1149.312 1.047
1150.39 1.078
1151.333 0.943
1152.336 1.003
1153.427 1.091
1154.463 1.036
1155.344 0.881
1156.257 0.913
1157.212 0.955
1158.17 0.958
1159.215 1.045
1160.322 1.107
1161.336 1.014
1162.287 0.951
1163.282 0.995
1164.288 1.006
1165.248 0.96
1166.313 1.065
1167.382 1.069
1168.432 1.05
1169.506 1.074
1170.484 0.978
1171.373 0.889
1172.243 0.87
1173.079 0.836
1173.877 0.798
1174.7 0.823
1175.515 0.815
1176.27 0.755
1177.027 0.757
1177.794 0.767
1178.529 0.735
1179.244 0.715
1180.001 0.757
1180.853 0.852
1181.803 0.95
1182.628 0.825
1183.434 0.806
1184.279 0.845
1185.066 0.787
1185.814 0.748
1186.566 0.752
1187.345 0.779
1188.112 0.767
1188.872 0.76
1189.668 0.796
1190.539 0.871
1191.345 0.806
1192.176 0.831
1193.091 0.915
1194.081 0.99
1194.959 0.878
1195.803 0.844
1196.636 0.833
1197.413 0.777
1198.152 0.739
1198.875 0.723
1199.629 0.754
1200.467 0.838
1201.3 0.833
1202.121 0.821
1202.925 0.804
1203.696 0.771
1204.428 0.732
1205.148 0.72
1205.863 0.715
1206.545 0.682
1207.235 0.69
1207.904 0.669
1208.559 0.655
1209.197 0.638
1209.823 0.626
1210.441 0.618
1211.048 0.607
1211.677 0.629
1212.45 0.773
1213.396 0.946
1214.335 0.939
1215.254 0.919
1216.119 0.865
1217.038 0.919
1218.015 0.977
1218.981 0.966
1219.902 0.921
1220.849 0.947
1221.762 0.913
1222.657 0.895
1223.47 0.813
1224.196 0.726
1224.9 0.704
1225.598 0.698
1226.522 0.924
1227.641 1.119
1228.729 1.088
1229.781 1.052
1230.768 0.987
1231.746 0.978
1232.675 0.929
1233.614 0.939
1234.507 0.893
1235.387 0.88
1236.237 0.85
1237.16 0.923
1238.138 0.978
1239.065 0.927
1240.054 0.989
1241.08 1.026
1242.102 1.022
1243.102 1.0
1244.104 1.002
1245.032 0.928
1245.908 0.876
1246.672 0.764
1247.448 0.776
1248.605 1.157
1249.496 0.891
1250.585 1.089
1251.708 1.123
1252.796 1.088
1253.897 1.101
1254.76 0.863
1255.563 0.803
1256.315 0.752
1257.038 0.723
1257.775 0.737
1258.634 0.859
1259.869 1.235
1261.097 1.228
1262.248 1.151
1263.363 1.115
1264.415 1.052
1265.279 0.864
1266.081 0.802
1266.838 0.757
1267.558 0.72
1268.274 0.716
1269.044 0.77
1270.002 0.958
1271.062 1.06
1272.069 1.007
1273.038 0.969
1274.025 0.987
1274.856 0.831
1275.638 0.782
1276.379 0.741
1277.107 0.728
1277.839 0.732
1278.639 0.8
1279.596 0.957
1280.668 1.072
1281.735 1.067
1282.762 1.027
1283.77 1.008
1284.607 0.837
1285.395 0.788
1286.108 0.713
1286.792 0.684
1287.467 0.675
1288.231 0.764
1289.455 1.224
1290.506 1.051
1291.48 0.974
1292.364 0.884
1293.333 0.969
1294.208 0.875
1295.012 0.804
1295.764 0.752
1296.477 0.713
1297.177 0.7
1297.892 0.715
1298.708 0.816
1299.927 1.219
1301.089 1.162
1302.129 1.04
1303.164 1.035
1304.131 0.967
1305.024 0.893
1311.982 0.721
1312.675 0.693
1313.762 1.087
1314.886 1.124
1316.029 1.143
1317.023 0.994
1317.871 0.848
1318.652 0.781
1319.359 0.707
1320.032 0.673
1320.693 0.661
1321.441 0.748
1322.712 1.271
1323.9 1.188
1324.961 1.061
1326.03 1.069
1327.02 0.99
1327.924 0.904
1328.721 0.797
1329.445 0.724
1330.13 0.685
1330.799 0.669
1331.496 0.697
1332.438 0.942
1333.54 1.102
1334.654 1.114
1335.71 1.056
1336.653 0.943
1337.49 0.837
1338.245 0.755
1338.959 0.714
1339.658 0.699
1340.328 0.67
1341.065 0.737
1342.043 0.978
1343.017 0.974
1343.999 0.982
1344.952 0.953
1345.863 0.911
1346.681 0.818
1347.433 0.752
1348.143 0.71
1348.839 0.696
1349.563 0.724
1350.42 0.857
1351.369 0.949
1352.398 1.029
1353.522 1.124
1354.648 1.126
1355.699 1.051
1356.681 0.982
1357.518 0.837
1358.269 0.751
1358.961 0.692
1359.622 0.661
1360.278 0.656
1360.957 0.679
1362.106 1.149
1363.324 1.218
1364.361 1.037
1365.37 1.009
1366.295 0.925
1367.114 0.819
1367.826 0.712
1368.502 0.676
1369.158 0.656
1369.78 0.622
1370.41 0.63
1371.07 0.66
1372.071 1.001
1372.997 0.926
1373.911 0.914
1374.785 0.874
1375.603 0.818
1376.343 0.74
1377.02 0.677
1377.669 0.649
1378.298 0.629
1378.916 0.618
1379.539 0.623
1380.174 0.635
1380.899 0.725
1381.939 1.04
1382.985 1.046
1384.073 1.088
1385.129 1.056
1386.161 1.032
1387.144 0.983
1387.963 0.819
1388.767 0.804
1389.467 0.7
1390.137 0.67
1390.795 0.658
1391.455 0.66
1392.165 0.71
1393.15 0.985
1394.179 1.029
1395.225 1.046
1396.255 1.03
1397.24 0.985
1398.078 0.838
1398.815 0.737
1399.511 0.696
1400.187 0.676
1400.894 0.707
1401.894 1.0
1403.045 1.151
1404.233 1.188
1405.357 1.124
1406.431 1.074
1407.362 0.931
1408.275 0.913
1409.08 0.805
1409.815 0.735
1410.524 0.709
1411.234 0.71
1412.086 0.852
1413.147 1.061
1414.295 1.148
1415.374 1.079
1416.43 1.056
1417.329 0.899
1418.142 0.813
1418.876 0.734
1419.575 0.699
1420.245 0.67
1420.91 0.665
1421.666 0.756
1422.784 1.118
1423.966 1.182
1425.092 1.126
1426.166 1.074
1427.097 0.931
1427.976 0.879
1428.74 0.764
1429.457 0.717
1430.152 0.695
1430.846 0.694
1431.572 0.726
1432.774 1.202
1433.95 1.176
1435.115 1.165
1436.16 1.045
1437.17 1.01
1438.084 0.914
1438.855 0.771
1439.57 0.715
1440.253 0.683
1440.922 0.669
1441.614 0.692
1442.648 1.034
1443.738 1.09
1444.814 1.076
1445.867 1.053
1446.818 0.951
1447.639 0.821
1448.391 0.752
1449.088 0.697
1449.757 0.669
1450.42 0.663
1451.091 0.671
1451.864 0.773
1453.095 1.231
1454.174 1.079
1455.247 1.073
1456.274 1.027
1457.293 1.019
1458.201 0.908
1459.001 0.8
1459.731 0.73
1460.426 0.695
1461.106 0.68
1461.803 0.697
1462.774 0.971
1464.044 1.27
1465.193 1.149
1466.264 1.071
1467.293 1.029
1468.243 0.95
1469.064 0.821
1469.81 0.746
1470.514 0.704
1471.202 0.688
1471.922 0.72
1472.93 1.008
1473.814 0.884
1474.883 1.069
1476.086 1.203
1477.226 1.14
1478.341 1.115
1479.44 1.099
1480.471 1.031
1481.328 0.857
1482.106 0.778
1482.844 0.738
1483.626 0.782
1484.679 1.053
1485.652 0.973
1486.626 0.974
1487.509 0.883
1488.301 0.792
1489.031 0.73
1489.738 0.707
1490.446 0.708
1491.183 0.737
1492.185 1.002
1493.22 1.035
1494.266 1.046
1495.285 1.019
1496.256 0.971
1497.085 0.829
1497.845 0.76
1498.543 0.698
1499.213 0.67
1499.862 0.649
1500.505 0.643
1501.232 0.727
1502.214 0.982
1503.266 1.052
1504.336 1.07
1505.354 1.018
1506.3 0.946
1507.208 0.908
1508.012 0.804
1508.749 0.737
1509.468 0.719
1510.179 0.711
1510.991 0.812
1512.059 1.068
1513.059 1.0
1514.278 1.219
1515.465 1.187
1516.554 1.089
1517.505 0.951
1518.419 0.914
1519.21 0.791
1519.961 0.751
1520.713 0.752
1521.475 0.762
1522.386 0.911
1523.536 1.15
1524.739 1.203
1525.894 1.155
1526.943 1.049
1527.984 1.041
1529.004 1.02
1529.882 0.878
1530.634 0.752
1531.339 0.705
1532.018 0.679
1532.739 0.721
1534.007 1.268
1534.993 0.986
1535.871 0.878
1536.794 0.923
1537.919 1.125
1538.974 1.055
1539.888 0.914
1540.723 0.835
1541.539 0.816
1542.341 0.802
1543.263 0.922
1544.318 1.055
1545.414 1.096
1546.467 1.053
1547.495 1.028
1548.492 0.997
1549.429 0.937
1550.319 0.89
1551.202 0.883
1552.101 0.899
1553.069 0.968
1554.087 1.018
1555.125 1.038
1556.057 0.932
1556.923 0.866
1557.694 0.771
1558.518 0.824
1559.297 0.779
1560.071 0.774
1560.866 0.795
1561.635 0.769
1562.388 0.753
1563.195 0.807
1563.967 0.772
1564.721 0.754
1565.445 0.724
1566.138 0.693
1566.799 0.661
1567.453 0.654
1568.087 0.634
1568.706 0.619
1569.313 0.607
1569.907 0.594
1570.492 0.585
1571.073 0.581
1571.649 0.576
1572.238 0.589
1572.849 0.611
1573.494 0.645
1574.19 0.696
1574.958 0.768
1575.749 0.791
1576.514 0.765
1577.283 0.769
1578.051 0.768
1578.77 0.719
1579.457 0.687
1580.129 0.672
1580.8 0.671
1581.524 0.724
1582.4 0.876
1583.314 0.914
1584.249 0.935
1584.998 0.749
1585.728 0.73
1586.413 0.685
1587.088 0.675
1587.743 0.655
1588.416 0.673