0.000 2.999
2.999 2.999
3.613 0.614
4.341 0.728
5.067 0.726
5.783 0.716
6.402 0.619
7.047 0.645
7.697 0.65
8.382 0.685
9.253 0.871
10.161 0.908
11.099 0.938
12.082 0.983
12.98 0.898
13.76 0.78
14.54 0.78
15.35 0.81
16.275 0.925
17.118 0.843
18.067 0.949
19.029 0.962
19.942 0.913
20.793 0.851
21.668 0.875
22.551 0.883
23.513 0.962
24.537 1.024
25.435 0.898
26.366 0.931
27.263 0.897
28.114 0.851
29.04 0.926
30.014 0.974
31.121 1.107
32.222 1.101
33.271 1.049
34.354 1.083
35.296 0.942
36.217 0.921
37.137 0.92
37.951 0.814
39.014 1.063
40.13 1.116
41.229 1.099
42.271 1.042
43.187 0.916
44.038 0.851
44.882 0.844
45.78 0.898
46.789 1.009
47.942 1.153
49.087 1.145
50.141 1.054
51.178 1.037
52.173 0.995
53.099 0.926
53.983 0.884
54.904 0.921
55.989 1.085
57.07 1.081
58.102 1.032
59.174 1.072
60.094 0.92
61.048 0.954
61.888 0.84
62.693 0.805
63.549 0.856
64.635 1.086
65.784 1.149
66.822 1.038
67.831 1.009
68.801 0.97
69.718 0.917
70.566 0.848
71.403 0.837
72.289 0.886
73.342 1.053
74.416 1.074
75.506 1.09
76.461 0.955
77.391 0.93
78.324 0.933
79.119 0.795
79.957 0.838
80.839 0.882
81.74 0.901
82.506 0.766
83.254 0.748
84.088 0.834
84.821 0.733
85.603 0.782
86.461 0.858
87.406 0.945
88.355 0.949
89.331 0.976
90.226 0.895
91.045 0.819
91.832 0.787
92.65 0.818
93.579 0.929
94.529 0.95
95.51 0.981
96.454 0.944
97.347 0.893
98.257 0.91
99.209 0.952
100.112 0.903
100.972 0.86
101.947 0.975
102.939 0.992
103.938 0.999
104.968 1.03
105.884 0.916
106.878 0.994
107.783 0.905
108.638 0.855
109.457 0.819
110.304 0.847
111.362 1.058
112.463 1.101
113.514 1.051
114.528 1.014
115.503 0.975
116.468 0.965
117.408 0.94
118.282 0.874
119.144 0.862
119.939 0.795
120.765 0.826
121.773 1.008
122.798 1.025
123.82 1.022
124.804 0.984
125.767 0.963
126.706 0.939
127.594 0.888
128.407 0.813
129.189 0.782
130.042 0.853
130.994 0.952
132.016 1.022
133.035 1.019
134.05 1.015
135.039 0.989
136.016 0.977
136.852 0.836
137.602 0.75
138.313 0.711
139.039 0.726
139.947 0.908
140.997 1.05
141.979 0.982
142.836 0.857
143.704 0.868
144.641 0.937
145.579 0.938
146.527 0.948
147.345 0.818
148.122 0.777
148.868 0.746
149.73 0.862
150.594 0.864
151.53 0.936
152.427 0.897
153.32 0.893
154.194 0.874
155.031 0.837
155.834 0.803
156.621 0.787
157.541 0.92
158.562 1.021
159.524 0.962
160.462 0.938
161.321 0.859
162.088 0.767
162.772 0.684
163.554 0.782
164.269 0.715
165.017 0.748
166.019 1.002
167.084 1.065
168.133 1.049
169.137 1.004
170.076 0.939
171.01 0.934
171.772 0.762
172.631 0.859
173.534 0.903
174.477 0.943
175.429 0.952
176.345 0.916
177.215 0.87
178.085 0.87
178.913 0.828
179.864 0.951
180.842 0.978
181.796 0.954
182.718 0.922
183.607 0.889
184.482 0.875
185.24 0.758
186.12 0.88
187.046 0.926
188.015 0.969
188.945 0.93
189.836 0.891
190.734 0.898
191.546 0.812
192.366 0.82
193.248 0.882
194.286 1.038
195.342 1.056
196.337 0.995
197.279 0.942
198.146 0.867
198.91 0.764
199.679 0.769
200.361 0.682
201.104 0.743
202.091 0.987
203.171 1.08
204.239 1.068
205.199 0.96
206.086 0.887
206.903 0.817
207.673 0.77
208.406 0.733
209.137 0.731
210.021 0.884
210.987 0.966
211.944 0.957
212.89 0.946
213.829 0.939
214.788 0.959
215.592 0.804
216.445 0.853
217.235 0.79
218.128 0.893
219.083 0.955
220.04 0.957
220.985 0.945
221.909 0.924
222.788 0.879
223.601 0.813
224.458 0.857
225.342 0.884
226.262 0.92
227.114 0.852
227.881 0.767
228.648 0.767
229.47 0.822
230.227 0.757
231.016 0.789
231.939 0.923
232.885 0.946
233.819 0.934
234.736 0.917
235.666 0.93
236.488 0.822
237.257 0.769
238.123 0.866
239.035 0.912
239.959 0.924
240.876 0.917
241.781 0.905
242.701 0.92
243.47 0.769
244.341 0.871
245.267 0.926
246.223 0.956
247.105 0.882
247.971 0.866
248.816 0.845
249.707 0.891
250.589 0.882
251.473 0.884
252.339 0.866
253.182 0.843
254.067 0.885
254.988 0.921
255.991 1.003
256.976 0.985
257.947 0.971
258.925 0.978
259.73 0.805
260.569 0.839
261.333 0.764
262.107 0.774
263.06 0.953
264.049 0.989
265.027 0.978
265.922 0.895
266.735 0.813
267.502 0.767
268.285 0.783
268.978 0.693
269.619 0.641
270.389 0.77
271.297 0.908
272.245 0.948
273.194 0.949
274.125 0.931
275.06 0.935
275.879 0.819
276.662 0.783
277.517 0.855
278.37 0.853
279.217 0.847
280.1 0.883
280.891 0.791
281.636 0.745
282.489 0.853
283.39 0.901
284.341 0.951
285.234 0.893
286.104 0.87
286.917 0.813
287.655 0.738
288.455 0.8
289.236 0.781
289.984 0.748
290.757 0.773
291.555 0.798
292.388 0.833
293.32 0.932
294.163 0.843
294.989 0.826
295.903 0.914
296.819 0.916
297.716 0.897
298.629 0.913
299.391 0.762
300.249 0.858
301.139 0.89
302.053 0.914
302.985 0.932
303.906 0.921
304.797 0.891
305.643 0.846
306.527 0.884
307.427 0.9
308.346 0.919
309.276 0.93
310.196 0.92
311.112 0.916
311.977 0.865
312.857 0.88
313.766 0.909
314.701 0.935
315.641 0.94
316.594 0.953
317.526 0.932
318.407 0.881
319.31 0.903
320.218 0.908
321.125 0.907
322.029 0.904
322.904 0.875
323.743 0.839
324.623 0.88
325.492 0.869
326.329 0.837
327.108 0.779
327.836 0.728
328.527 0.691
329.275 0.748
329.983 0.708
330.794 0.811
331.686 0.892
332.587 0.901
333.517 0.93
334.297 0.78
335.134 0.837
335.831 0.697
336.444 0.613
337.085 0.641
337.733 0.648
338.424 0.691
339.161 0.737
339.905 0.744
340.709 0.804
341.406 0.697
342.132 0.726
342.836 0.704
343.509 0.673
344.166 0.657
344.803 0.637
345.451 0.648
346.113 0.662
346.822 0.709
347.571 0.749
348.385 0.814
349.125 0.74
349.792 0.667
350.555 0.763
351.21 0.655
351.972 0.762
352.643 0.671
353.409 0.766
354.151 0.742
354.86 0.709
355.651 0.791
356.449 0.798
357.207 0.758
357.962 0.755
358.704 0.742
359.426 0.722
360.107 0.681
360.812 0.705
361.533 0.721
362.31 0.777
363.104 0.794
363.936 0.832
364.781 0.845
365.588 0.807
366.357 0.769
367.121 0.764
367.881 0.76
368.704 0.823
369.439 0.735
370.305 0.866
371.125 0.82
371.923 0.798
372.802 0.879
373.499 0.697
374.217 0.718
374.918 0.701
375.655 0.737
376.486 0.831
377.258 0.772
378.074 0.816
378.837 0.763
379.576 0.739
380.385 0.809
381.298 0.913
382.264 0.966
383.205 0.941
384.134 0.929
385.024 0.89
385.908 0.884
386.814 0.906
387.717 0.903
388.62 0.903
389.546 0.926
390.421 0.875
391.359 0.938
392.286 0.927
393.221 0.935
394.136 0.915
395.024 0.888
395.848 0.824
396.587 0.739
397.337 0.75
397.984 0.647
398.829 0.845
399.769 0.94
400.693 0.924
401.529 0.836
402.502 0.973
403.449 0.947
404.357 0.908
405.207 0.85
405.979 0.772
406.692 0.713
407.402 0.71
408.128 0.726
408.939 0.811
409.895 0.956
410.839 0.944
411.769 0.93
412.633 0.864
413.525 0.892
414.462 0.937
415.435 0.973
416.304 0.869
417.256 0.952
418.1 0.844
418.964 0.864
419.834 0.87
420.64 0.806
421.534 0.894
422.514 0.98
423.381 0.867
424.288 0.907
425.172 0.884
426.037 0.865
426.858 0.821
427.622 0.764
428.402 0.78
429.176 0.774
429.963 0.787
430.756 0.793
431.526 0.77
432.292 0.766
433.049 0.757
433.817 0.768
434.576 0.759
435.348 0.772
436.092 0.744
436.864 0.772
437.644 0.78
438.404 0.76
439.231 0.827
440.058 0.827
440.886 0.828
441.708 0.822
442.471 0.763
443.268 0.797
444.089 0.821
444.904 0.815
445.717 0.813
446.522 0.805
447.259 0.737
448.0 0.741
448.801 0.801
449.657 0.856
450.487 0.83
451.243 0.756
451.931 0.688
452.625 0.694
453.322 0.697
454.051 0.729
454.839 0.788
455.614 0.775
456.36 0.746
457.113 0.753
457.88 0.767
458.637 0.757
459.379 0.742
460.09 0.711
460.818 0.728
461.427 0.609
462.125 0.698
462.84 0.715
463.558 0.718
464.304 0.746
465.044 0.74
465.752 0.708
466.437 0.685
467.11 0.673
467.761 0.651
468.442 0.681
469.163 0.721
469.943 0.78
470.743 0.8
471.602 0.859
472.334 0.732
473.109 0.775
473.878 0.769
474.634 0.756
475.366 0.732
476.063 0.697
476.797 0.734
477.498 0.701
478.219 0.721
478.973 0.754
479.735 0.762
480.486 0.751
481.281 0.795
482.132 0.851
483.018 0.886
483.893 0.875
484.73 0.837
485.542 0.812
486.346 0.804
487.169 0.823
487.967 0.798
488.806 0.839
489.656 0.85
490.454 0.798
491.235 0.781
492.004 0.769
492.739 0.735
493.446 0.707
494.198 0.752
494.995 0.797
495.902 0.907
496.776 0.874
497.665 0.889
498.528 0.863
499.389 0.861
500.248 0.859
501.073 0.825
501.886 0.813
502.686 0.8
503.473 0.787
504.321 0.848
505.169 0.848
506.011 0.842
506.868 0.857
507.751 0.883
508.588 0.837
509.403 0.815
510.157 0.754
510.91 0.753
511.678 0.768
512.486 0.808
513.301 0.815
514.136 0.835
515.002 0.866
515.915 0.913
516.808 0.893
517.598 0.79
518.41 0.812
519.261 0.851
520.112 0.851
520.978 0.866
521.884 0.906
522.775 0.891
523.664 0.889
524.499 0.835
525.289 0.79
526.025 0.736
526.723 0.698
527.485 0.762
528.345 0.86
529.211 0.866
530.117 0.906
530.972 0.855
531.853 0.881
532.725 0.872
533.606 0.881
534.492 0.886
535.298 0.806
536.141 0.843
537.06 0.919
537.988 0.928
538.886 0.898
539.816 0.93
540.745 0.929
541.658 0.913
542.553 0.895
543.37 0.817
544.22 0.85
545.118 0.898
546.014 0.896
546.855 0.841
547.649 0.794
548.566 0.917
549.559 0.993
550.513 0.954
551.506 0.993
552.357 0.851
553.155 0.798
553.903 0.748
554.682 0.779
555.515 0.833
556.443 0.928
557.39 0.947
558.346 0.956
559.265 0.919
560.251 0.986
561.214 0.963
562.149 0.935
563.04 0.891
563.884 0.844
564.711 0.827
565.562 0.851
566.504 0.942
567.418 0.914
568.25 0.832
569.133 0.883
569.987 0.854
570.858 0.871
571.75 0.892
572.605 0.855
573.442 0.837
574.343 0.901
575.288 0.945
576.216 0.928
577.107 0.891
577.915 0.808
578.675 0.76
579.492 0.817
580.411 0.919
581.334 0.923
582.218 0.884
582.987 0.769
583.727 0.74
584.444 0.717
585.18 0.736
585.937 0.757
586.636 0.699
587.352 0.716
588.094 0.742
588.868 0.774
589.656 0.788
590.428 0.772
591.195 0.767
591.977 0.782
592.819 0.842
593.638 0.819
594.455 0.817
595.336 0.881
596.249 0.913
597.138 0.889
598.009 0.871
598.827 0.818
599.602 0.775
600.367 0.765
601.158 0.791
602.009 0.851
602.936 0.927
603.885 0.949
604.772 0.887
605.613 0.841
606.482 0.869
607.384 0.902
608.306 0.922
609.257 0.951
610.152 0.895
611.002 0.85
611.827 0.825
612.582 0.755
613.375 0.793
614.197 0.822
615.093 0.896
616.022 0.929
616.882 0.86
617.802 0.92
618.685 0.883
619.562 0.877
620.462 0.9
621.378 0.916
622.24 0.862
623.102 0.862
623.976 0.874
624.839 0.863
625.718 0.879
626.622 0.904
627.517 0.895
628.377 0.86
629.277 0.9
630.129 0.852
630.924 0.795
631.681 0.757
632.474 0.793
633.326 0.852
634.292 0.966
635.276 0.984
636.215 0.939
637.136 0.921
638.071 0.935
638.978 0.907
639.813 0.835
640.634 0.821
641.442 0.808
642.267 0.825
643.026 0.759
643.801 0.775
644.642 0.841
645.587 0.945
646.551 0.964
647.501 0.95
648.36 0.859
649.291 0.931
650.246 0.955
651.174 0.928
652.111 0.937
653.023 0.912
653.936 0.913
654.782 0.846
655.613 0.831
656.407 0.794
657.179 0.772
658.043 0.864
658.945 0.902
659.856 0.911
660.781 0.925
661.637 0.856
662.5 0.863
663.352 0.852
664.205 0.853
665.094 0.889
665.963 0.869
666.83 0.867
667.685 0.855
668.546 0.861
669.435 0.889
670.265 0.83
671.04 0.775
671.798 0.758
672.502 0.704
673.215 0.713
673.973 0.758
674.753 0.78
675.574 0.821
676.456 0.882
677.306 0.85
678.109 0.803
678.965 0.856
679.786 0.821
680.629 0.843
681.524 0.895
682.432 0.908
683.28 0.848
684.084 0.804
684.878 0.794
685.723 0.845
686.659 0.936
687.606 0.947
688.521 0.915
689.377 0.856
690.227 0.85
691.068 0.841
691.858 0.79
692.604 0.746
693.367 0.763
694.175 0.808
695.087 0.912
696.012 0.925
696.881 0.869
697.662 0.781
698.458 0.796
699.277 0.819
700.083 0.806
700.874 0.791
701.674 0.8
702.408 0.734
703.131 0.723
703.809 0.678
704.482 0.673
705.206 0.724
705.981 0.775
706.834 0.853
707.725 0.891
708.593 0.868
709.413 0.82
710.257 0.844
711.127 0.87
712.054 0.927
712.972 0.918
713.859 0.887
714.656 0.797
715.47 0.814
716.273 0.803
717.186 0.913
718.153 0.967
719.03 0.877
720.099 1.069
721.092 0.993
722.091 0.999
723.063 0.972
723.98 0.917
724.866 0.886
725.739 0.873
726.551 0.812
727.363 0.812
728.249 0.886
729.173 0.924
730.091 0.918
730.966 0.875
731.788 0.822
732.578 0.79
733.371 0.793
734.121 0.75
734.844 0.723
735.567 0.723
736.413 0.846
737.286 0.873
738.15 0.864
738.944 0.794
739.671 0.727
740.37 0.699
741.047 0.677
741.713 0.666
742.389 0.676
743.071 0.682
743.768 0.697
744.469 0.701
745.176 0.707
745.864 0.688
746.517 0.653
747.136 0.619
747.753 0.617
748.371 0.618
749.042 0.671
749.811 0.769
750.613 0.802
751.426 0.813
752.287 0.861
753.215 0.928
754.172 0.957
755.127 0.955
756.066 0.939
756.965 0.899
757.775 0.81
758.604 0.829
759.489 0.885
760.456 0.967
761.431 0.975
762.419 0.988
763.409 0.99
764.351 0.942
765.301 0.95
766.259 0.958
767.129 0.87
767.9 0.771
768.643 0.743
769.389 0.746
770.124 0.735
770.901 0.777
771.674 0.773
772.477 0.803
773.25 0.773
773.995 0.745
774.852 0.857
775.796 0.944
776.776 0.98
777.723 0.947
778.659 0.936
779.544 0.885
780.4 0.856
781.251 0.851
782.08 0.829
782.899 0.819
783.699 0.8
784.505 0.806
785.317 0.812
786.157 0.84
786.998 0.841
787.864 0.866
788.738 0.874
789.59 0.852
790.447 0.857
791.298 0.851
792.168 0.87
793.027 0.859
793.892 0.865
794.786 0.894
795.662 0.876
796.511 0.849
797.34 0.829
798.193 0.853
799.064 0.871
799.982 0.918
800.885 0.903
801.725 0.84
802.512 0.787
803.296 0.784
804.102 0.806
804.972 0.87
805.883 0.911
806.718 0.835
807.56 0.842
808.431 0.871
809.278 0.847
810.099 0.821
810.884 0.785
811.743 0.859
812.587 0.844
813.486 0.899
814.395 0.909
815.287 0.892
816.179 0.892
817.071 0.892
817.977 0.906
818.803 0.826
819.553 0.75
820.285 0.732
820.959 0.674
821.615 0.656
822.319 0.704
823.148 0.829
824.014 0.866
824.89 0.876
825.74 0.85
826.583 0.843
827.438 0.855
828.335 0.897
829.181 0.846
830.006 0.825
830.774 0.768
831.548 0.774
832.359 0.811
833.202 0.843
834.082 0.88
834.939 0.857
835.794 0.855
836.638 0.844
837.477 0.839
838.296 0.819
839.102 0.806
839.904 0.802
840.748 0.844
841.596 0.848
842.383 0.787
843.179 0.796
843.98 0.801
844.813 0.833
845.68 0.867
846.554 0.874
847.384 0.83
848.248 0.864
849.144 0.896
850.091 0.947
850.987 0.896
851.798 0.811
852.65 0.852
853.477 0.827
854.299 0.822
855.157 0.858
856.049 0.892
856.954 0.905
857.87 0.916
858.8 0.93
859.725 0.925
860.605 0.88
861.494 0.889
862.393 0.899
863.328 0.935
864.189 0.861
865.005 0.816
865.905 0.9
866.803 0.898
867.699 0.896
868.558 0.859
869.392 0.834
870.154 0.762
870.92 0.766
871.716 0.796
872.58 0.864
873.493 0.913
874.402 0.909
875.201 0.799
876.051 0.85
876.917 0.866
877.766 0.849
878.602 0.836
879.394 0.792
880.16 0.766
880.983 0.823
881.858 0.875
882.805 0.947
883.714 0.909
884.517 0.803
885.253 0.736
885.952 0.699
886.651 0.699
887.44 0.789
888.346 0.906
889.321 0.975
890.303 0.982
891.267 0.964
892.199 0.932
893.097 0.898
894.002 0.905
894.85 0.848
895.661 0.811
896.469 0.808
897.22 0.751
897.992 0.772
898.777 0.785
899.577 0.8
900.392 0.815
901.194 0.802
902.067 0.873
902.933 0.866
903.79 0.857
904.671 0.881
905.485 0.814
906.242 0.757
906.968 0.726
907.687 0.719
908.428 0.741
909.22 0.792
910.071 0.851
910.935 0.864
911.703 0.768
912.437 0.734
913.153 0.716
913.861 0.708
914.618 0.757
915.432 0.814
916.32 0.888
917.21 0.89
918.096 0.886
918.933 0.837
919.751 0.818
920.551 0.8
921.364 0.813
922.169 0.805
922.964 0.795
923.721 0.757
924.479 0.758
925.208 0.729
925.952 0.744
926.718 0.766
927.504 0.786
928.301 0.797
929.101 0.8
929.903 0.802
930.685 0.782
931.457 0.772
932.211 0.754
932.923 0.712
933.685 0.762
934.489 0.804
935.358 0.869
936.275 0.917
937.235 0.96
938.155 0.92
939.044 0.889
939.947 0.903
940.794 0.847
941.663 0.869
942.507 0.844
943.403 0.896
944.255 0.852
945.043 0.788
945.869 0.826
946.739 0.87
947.646 0.907
948.565 0.919
949.415 0.85
950.218 0.803
951.011 0.793
951.779 0.768
952.498 0.719
953.258 0.76
954.055 0.797
954.896 0.841
955.767 0.871
956.648 0.881
957.513 0.865
958.279 0.766
959.019 0.74
959.8 0.781
960.656 0.856
961.581 0.925
962.482 0.901
963.38 0.898
964.287 0.907
965.171 0.884
966.045 0.874
966.876 0.831
967.66 0.784
968.458 0.798
969.24 0.782
970.029 0.789
970.85 0.821
971.639 0.789
972.435 0.796
973.277 0.842
974.103 0.826
974.938 0.835
975.715 0.777
976.472 0.757
977.241 0.769
978.021 0.78
978.806 0.785
979.615 0.809
980.428 0.813
981.228 0.8
982.007 0.779
982.834 0.827
983.683 0.849
984.55 0.867
985.445 0.895
986.327 0.882
987.158 0.831
988.062 0.904
988.939 0.877
989.81 0.871
990.671 0.861
991.533 0.862
992.366 0.833
993.139 0.773
993.937 0.798
994.749 0.812
995.598 0.849
996.479 0.881
997.387 0.908
998.267 0.88
999.114 0.847
999.922 0.808
1000.679 0.757
1001.477 0.798
1002.309 0.832
1003.146 0.837
1003.972 0.826
1004.734 0.762
1005.526 0.792
1006.373 0.847
1007.227 0.854
1008.059 0.832
1008.83 0.771
1009.662 0.832
1010.485 0.823
1011.296 0.811
1012.114 0.818
1012.882 0.768
1013.657 0.775
1014.435 0.778
1015.266 0.831
1016.089 0.823
1016.913 0.824
1017.723 0.81
1018.506 0.783
1019.302 0.796
1020.08 0.778
1020.827 0.747
1021.55 0.723
1022.3 0.75
1023.062 0.762
1023.88 0.818
1024.706 0.826
1025.469 0.763
1026.236 0.767
1026.984 0.748
1027.717 0.733
1028.408 0.691
1029.033 0.625
1029.83 0.797
1030.571 0.741
1031.283 0.712
1031.956 0.673
1032.607 0.651
1033.243 0.636
1033.858 0.615
1034.471 0.613
1035.097 0.626
1035.754 0.657
1036.445 0.691
1037.151 0.706
1037.851 0.7
1038.57 0.719
1039.277 0.707
1039.962 0.685
1040.626 0.664
1041.293 0.667
1041.982 0.689
1042.684 0.702
1043.378 0.694
1044.123 0.745
1044.941 0.818
1045.801 0.86
1046.692 0.891
1047.586 0.894
1048.422 0.836
1049.208 0.786
1049.946 0.738
1050.736 0.79
1051.564 0.828
1052.427 0.863
1053.293 0.866
1054.134 0.841
1054.948 0.814
1055.716 0.768
1056.459 0.743
1057.178 0.719
1057.886 0.708
1058.575 0.689
1059.262 0.687
1060.031 0.769
1060.849 0.818
1061.647 0.798
1062.393 0.746
1063.191 0.798
1064.011 0.82
1064.849 0.838
1065.687 0.838
1066.511 0.824
1067.304 0.793
1068.115 0.811
1068.927 0.812
1069.753 0.826
1070.606 0.853
1071.465 0.859
1072.329 0.864
1073.17 0.841
1074.061 0.891
1074.959 0.898
1075.88 0.921
1076.805 0.925
1077.709 0.904
1078.584 0.875
1079.406 0.822
1080.235 0.829
1081.093 0.858
1082.011 0.918
1082.956 0.945
1083.921 0.965
1084.881 0.96
1085.816 0.935
1086.692 0.876
1087.56 0.868
1088.395 0.835
1089.267 0.872
1090.166 0.899
1091.047 0.881
1091.931 0.884
1092.87 0.939
1093.859 0.989
1094.83 0.971
1095.768 0.938
1096.657 0.889
1097.532 0.875
1098.461 0.929
1099.42 0.959
1100.376 0.956
1101.334 0.958
1102.244 0.91
1103.101 0.857
1103.979 0.878
1104.882 0.903
1105.805 0.923
1106.734 0.929
1107.661 0.927
1108.558 0.897
1109.407 0.849
1110.283 0.876
1111.164 0.881
1112.077 0.913
1112.974 0.897
1113.871 0.897
1114.734 0.863
1115.561 0.827
1116.426 0.865
1117.339 0.913
1118.261 0.922
1119.176 0.915
1120.061 0.885
1120.903 0.842
1121.781 0.878
1122.699 0.918
1123.647 0.948
1124.594 0.947
1125.521 0.927
1126.392 0.871
1127.205 0.813
1128.037 0.832
1128.875 0.838
1129.741 0.866
1130.592 0.851
1131.437 0.845
1132.267 0.83
1133.069 0.802
1133.936 0.867
1134.862 0.926
1135.816 0.954
1136.742 0.926
1137.628 0.886
1138.463 0.835
1139.29 0.827
1140.157 0.867
1141.042 0.885
1141.952 0.91
1142.867 0.915
1143.781 0.914
1144.683 0.902
1145.546 0.863
1146.391 0.845
1147.271 0.88
1148.173 0.902
1149.089 0.916
1150.004 0.915
1150.907 0.903
1151.804 0.897
1152.662 0.858
1153.532 0.87
1154.409 0.877
1155.292 0.883
1156.171 0.879
1157.02 0.849
1157.866 0.846
1158.735 0.869
1159.605 0.87
1160.479 0.874
1161.351 0.872
1162.206 0.855
1163.065 0.859
1163.877 0.812
1164.622 0.745
1165.314 0.692
1165.972 0.658
1166.616 0.644
1167.26 0.644
1167.916 0.656
1168.589 0.673
1169.301 0.712
1170.083 0.782
1170.91 0.827
1171.759 0.849
1172.6 0.841
1173.399 0.799
1174.178 0.779
1174.958 0.78
1175.753 0.795
1176.561 0.808
1177.389 0.828
1178.216 0.827
1179.025 0.809
1179.913 0.888
1180.86 0.947
1181.832 0.972
1182.795 0.963
1183.718 0.923
1184.576 0.858
1185.467 0.891
1186.396 0.929
1187.371 0.975
1188.348 0.977
1189.309 0.961
1190.197 0.888
1191.194 0.997
1192.137 0.943
1193.06 0.923
1193.989 0.929
1194.945 0.956
1195.879 0.934
1196.797 0.918
1197.788 0.991
1198.799 1.011
1199.808 1.009
1200.802 0.994
1201.766 0.964
1202.678 0.912
1203.598 0.92
1204.555 0.957
1205.555 1.0
1206.568 1.013
1207.53 0.962
1208.498 0.968
1209.428 0.93
1210.353 0.925
1211.284 0.931
1212.192 0.908
1213.108 0.916
1213.972 0.864
1214.879 0.907
1215.773 0.894
1216.656 0.883
1217.497 0.841
1218.336 0.839
1219.109 0.773
1219.831 0.722
1220.54 0.709
1221.234 0.694
1221.931 0.697
1222.653 0.722
1223.407 0.754
1224.134 0.727
1224.824 0.69
1225.526 0.702
1226.238 0.712
1226.989 0.751
1227.752 0.763
1228.514 0.762
1229.277 0.763
1230.029 0.752
1230.767 0.738
1231.532 0.765
1232.326 0.794
1233.132 0.806
1233.945 0.813
1234.766 0.821
1235.58 0.814
1236.372 0.792
1237.18 0.808
1238.001 0.821
1238.831 0.83
1239.653 0.822
1240.437 0.784
1241.233 0.796
1242.022 0.789
1242.827 0.805
1243.653 0.826
1244.499 0.846
1245.326 0.827
1246.108 0.782
1246.867 0.759
1247.719 0.852
1248.672 0.953
1249.678 1.006
1250.703 1.025
1251.686 0.983
1252.634 0.948
1253.562 0.928
1254.454 0.892
1255.304 0.85
1256.089 0.785
1256.88 0.791
1257.629 0.749
1258.354 0.725
1259.037 0.683
1259.706 0.669
1260.377 0.671
1261.035 0.658
1261.7 0.665
1262.405 0.705
1263.163 0.758
1263.982 0.819
1264.82 0.838
1265.625 0.805
1266.424 0.799
1267.162 0.738
1267.853 0.691
1268.546 0.693
1269.224 0.678
1269.904 0.68
1270.598 0.694
1271.321 0.723
1272.14 0.819
1273.063 0.923
1274.009 0.946
1274.96 0.951
1275.862 0.902
1276.682 0.82
1277.463 0.781
1278.302 0.839
1279.206 0.904
1280.156 0.95
1281.092 0.936
1282.02 0.928
1282.891 0.871
1283.652 0.761
1284.381 0.729
1285.122 0.741
1286.012 0.89
1287.041 1.029
1288.149 1.108
1289.203 1.054
1290.239 1.036
1291.249 1.01
1292.22 0.971
1293.157 0.937
1294.076 0.919
1294.915 0.839
1295.684 0.769
1296.448 0.764
1297.238 0.79
1298.167 0.929
1299.219 1.052
1300.274 1.055
1301.322 1.048
1302.36 1.038
1303.362 1.002
1304.268 0.906
1305.101 0.833
1305.864 0.763
1306.61 0.746
1307.363 0.753
1308.103 0.74
1308.836 0.733
1309.598 0.762
1310.479 0.881
1311.531 1.052
1312.573 1.042
1313.584 1.011
1314.567 0.983
1315.505 0.938
1316.393 0.888
1317.237 0.844
1318.019 0.782
1318.759 0.74
1319.477 0.718
1320.199 0.722
1320.986 0.787
1321.961 0.975
1322.983 1.022
1323.987 1.004
1324.96 0.973
1325.89 0.93
1326.747 0.857
1327.527 0.78
1328.268 0.741
1329.003 0.735
1329.702 0.699
1330.402 0.7
1331.219 0.817
1332.133 0.914
1333.049 0.916
1333.926 0.877
1334.762 0.836
1335.54 0.778
1336.287 0.747
1337.035 0.748
1337.871 0.836
1338.83 0.959
1339.839 1.009
1340.827 0.988
1341.779 0.952
1342.693 0.914
1343.534 0.841
1344.299 0.765
1345.031 0.732
1345.767 0.736
1346.582 0.815
1347.576 0.994
1348.683 1.107
1355.917 0.936
1356.793 0.876
1357.532 0.739
1358.311 0.779
1359.162 0.851
1360.041 0.879
1360.907 0.866
1361.741 0.834
1362.518 0.777
1363.243 0.725
1363.944 0.701
1364.628 0.684
1365.367 0.739
1366.174 0.807
1367.08 0.906
1367.993 0.913
1368.905 0.912
1369.782 0.877
1370.61 0.828
1371.423 0.813
1372.266 0.843
1373.115 0.849
1373.97 0.855
1374.845 0.875
1375.72 0.875
1376.55 0.83
1377.334 0.784
1378.125 0.791
1378.912 0.787
1379.725 0.813
1380.541 0.816
1381.288 0.747
1381.987 0.699
1382.687 0.7
1383.383 0.696
1384.113 0.73
1384.932 0.819
1385.836 0.904
1386.774 0.938
1387.708 0.934
1388.618 0.91
1389.499 0.881
1390.322 0.823
1391.091 0.769
1391.822 0.731
1392.59 0.768
1393.424 0.834
1394.376 0.952
1395.303 0.927
1396.22 0.917
1397.119 0.899
1397.981 0.862
1398.792 0.811
1399.582 0.79
1400.417 0.835
1401.292 0.875
1402.19 0.898
1403.103 0.913
1404.0 0.897
1404.867 0.867
1405.678 0.811
1406.427 0.749
1407.144 0.717
1407.849 0.705
1408.57 0.721
1409.399 0.829
1410.296 0.897
1411.211 0.915
1412.055 0.844
1412.877 0.822
1413.674 0.797
1414.432 0.758
1415.162 0.73
1415.885 0.723
1416.606 0.721
1417.355 0.749
1418.235 0.88
1419.134 0.899
1420.03 0.896
1420.904 0.874
1421.77 0.866
1422.614 0.844
1423.409 0.795
1424.137 0.728
1424.836 0.699
1425.514 0.678
1426.218 0.704
1427.01 0.792
1427.9 0.89
1428.812 0.912
1429.712 0.9
1430.597 0.885
1431.442 0.845
1432.205 0.763
1432.934 0.729
1433.657 0.723
1434.413 0.756
1435.219 0.806
1436.067 0.848
1436.933 0.866
1437.796 0.863
1438.647 0.851
1439.448 0.801
1440.218 0.77
1441.0 0.782
1441.84 0.84
1442.707 0.867
1443.593 0.886
1444.464 0.871
1445.309 0.845
1446.11 0.801
1446.875 0.765
1447.671 0.796
1448.472 0.801
1449.293 0.821
1450.11 0.817
1450.906 0.796
1451.681 0.775
1452.459 0.778
1453.321 0.862
1454.187 0.866
1455.045 0.858
1455.834 0.789
1456.577 0.743
1457.27 0.693
1457.931 0.661
1458.576 0.645
1459.212 0.636
1459.861 0.649
1460.547 0.686
1461.281 0.734
1462.153 0.872
1463.109 0.956
1464.064 0.955
1464.987 0.923
1465.85 0.863
1466.651 0.801
1467.475 0.824
1468.292 0.817
1469.102 0.81
1469.872 0.77
1470.67 0.798
1471.483 0.813
1472.308 0.825
1473.128 0.82
1473.924 0.796
1474.702 0.778
1475.497 0.795
1476.377 0.88
1477.286 0.909
1478.19 0.904
1479.068 0.878
1479.909 0.841
1480.7 0.791
1481.461 0.761
1482.22 0.759
1483.089 0.869
1484.042 0.953
1484.995 0.953
1485.916 0.921
1486.793 0.877
1487.588 0.795
1488.344 0.756
1489.098 0.754
1489.938 0.84
1490.845 0.907
1491.761 0.916
1492.669 0.908
1493.535 0.866
1494.305 0.77
1495.038 0.733
1495.767 0.729
1496.554 0.787
1497.439 0.885
1498.425 0.986
1499.409 0.984
1500.362 0.953
1501.258 0.896
1502.073 0.815
1502.859 0.786
1503.685 0.826
1504.543 0.858
1505.413 0.87
1506.289 0.876
1507.127 0.838
1507.926 0.799
1508.683 0.757
1509.42 0.737
1510.121 0.701
1510.796 0.675
1511.47 0.674
1512.17 0.7
1512.901 0.731
1513.635 0.734
1514.357 0.722
1515.136 0.779
1515.966 0.83
1516.832 0.866
1517.705 0.873
1518.563 0.858
1519.391 0.828
1520.167 0.776
1520.921 0.754
1521.715 0.794
1522.546 0.831
1523.418 0.872
1524.306 0.888
1525.197 0.891
1526.031 0.834
1526.783 0.752
1527.508 0.725
1528.321 0.813
1529.172 0.851
1530.04 0.868
1530.917 0.877
1531.792 0.875
1532.66 0.868
1533.49 0.83
1534.281 0.791
1535.079 0.798
1535.87 0.791
1536.674 0.804
1537.485 0.811
1538.275 0.79
1539.04 0.765
1539.822 0.782
1540.606 0.784
1541.402 0.796
1542.206 0.804
1543.02 0.814
1543.829 0.809
1544.615 0.786
1545.377 0.762
1546.161 0.784
1546.973 0.812
1547.782 0.809
1548.546 0.764
1549.262 0.716
1549.956 0.694
1550.633 0.677
1551.302 0.669
1551.997 0.695
1552.719 0.722
1553.483 0.764
1554.297 0.814
1555.122 0.825
1555.905 0.783
1556.644 0.739
1557.374 0.73
1558.082 0.708
1558.779 0.697
1559.478 0.699
1560.181 0.703
1560.879 0.698
1561.577 0.698
1562.282 0.705
1562.981 0.699
1563.661 0.68
1564.315 0.654
1564.978 0.663
1565.639 0.661
1566.321 0.682
1567.036 0.715
1567.768 0.732
1568.496 0.728
1569.207 0.711
1569.918 0.711
1570.645 0.727
1571.38 0.735
1572.099 0.719
1572.78 0.681
1573.432 0.652