0.000 0.774
0.774 0.774
1.551 0.777
2.325 0.774
3.895 1.57
4.683 0.788
5.462 0.779
6.238 0.776
7.009 0.771
7.786 0.777
8.557 0.771
9.326 0.769
10.097 0.771
10.858 0.761
11.611 0.753
12.38 0.769
13.137 0.757
13.885 0.748
14.65 0.765
15.413 0.763
16.197 0.784
16.98 0.783
17.759 0.779
18.522 0.763
19.281 0.759
20.027 0.746
20.749 0.722
21.455 0.706
22.141 0.686
22.832 0.691
23.53 0.698
24.257 0.727
24.996 0.739
25.75 0.754
26.522 0.772
27.303 0.781
28.108 0.805
28.927 0.819
29.735 0.808
30.559 0.824
31.373 0.814
32.158 0.785
32.942 0.784
33.72 0.778
34.48 0.76
35.247 0.767
36.012 0.765
36.769 0.757
37.53 0.761
38.315 0.785
39.117 0.802
39.912 0.795
40.72 0.808
41.541 0.821
42.368 0.827
43.174 0.806
43.972 0.798
44.785 0.813
45.589 0.804
46.388 0.799
47.198 0.81
48.009 0.811
48.803 0.794
49.59 0.787
50.389 0.799
51.19 0.801
51.992 0.802
52.799 0.807
53.618 0.819
54.452 0.834
55.281 0.829
56.088 0.807
56.9 0.812
57.704 0.804
58.49 0.786
59.278 0.788
60.063 0.785
60.826 0.763
61.574 0.748
62.328 0.754
63.088 0.76
63.851 0.763
64.616 0.765
65.405 0.789
66.222 0.817
67.057 0.835
67.872 0.815
68.695 0.823
69.514 0.819
70.335 0.821
71.126 0.791
71.905 0.779
72.681 0.776
73.452 0.771
74.208 0.756
74.962 0.754
75.717 0.755
76.464 0.747
77.205 0.741
77.945 0.74
78.699 0.754
79.463 0.764
80.226 0.763
80.981 0.755
81.748 0.767
82.526 0.778
83.302 0.776
84.064 0.762
84.823 0.759
85.579 0.756
86.309 0.73
87.033 0.724
87.756 0.723
88.47 0.714
89.171 0.701
89.884 0.713
90.604 0.72
91.328 0.724
92.052 0.724
92.799 0.747
93.557 0.758
94.312 0.755
95.06 0.748
95.808 0.748
96.571 0.763
97.331 0.76
98.08 0.749
98.833 0.753
99.589 0.756
100.347 0.758
101.104 0.757
101.855 0.751
102.613 0.758
103.376 0.763
104.129 0.753
104.887 0.758
105.656 0.769
106.43 0.774
107.193 0.763
107.961 0.768
108.72 0.759
109.47 0.75
110.227 0.757
110.981 0.754
111.715 0.734
112.444 0.729
113.164 0.72
113.877 0.713
114.582 0.705
115.289 0.707
115.996 0.707
116.701 0.705
117.411 0.71
118.123 0.712
118.851 0.728
119.594 0.743
120.343 0.749
121.106 0.763
121.874 0.768
122.621 0.747
123.379 0.758
124.141 0.762
124.891 0.75
125.647 0.756
126.418 0.771
127.18 0.762
127.938 0.758
128.697 0.759
129.454 0.757
130.214 0.76
130.978 0.764
131.744 0.766
132.517 0.773
133.296 0.779
134.071 0.775
134.844 0.773
135.609 0.765
136.357 0.748
137.113 0.756
137.865 0.752
138.61 0.745
139.363 0.753
140.114 0.751
140.862 0.748
141.612 0.75
142.371 0.759
143.127 0.756
143.893 0.766
144.659 0.766
145.418 0.759
146.194 0.776
146.968 0.774
147.739 0.771
148.496 0.757
149.245 0.749
149.984 0.739
150.716 0.732
151.451 0.735
152.178 0.727
152.903 0.725
153.634 0.731
154.373 0.739
155.108 0.735
155.852 0.744
156.608 0.756
157.357 0.749
158.119 0.762
158.891 0.772
159.657 0.766
160.42 0.763
161.184 0.764
161.921 0.737
162.648 0.727
163.367 0.719
164.078 0.711
164.771 0.693
165.465 0.694
166.159 0.694
166.845 0.686
167.54 0.695
168.249 0.709
168.975 0.726
169.71 0.735
170.481 0.771
171.268 0.787
172.064 0.796
172.873 0.809
173.693 0.82
174.504 0.811
175.312 0.808
176.105 0.793
176.893 0.788
177.662 0.769
178.423 0.761
179.168 0.745
179.902 0.734
180.637 0.735
181.361 0.724
182.082 0.721
182.803 0.721
183.524 0.721
184.25 0.726
184.995 0.745
185.758 0.763
186.533 0.775
187.34 0.807
188.164 0.824
188.979 0.815
189.804 0.825
190.627 0.823
191.426 0.799
192.231 0.805
193.043 0.812
193.822 0.779
194.596 0.774
195.368 0.772
196.134 0.766
196.884 0.75
197.636 0.752
198.384 0.748
199.125 0.741
199.87 0.745
200.605 0.735
201.331 0.726
202.062 0.731
202.811 0.749
203.58 0.769
204.351 0.771
205.133 0.782
205.93 0.797
206.714 0.784
207.504 0.79
208.285 0.781
209.042 0.757
209.798 0.756
210.549 0.751
211.285 0.736
212.014 0.729
212.749 0.735
213.486 0.737
214.21 0.724
214.974 0.764
215.744 0.77
216.525 0.781
217.296 0.771
218.088 0.792
218.889 0.801
219.686 0.797
220.488 0.802
221.284 0.796
222.051 0.767
222.797 0.746
223.529 0.732
224.25 0.721
224.969 0.719
225.684 0.715
226.409 0.725
227.139 0.73
227.87 0.731
228.594 0.724
229.329 0.735
230.075 0.746
230.831 0.756
231.585 0.754
232.345 0.76
233.107 0.762
233.867 0.76
234.629 0.762
235.398 0.769
236.157 0.759
236.904 0.747
237.662 0.758
238.425 0.763
239.177 0.752
239.924 0.747
240.669 0.745
241.41 0.741
242.14 0.73
242.88 0.74
243.617 0.737
244.356 0.739
245.096 0.74
245.845 0.749
246.6 0.755
247.356 0.756
248.109 0.753
248.873 0.764
249.636 0.763
250.392 0.756
251.14 0.748
251.871 0.731
252.585 0.714
253.303 0.718
254.015 0.712
254.714 0.699
255.407 0.693
256.107 0.7
256.796 0.689
257.485 0.689
258.185 0.7
258.883 0.698
259.586 0.703
260.296 0.71
261.014 0.718
261.733 0.719
262.453 0.72
263.174 0.721
263.904 0.73
264.628 0.724
265.364 0.736
266.099 0.735
266.829 0.73
267.565 0.736
268.304 0.739
269.039 0.735
269.779 0.74
270.525 0.746
271.261 0.736
272.008 0.747
272.759 0.751
273.516 0.757
274.261 0.745
275.01 0.749
275.759 0.749
276.501 0.742
277.242 0.741
277.989 0.747
278.731 0.742
279.486 0.755
280.251 0.765
281.003 0.752
281.76 0.757
282.527 0.767
283.288 0.761
284.035 0.747
284.774 0.739
285.517 0.743
286.257 0.74
287.002 0.745
287.761 0.759
288.518 0.757
289.261 0.743
290.009 0.748
290.754 0.745
291.493 0.739
292.231 0.738
292.965 0.734
293.703 0.738
294.442 0.739
295.188 0.746
295.943 0.755
296.7 0.757
297.45 0.75
298.203 0.753
298.938 0.735
299.667 0.729
300.384 0.717
301.088 0.704
301.787 0.699
302.469 0.682
303.141 0.672
303.806 0.665
304.46 0.654
305.106 0.646
305.747 0.641
306.383 0.636
307.012 0.629
307.632 0.62
308.25 0.618
308.867 0.617
309.488 0.621
310.115 0.627
310.756 0.641
311.414 0.658
312.092 0.678
312.787 0.695
313.477 0.69
314.157 0.68
314.82 0.663
315.468 0.648
316.118 0.65
316.755 0.637
317.384 0.629
318.013 0.629
318.67 0.657
319.36 0.69
320.088 0.728
320.855 0.767
321.651 0.796
322.471 0.82
323.299 0.828
324.14 0.841
324.963 0.823
325.79 0.827
326.628 0.838
327.484 0.856
328.348 0.864
329.186 0.838
330.035 0.849
330.892 0.857
331.733 0.841
332.554 0.821
333.375 0.821
334.206 0.831
335.036 0.83
335.888 0.852
336.734 0.846
337.588 0.854
338.434 0.846
339.217 0.783
340.015 0.798
340.793 0.778
341.556 0.763
342.321 0.765
343.078 0.757
343.827 0.749
344.571 0.744
345.314 0.743
346.069 0.755
346.808 0.739
347.541 0.733
348.257 0.716
348.965 0.708
349.663 0.698
350.36 0.697
351.055 0.695
351.757 0.702
352.475 0.718
353.186 0.711
353.903 0.717
354.635 0.732
355.383 0.748
356.163 0.78
356.986 0.823
357.849 0.863
358.726 0.877
359.621 0.895
360.509 0.888
361.391 0.882
362.264 0.873
363.122 0.858
363.96 0.838
364.791 0.831
365.62 0.829
366.435 0.815
367.242 0.807
368.04 0.798
368.851 0.811
369.648 0.797
370.47 0.822
371.298 0.828
372.121 0.823
372.946 0.825
373.719 0.773
374.494 0.775
375.245 0.751
375.962 0.717
376.666 0.704
377.373 0.707
378.052 0.679
378.754 0.702
379.455 0.701
380.156 0.701
380.868 0.712
381.589 0.721
382.308 0.719
383.035 0.727
383.784 0.749
384.532 0.748
385.281 0.749
386.043 0.762
386.814 0.771
387.587 0.773
388.372 0.785
389.164 0.792
389.955 0.791
390.759 0.804
391.576 0.817
392.39 0.814
393.202 0.812
393.999 0.797
394.8 0.801
395.579 0.779
396.352 0.773
397.121 0.769
397.888 0.767
398.661 0.773
399.432 0.771
400.203 0.771
400.964 0.761
401.722 0.758
402.482 0.76
403.256 0.774
404.034 0.778
404.812 0.778
405.589 0.777
406.351 0.762
407.098 0.747
407.854 0.756
408.6 0.746
409.334 0.734
410.071 0.737
410.817 0.746
411.579 0.762
412.356 0.777
413.135 0.779
413.916 0.781
414.727 0.811
415.55 0.823
416.385 0.835
417.245 0.86
418.123 0.878
418.991 0.868
419.857 0.866
420.752 0.895
421.623 0.871
422.482 0.859
423.313 0.831
424.144 0.831
424.975 0.831
425.805 0.83
426.643 0.838
427.478 0.835
428.329 0.851
429.181 0.852
430.025 0.844
430.885 0.86
431.737 0.852
432.554 0.817
433.347 0.793
434.134 0.787
434.906 0.772
435.661 0.755
436.404 0.743
437.156 0.752
437.931 0.775
438.707 0.776
439.487 0.78
440.28 0.793
441.089 0.809
441.878 0.789
442.688 0.81
443.474 0.786
444.262 0.788
445.024 0.762
445.782 0.758
446.538 0.756
447.274 0.736
448.013 0.739
448.744 0.731
449.487 0.743
450.276 0.789
451.084 0.808
451.915 0.831
452.747 0.832
453.583 0.836
454.404 0.821
455.216 0.812
456.027 0.811
456.853 0.826
457.653 0.8
458.449 0.796
459.283 0.834
460.085 0.802
460.893 0.808
461.764 0.871
462.59 0.826
463.395 0.805
464.214 0.819
465.034 0.82
465.832 0.798
466.622 0.79
467.408 0.786
468.199 0.791
468.986 0.787
469.761 0.775
470.553 0.792
471.324 0.771
472.092 0.768
472.882 0.79
473.652 0.77
474.445 0.793
475.247 0.802
476.027 0.78
476.795 0.768
477.55 0.755
478.313 0.763
479.069 0.756
479.832 0.763
480.647 0.815
481.425 0.778
482.208 0.783
482.991 0.783
483.787 0.796
484.596 0.809
485.405 0.809
486.204 0.799
487.016 0.812
487.796 0.78
488.565 0.769
489.359 0.794
490.125 0.766
490.899 0.774
491.678 0.779
492.461 0.783
493.242 0.781
494.057 0.815
494.853 0.796
495.67 0.817
496.535 0.865
497.368 0.833
498.173 0.805
498.987 0.814
499.773 0.786
500.561 0.788
501.346 0.785
502.122 0.776
502.938 0.816
503.712 0.774
504.51 0.798
505.348 0.838
506.154 0.806
506.978 0.824
507.842 0.864
508.653 0.811
509.476 0.823
510.299 0.823
511.073 0.774
511.86 0.787
512.644 0.784
513.41 0.766
514.179 0.769
514.945 0.766
515.723 0.778
516.492 0.769
517.264 0.772
518.049 0.785
518.837 0.788
519.604 0.767
520.384 0.78
521.148 0.764
521.915 0.767
522.673 0.758
523.426 0.753
524.194 0.768
524.946 0.752
525.704 0.758
526.482 0.778
527.249 0.767
528.019 0.77
528.785 0.766
529.548 0.763
530.299 0.751
531.05 0.751
531.815 0.765
532.564 0.749
533.317 0.753
534.083 0.766
534.849 0.766
535.616 0.767
536.356 0.74
537.073 0.717
537.796 0.723
538.528 0.732
539.282 0.754
540.039 0.757
540.814 0.775
541.6 0.786
542.379 0.779
543.2 0.821
543.992 0.792
544.777 0.785
545.582 0.805
546.36 0.778
547.132 0.772
547.922 0.79
548.707 0.785
549.491 0.784
550.275 0.784
551.079 0.804
551.867 0.788
552.67 0.803
553.491 0.821
554.294 0.803
555.109 0.815
555.949 0.84
556.757 0.808
557.539 0.782
558.336 0.797
559.102 0.766
559.872 0.77
560.636 0.764
561.396 0.76
562.161 0.765
562.925 0.764
563.733 0.808
564.552 0.819
565.344 0.792
566.167 0.823
566.987 0.82
567.786 0.799
568.611 0.825
569.429 0.818
570.233 0.804
571.041 0.808
571.827 0.786
572.61 0.783
573.367 0.757
574.143 0.776
574.904 0.761
575.682 0.778
576.455 0.773
577.256 0.801
578.071 0.815
578.883 0.812
579.696 0.813
580.504 0.808
581.291 0.787
582.062 0.771
582.835 0.773
583.601 0.766
584.354 0.753
585.109 0.755
585.872 0.763
586.615 0.743
587.367 0.752
588.124 0.757
588.901 0.777
589.687 0.786
590.48 0.793
591.289 0.809
592.126 0.837
592.922 0.796
593.728 0.806
594.505 0.777
595.259 0.754
596.055 0.796
596.837 0.782
597.605 0.768
598.407 0.802
599.187 0.78
599.98 0.793
600.768 0.788
601.557 0.789
602.352 0.795
603.131 0.779
603.915 0.784
604.717 0.802
605.482 0.765
606.247 0.765
607.002 0.755
607.764 0.762
608.517 0.753
609.282 0.765
610.058 0.776
610.826 0.768
611.613 0.787
612.403 0.79
613.193 0.79
613.994 0.801
614.785 0.791
615.556 0.771
616.347 0.791
617.129 0.782
617.915 0.786
618.738 0.823
619.551 0.813
620.39 0.839
621.185 0.795
621.971 0.786
622.772 0.801
623.545 0.773
624.331 0.786
625.144 0.813
625.928 0.784
626.734 0.806
627.533 0.799
628.307 0.774
629.071 0.764
629.825 0.754
630.575 0.75
631.318 0.743
632.062 0.744
632.832 0.77
633.597 0.765
634.371 0.774
635.162 0.791
635.971 0.809
636.771 0.8
637.568 0.797
638.363 0.795
639.156 0.793
639.921 0.765
640.684 0.763
641.418 0.734
642.149 0.731
642.872 0.723
643.591 0.719
644.324 0.733
645.077 0.753
645.878 0.801
646.703 0.825
647.537 0.834
648.411 0.874
649.265 0.854
650.101 0.836
650.93 0.829
651.722 0.792
652.48 0.758
653.22 0.74
653.953 0.733
654.704 0.751
655.464 0.76
656.245 0.781
657.06 0.815
657.875 0.815
658.679 0.804
659.491 0.812
660.298 0.807
661.104 0.806
661.889 0.785
662.668 0.779
663.425 0.757
664.187 0.762
664.942 0.755
680.188 6.49
680.99 0.802
681.824 0.834
682.668 0.844
683.476 0.808
684.278 0.802
685.051 0.773
685.821 0.77
686.586 0.765
687.348 0.762
688.082 0.734
688.795 0.713
689.494 0.699
690.184 0.69
690.854 0.67
691.514 0.66
692.17 0.656
692.834 0.664
693.502 0.668
694.18 0.678
694.868 0.688
695.574 0.706
696.3 0.726
697.042 0.742
697.787 0.745
698.583 0.796
699.417 0.834
700.25 0.833
701.098 0.848
701.952 0.854
702.783 0.831
703.582 0.799
704.373 0.791
705.15 0.777
705.939 0.789
706.734 0.795
707.519 0.785
708.321 0.802
709.127 0.806
709.904 0.777
710.658 0.754
711.386 0.728
712.115 0.729
712.847 0.732
713.59 0.743
714.357 0.767
715.13 0.773
715.892 0.762
716.655 0.763
717.396 0.741
718.113 0.717
718.827 0.714
719.551 0.724
720.272 0.721
721.006 0.734
721.751 0.745
722.492 0.741
723.242 0.75
724.001 0.759
724.771 0.77
725.573 0.802
726.359 0.786
727.155 0.796
727.98 0.825
728.773 0.793
729.578 0.805
730.381 0.803
731.173 0.792
731.976 0.803
732.773 0.797
733.587 0.814
734.426 0.839
735.25 0.824
736.047 0.797
736.841 0.794
737.61 0.769
738.349 0.739
739.093 0.744
739.841 0.748
740.575 0.734
741.307 0.732
742.051 0.744
742.79 0.739
743.534 0.744
744.312 0.778
745.072 0.76
745.843 0.771
752.989 7.146
753.783 0.794
754.53 0.747
755.29 0.76
756.054 0.764
756.83 0.776
757.621 0.791
758.406 0.785
759.228 0.822
760.062 0.834
760.889 0.827
761.733 0.844
762.554 0.821
763.379 0.825
764.198 0.819
764.988 0.79
765.768 0.78
766.563 0.795
767.358 0.795
768.116 0.758
768.883 0.767
769.638 0.755
770.375 0.737
771.108 0.733
771.863 0.755
772.629 0.766
773.481 0.852
774.34 0.859
775.153 0.813
775.968 0.815
776.773 0.805
777.546 0.773
778.315 0.769
779.086 0.771
779.838 0.752
780.602 0.764
781.393 0.791
782.16 0.767
782.974 0.814
783.772 0.798
784.59 0.818
785.419 0.829
786.237 0.818
787.06 0.823
793.988 6.928
794.788 0.8
795.619 0.831
796.421 0.802
797.21 0.789
797.974 0.764
798.729 0.755
799.469 0.74
800.245 0.776
801.034 0.789
801.872 0.838
802.692 0.82
803.522 0.83
804.327 0.805
805.113 0.786
805.896 0.783
806.67 0.774
807.43 0.76
808.197 0.767
808.944 0.747
809.712 0.768
810.494 0.782
811.25 0.756
812.025 0.775
812.805 0.78
813.559 0.754
814.318 0.759
815.075 0.757
815.831 0.756
816.598 0.767
817.357 0.759
818.119 0.762
818.878 0.759
819.633 0.755
820.405 0.772
821.167 0.762
821.938 0.771
822.726 0.788
823.514 0.788
824.287 0.773
825.089 0.802
825.873 0.784
826.664 0.791
827.44 0.776
828.199 0.759
828.947 0.748
829.674 0.727
830.397 0.723
831.119 0.722
831.834 0.715
832.55 0.716
833.257 0.707
833.96 0.703
834.678 0.718
835.384 0.706
836.106 0.722
836.844 0.738
837.578 0.734
838.344 0.766
839.109 0.765
839.865 0.756
840.662 0.797
841.437 0.775
842.2 0.763
842.98 0.78
843.747 0.767
844.538 0.791
845.323 0.785
846.142 0.819
846.977 0.835
847.805 0.828
848.634 0.829
849.463 0.829
850.254 0.791
851.025 0.771
851.805 0.78
852.564 0.759
853.319 0.755
854.084 0.765
854.843 0.759
855.621 0.778
856.408 0.787
857.196 0.788
858.009 0.813
858.816 0.807
859.618 0.802
860.44 0.822
861.242 0.802
862.029 0.787
862.837 0.808
863.628 0.791
864.397 0.769
865.193 0.796
865.966 0.773
866.729 0.763
867.516 0.787
868.316 0.8
869.114 0.798
869.929 0.815
870.75 0.821
871.563 0.813
872.396 0.833
873.236 0.84
874.057 0.821
874.876 0.819
875.681 0.805
876.469 0.788
877.262 0.793
878.037 0.775
878.808 0.771
879.582 0.774
880.349 0.767
881.111 0.762
881.881 0.77
882.632 0.751
883.385 0.753
884.157 0.772
884.958 0.801
885.762 0.804
886.589 0.827
887.407 0.818
888.219 0.812
889.007 0.788
889.804 0.797
890.569 0.765
891.311 0.742
892.059 0.748
892.799 0.74
893.527 0.728
894.25 0.723
894.978 0.728
895.702 0.724
896.437 0.735
897.151 0.714
897.864 0.713
898.573 0.709
899.267 0.694
899.966 0.699
900.649 0.683
901.351 0.702
902.054 0.703
902.759 0.705
903.472 0.713
904.203 0.731
904.962 0.759
905.732 0.77
906.509 0.777
907.313 0.804
908.131 0.818
908.92 0.789
909.71 0.79
910.491 0.781
911.258 0.767
912.04 0.782
912.813 0.773
913.599 0.786
914.359 0.76
915.104 0.745
915.852 0.748
916.586 0.734
917.321 0.735
918.054 0.733
918.765 0.711
919.485 0.72
920.214 0.729
920.948 0.734
921.706 0.758
922.461 0.755
923.24 0.779
924.034 0.794
924.825 0.791
925.63 0.805
926.437 0.807
927.232 0.795
928.026 0.794
928.815 0.789
929.579 0.764
930.342 0.763
931.104 0.762
931.849 0.745
932.607 0.758
933.341 0.734
934.067 0.726
934.797 0.73
935.509 0.712
936.231 0.722
936.945 0.714
937.657 0.712
938.366 0.709
939.07 0.704
939.804 0.734
940.523 0.719
941.249 0.726
941.988 0.739
942.742 0.754
943.519 0.777
944.295 0.776
945.075 0.78
945.828 0.753
946.545 0.717
947.263 0.718
947.985 0.722
948.691 0.706
949.375 0.684
950.055 0.68
950.72 0.665
951.383 0.663
952.034 0.651
952.677 0.643
953.312 0.635
953.946 0.634
954.574 0.628
955.203 0.629
955.836 0.633
956.461 0.625
957.084 0.623
957.709 0.625
958.335 0.626
958.969 0.634
959.594 0.625
960.209 0.615
960.825 0.616
961.453 0.628
962.1 0.647
962.792 0.692
963.517 0.725
964.284 0.767
965.087 0.803
965.889 0.802
966.679 0.79
967.491 0.812
968.312 0.821
969.14 0.828
969.949 0.809
970.755 0.806
971.555 0.8
972.326 0.771
973.072 0.746
973.813 0.741
974.558 0.745
975.306 0.748
976.079 0.773
976.853 0.774
977.641 0.788
978.42 0.779
979.204 0.784
979.997 0.793
980.793 0.796
981.582 0.789
982.353 0.771
983.128 0.775
983.903 0.775
984.66 0.757
985.406 0.746
986.147 0.741
986.901 0.754
987.67 0.769
988.468 0.798
989.291 0.823
990.119 0.828
990.939 0.82
991.761 0.822
992.597 0.836
993.418 0.821
994.22 0.802
995.024 0.804
995.823 0.799
996.606 0.783
997.396 0.79
998.199 0.803
999.04 0.841
999.896 0.856
1000.751 0.855
1001.641 0.89
1002.513 0.872
1003.384 0.871
1004.248 0.864
1005.089 0.841
1005.901 0.812
1006.698 0.797
1007.461 0.763
1008.184 0.723
1008.901 0.717
1009.625 0.724
1010.348 0.723
1011.047 0.699
1011.745 0.698
1012.44 0.695
1013.136 0.696
1013.827 0.691
1014.547 0.72
1015.316 0.769
1016.122 0.806
1016.946 0.824
1017.818 0.872
1018.678 0.86
1019.522 0.844
1020.364 0.842
1021.183 0.819
1021.973 0.79
1022.757 0.784
1023.525 0.768
1024.258 0.733
1025.005 0.747
1025.75 0.745
1026.491 0.741
1027.233 0.742
1027.993 0.76
1028.771 0.778
1029.568 0.797
1030.378 0.81
1031.198 0.82
1031.984 0.786
1032.731 0.747
1033.454 0.723
1034.159 0.705
1034.848 0.689
1035.534 0.686
1036.216 0.682
1036.913 0.697
1037.635 0.722
1038.372 0.737
1039.136 0.764
1039.942 0.806
1040.763 0.821
1041.603 0.84
1042.474 0.871
1043.337 0.863
1044.203 0.866
1045.076 0.873
1045.922 0.846
1046.792 0.87
1047.696 0.904
1048.587 0.891
1049.551 0.964
1050.525 0.974
1051.495 0.97
1052.466 0.971
1053.435 0.969
1054.414 0.979
1055.337 0.923
1056.26 0.923
1057.162 0.902
1058.051 0.889
1058.964 0.913
1059.88 0.916
1060.763 0.883
1061.654 0.891
1062.535 0.881
1063.405 0.87
1064.236 0.831
1065.043 0.807
1065.83 0.787
1066.619 0.789
1067.432 0.813
1068.263 0.831
1069.128 0.865
1069.987 0.859
1070.868 0.881
1071.761 0.893
1072.635 0.874
1073.517 0.882
1074.388 0.871
1075.231 0.843
1076.062 0.831
1076.883 0.821
1077.694 0.811
1078.491 0.797
1079.293 0.802
1080.099 0.806
1080.908 0.809
1081.71 0.802
1082.529 0.819
1083.347 0.818
1084.149 0.802
1084.979 0.83
1085.826 0.847
1086.659 0.833
1087.5 0.841
1088.342 0.842
1089.163 0.821
1089.986 0.823
1090.808 0.822
1091.599 0.791
1092.392 0.793
1093.173 0.781
1093.942 0.769
1094.725 0.783
1095.502 0.777
1096.279 0.777
1097.061 0.782
1097.858 0.797
1098.664 0.806
1099.477 0.813
1100.312 0.835
1101.158 0.846
1101.999 0.841
1102.862 0.863
1103.716 0.854
1104.55 0.834
1105.378 0.828
1106.193 0.815
1106.988 0.795
1107.784 0.796
1108.582 0.798
1109.366 0.784
1110.172 0.806
1110.988 0.816
1111.793 0.805
1112.624 0.831
1113.472 0.848
1114.318 0.846
1115.189 0.871
1116.043 0.854
1116.861 0.818
1117.657 0.796
1118.436 0.779
1119.184 0.748
1119.934 0.75
1120.674 0.74
1121.409 0.735
1122.129 0.72
1122.832 0.703
1123.516 0.684
1124.185 0.669
1124.843 0.658
1125.49 0.647
1126.128 0.638
1126.766 0.638
1127.405 0.639
1128.046 0.641
1128.701 0.655
1129.347 0.646
1130.003 0.656
1130.664 0.661
1131.341 0.677
1132.044 0.703
1132.768 0.724
1133.51 0.742
1134.265 0.755
1134.99 0.725
1135.722 0.732
1136.486 0.764
1137.281 0.795
1138.101 0.82
1138.923 0.822
1139.742 0.819
1140.545 0.803
1141.359 0.814
1142.151 0.792
1142.951 0.8
1143.757 0.806
1144.575 0.818
1145.388 0.813
1146.216 0.828
1147.056 0.84
1147.891 0.835
1148.714 0.823
1149.53 0.816
1150.343 0.813
1151.139 0.796
1151.912 0.773
1152.659 0.747
1153.389 0.73
1154.109 0.72
1154.822 0.713
1155.539 0.717
1156.262 0.723
1156.988 0.726
1157.719 0.731
1158.463 0.744
1159.212 0.749
1159.951 0.739
1160.696 0.745
1161.446 0.75
1162.188 0.742
1162.942 0.754
1163.697 0.755
1164.454 0.757
1165.208 0.754
1165.961 0.753
1166.711 0.75
1167.461 0.75
1168.223 0.762
1168.992 0.769
1169.776 0.784
1170.563 0.787
1171.367 0.804
1172.176 0.809
1172.971 0.795
1173.754 0.783
1174.514 0.76
1175.278 0.764
1176.033 0.755
1176.782 0.749
1177.521 0.739
1178.262 0.741
1178.992 0.73
1179.705 0.713
1180.408 0.703
1181.097 0.689
1181.774 0.677
1182.438 0.664
1183.087 0.649
1183.74 0.653
1184.416 0.676
1185.126 0.71
1185.868 0.742
1186.657 0.789
1187.474 0.817
1188.296 0.822
1189.116 0.82
1189.956 0.84
1190.834 0.878
1191.734 0.9
1192.601 0.867
1193.432 0.831
1194.255 0.823
1195.08 0.825
1195.927 0.847
1196.785 0.858
1197.647 0.862
1198.503 0.856
1199.364 0.861
1200.2 0.836
1201.013 0.813
1201.817 0.804
1202.616 0.799
1203.424 0.808
1204.232 0.808
1205.033 0.801
1205.837 0.804
1206.653 0.816
1207.48 0.827
1208.319 0.839
1209.177 0.858
1210.067 0.89
1210.974 0.907
1211.86 0.886
1212.728 0.868
1218.982 0.83
1219.807 0.825
1220.613 0.806
1221.402 0.789
1222.179 0.777
1222.951 0.772
1223.711 0.76
1224.461 0.75
1225.211 0.75
1225.966 0.755
1226.725 0.759
1227.49 0.765
1228.268 0.778
1229.052 0.784
1229.848 0.796
1230.65 0.802
1231.437 0.787
1232.22 0.783
1232.961 0.741
1233.692 0.731
1234.405 0.713
1235.131 0.726
1235.882 0.751
1236.668 0.786
1237.459 0.791
1238.274 0.815
1239.099 0.825
1239.932 0.833
1240.758 0.826
1241.574 0.816
1242.387 0.813
1243.183 0.796
1243.958 0.775
1244.719 0.761
1245.469 0.75
1246.216 0.747
1246.943 0.727
1247.673 0.73
1248.389 0.716
1249.099 0.71
1249.808 0.709
1250.535 0.727
1251.281 0.746
1252.056 0.775
1252.86 0.804
1253.688 0.828
1254.52 0.832
1255.333 0.813
1256.134 0.801
1256.939 0.805
1257.735 0.796
1258.524 0.789
1259.304 0.78
1260.058 0.754
1260.798 0.74
1261.519 0.721
1262.22 0.701
1262.908 0.688
1263.58 0.672
1264.241 0.661
1264.891 0.65
1265.532 0.641
1266.163 0.631
1266.806 0.643
1267.452 0.646
1268.12 0.668
1268.851 0.731
1269.656 0.805
1270.483 0.827
1271.313 0.83
1272.143 0.83
1272.954 0.811
1273.729 0.775
1274.489 0.76
1275.223 0.734
1275.941 0.718
1276.646 0.705
1277.355 0.709
1278.078 0.723
1278.833 0.755
1279.641 0.808
1280.514 0.873
1281.43 0.916
1282.36 0.93
1283.297 0.937
1284.233 0.936
1285.146 0.913
1286.026 0.88
1286.891 0.865
1287.732 0.841
1288.577 0.845
1289.403 0.826
1290.215 0.812
1291.007 0.792
1291.775 0.768
1292.553 0.778
1293.335 0.782
1294.124 0.789
1294.921 0.797
1295.685 0.764
1296.426 0.741
1297.144 0.718
1297.85 0.706
1298.547 0.697
1299.242 0.695
1299.956 0.714
1300.671 0.715
1301.397 0.726
1302.119 0.722
1302.828 0.709
1303.529 0.701
1304.232 0.703
1304.919 0.687
1305.605 0.686
1306.315 0.71
1307.051 0.736
1307.795 0.744
1308.535 0.74
1309.268 0.733
1309.995 0.727
1310.708 0.713
1311.415 0.707
1312.114 0.699
1312.81 0.696
1313.513 0.703
1314.223 0.71
1314.953 0.73
1315.711 0.758
1316.479 0.768
1317.252 0.773
1318.055 0.803
1318.882 0.827
1319.735 0.853
1320.566 0.831
1321.394 0.828
1322.234 0.84
1323.059 0.825
1323.877 0.818
1324.681 0.804
1325.47 0.789
1326.253 0.783
1327.037 0.784
1327.815 0.778
1328.584 0.769
1329.344 0.76
1330.12 0.776
1330.877 0.757
1331.605 0.728
1332.325 0.72
1333.028 0.703
1333.723 0.695
1334.409 0.686
1335.086 0.677
1335.755 0.669
1336.426 0.671
1337.111 0.685
1337.82 0.709
1338.557 0.737
1339.319 0.762
1340.08 0.761
1340.845 0.765
1341.604 0.759
1342.359 0.755
1343.106 0.747
1343.83 0.724
1344.538 0.708
1345.235 0.697
1345.922 0.687
1346.604 0.682
1347.284 0.68
1347.977 0.693
1348.703 0.726
1349.495 0.792
1350.354 0.859
1351.249 0.895
1352.158 0.909
1353.079 0.921
1354.016 0.937
1354.94 0.924
1355.828 0.888
1356.689 0.861
1357.521 0.832
1358.31 0.789
1359.072 0.762
1359.806 0.734
1360.514 0.708
1361.205 0.691
1361.884 0.679
1362.554 0.67
1363.221 0.667
1363.887 0.666
1364.558 0.671
1365.231 0.673
1365.904 0.673
1366.576 0.672
1367.252 0.676
1367.931 0.679
1368.605 0.674
1369.276 0.671
1369.943 0.667
1370.603 0.66
1371.258 0.655
1371.912 0.654
1372.561 0.649
1373.199 0.638
1373.84 0.641
1374.503 0.663
1375.181 0.678
1375.846 0.665
1376.524 0.678
1377.279 0.755
1378.085 0.806
1378.913 0.828
1379.761 0.848
1380.622 0.861
1381.452 0.83
1382.288 0.836
1383.111 0.823
1383.921 0.81
1384.703 0.782
1385.47 0.767
1386.211 0.741
1386.933 0.722
1387.639 0.706
1388.331 0.692
1389.008 0.677
1389.674 0.666
1390.334 0.66
1390.979 0.645
1391.621 0.642
1392.264 0.643
1392.915 0.651
1393.568 0.653
1394.23 0.662
1394.896 0.666
1395.567 0.671
1396.257 0.69
1396.966 0.709
1397.71 0.744
1398.499 0.789
1399.329 0.83
1400.18 0.851
1401.057 0.877
1401.967 0.91
1402.868 0.901
1403.752 0.884
1404.619 0.867
1405.453 0.834
1406.273 0.82
1407.067 0.794
1407.844 0.777
1408.597 0.753
1409.339 0.742
1410.075 0.736
1410.814 0.739
1411.57 0.756
1412.335 0.765
1413.111 0.776
1413.891 0.78
1414.675 0.784
1415.445 0.77
1416.218 0.773
1416.972 0.754
1417.713 0.741
1418.454 0.741
1419.198 0.744
1419.946 0.748
1420.692 0.746
1421.433 0.741
1422.167 0.734
1422.889 0.722
1423.62 0.731
1424.348 0.728
1425.072 0.724
1425.798 0.726
1426.526 0.728
1427.269 0.743
1428.006 0.737
1428.738 0.732
1429.485 0.747
1430.233 0.748
1430.974 0.741
1431.704 0.73
1432.446 0.742
1433.173 0.727
1433.898 0.725
1434.612 0.714
1435.322 0.71
1436.02 0.698
1436.709 0.689
1437.391 0.682
1438.056 0.665
1438.719 0.663
1439.373 0.654
1440.022 0.649
1440.662 0.64
1441.301 0.639
1441.94 0.639
1442.579 0.639
1443.224 0.645
1443.876 0.652
1444.531 0.655
1445.194 0.663
1445.861 0.667
1446.544 0.683
1447.234 0.69
1447.915 0.681
1448.591 0.676
1449.26 0.669
1449.928 0.668
1450.602 0.674
1451.288 0.686
1452.0 0.712
1452.721 0.721
1453.442 0.721
1454.166 0.724
1454.883 0.717
1455.586 0.703
1456.275 0.689
1456.946 0.671
1457.621 0.675
1458.314 0.693
1459.045 0.731
1459.847 0.802
1460.71 0.863
1461.584 0.874
1462.376 0.792
1463.147 0.771
1463.913 0.766
1464.653 0.74
1465.38 0.727
1466.088 0.708
1466.782 0.694
1467.475 0.693
1468.162 0.687
1468.832 0.67
1469.492 0.66
1470.149 0.657
1470.798 0.649
1471.442 0.644
1472.079 0.637
1472.72 0.641
1473.361 0.641
1474.006 0.645
1474.659 0.653
1475.33 0.671
1476.008 0.678
1476.696 0.688
1477.407 0.711
1478.132 0.725
1478.868 0.736
1479.622 0.754
1480.393 0.771
1481.183 0.79