0.000 0.752
0.752 0.752
1.515 0.763
2.287 0.772
3.041 0.754
3.799 0.758
4.562 0.763
5.349 0.787
6.148 0.799
6.928 0.78
7.714 0.786
8.526 0.812
9.355 0.829
10.199 0.844
11.0 0.801
11.825 0.825
12.654 0.829
13.489 0.835
14.305 0.816
15.101 0.796
15.914 0.813
21.159 5.245
21.999 0.84
22.82 0.821
23.633 0.813
24.461 0.828
25.307 0.846
26.152 0.845
26.963 0.811
27.792 0.829
28.629 0.837
29.481 0.852
30.321 0.84
31.123 0.802
31.945 0.822
32.785 0.84
33.581 0.796
34.375 0.794
35.176 0.801
35.987 0.811
36.815 0.828
37.638 0.823
38.418 0.78
39.209 0.791
39.995 0.786
40.751 0.756
41.491 0.74
42.242 0.751
43.016 0.774
43.775 0.759
44.556 0.781
45.353 0.797
46.161 0.808
46.93 0.769
47.711 0.781
48.491 0.78
49.244 0.753
50.0 0.756
50.783 0.783
51.542 0.759
52.337 0.795
53.142 0.805
53.959 0.817
54.72 0.761
55.486 0.766
56.254 0.768
57.032 0.778
57.815 0.783
58.579 0.764
59.308 0.729
60.043 0.735
60.77 0.727
61.491 0.721
62.238 0.747
63.004 0.766
63.809 0.805
64.633 0.824
65.454 0.821
66.244 0.79
67.028 0.784
67.787 0.759
68.541 0.754
69.306 0.765
70.096 0.79
70.885 0.789
71.637 0.752
72.387 0.75
73.144 0.757
73.894 0.75
74.65 0.756
75.415 0.765
76.214 0.799
77.001 0.787
77.782 0.781
78.568 0.786
79.372 0.804
80.189 0.817
81.003 0.814
81.772 0.769
82.561 0.789
83.373 0.812
84.184 0.811
84.99 0.806
85.786 0.796
86.557 0.771
87.309 0.752
88.071 0.762
88.811 0.74
89.582 0.771
90.374 0.792
91.189 0.815
92.021 0.832
92.823 0.802
93.61 0.787
94.393 0.783
95.155 0.762
95.595 0.44
95.892 0.297
96.635 0.743
97.392 0.757
98.166 0.774
98.934 0.768
99.686 0.752
100.467 0.781
101.269 0.802
102.06 0.791
102.372 0.312
102.829 0.457
103.596 0.767
104.365 0.769
105.148 0.783
105.947 0.799
106.745 0.798
107.551 0.806
108.33 0.779
109.09 0.76
109.824 0.734
110.552 0.728
111.27 0.718
111.984 0.714
112.7 0.716
113.418 0.718
114.138 0.72
114.828 0.69
115.537 0.709
116.278 0.741
117.039 0.761
117.826 0.787
118.612 0.786
119.379 0.767
120.162 0.783
120.959 0.797
121.762 0.803
122.572 0.81
123.354 0.782
124.133 0.779
124.921 0.788
125.723 0.802
126.542 0.819
127.36 0.818
128.162 0.802
128.934 0.772
129.677 0.743
130.411 0.734
131.157 0.746
131.928 0.771
132.708 0.78
133.49 0.782
134.298 0.808
135.12 0.822
135.944 0.824
136.772 0.828
137.534 0.762
138.29 0.756
139.056 0.766
139.838 0.782
140.599 0.761
141.387 0.788
142.197 0.81
143.007 0.81
143.76 0.753
144.53 0.77
145.311 0.781
146.092 0.781
146.453 0.361
146.842 0.389
147.606 0.764
148.386 0.78
149.178 0.792
149.963 0.785
150.76 0.797
151.572 0.812
152.388 0.816
153.185 0.797
153.464 0.279
153.931 0.467
154.689 0.758
155.439 0.75
156.206 0.767
156.996 0.79
157.804 0.808
158.604 0.8
159.383 0.779
160.153 0.77
160.909 0.756
161.678 0.769
162.439 0.761
163.207 0.768
163.939 0.732
164.668 0.729
165.425 0.757
166.19 0.765
166.941 0.751
167.72 0.779
168.524 0.804
169.305 0.781
170.108 0.803
170.907 0.799
171.696 0.789
172.445 0.749
173.186 0.741
173.912 0.726
174.617 0.705
175.314 0.697
176.043 0.729
176.821 0.778
177.594 0.773
178.356 0.762
179.142 0.786
179.951 0.809
180.768 0.817
181.585 0.817
182.369 0.784
183.177 0.808
183.991 0.814
184.806 0.815
185.607 0.801
186.384 0.777
187.183 0.799
188.008 0.825
188.847 0.839
189.656 0.809
190.478 0.822
191.321 0.843
192.182 0.861
193.036 0.854
193.853 0.817
194.679 0.826
195.519 0.84
196.37 0.851
197.231 0.861
198.09 0.859
198.909 0.819
199.701 0.792
200.498 0.797
201.31 0.812
202.137 0.827
202.984 0.847
203.792 0.808
204.604 0.812
205.428 0.824
206.263 0.835
207.108 0.845
207.931 0.823
208.718 0.787
209.526 0.808
210.359 0.833
211.203 0.844
212.057 0.854
212.888 0.831
213.695 0.807
214.521 0.826
215.362 0.841
216.21 0.848
217.036 0.826
217.827 0.791
218.647 0.82
219.472 0.825
220.308 0.836
221.146 0.838
221.955 0.809
222.776 0.821
223.617 0.841
224.469 0.852
225.316 0.847
226.129 0.813
226.936 0.807
227.774 0.838
228.629 0.855
229.5 0.871
230.344 0.844
230.61 0.266
232.782 2.172
233.619 0.837
234.452 0.833
234.922 0.47
235.251 0.329
236.044 0.793
236.853 0.809
237.677 0.824
238.5 0.823
239.292 0.792
240.067 0.775
240.851 0.784
241.653 0.802
242.472 0.819
243.277 0.805
244.048 0.771
244.817 0.769
245.601 0.784
246.396 0.795
247.205 0.809
247.944 0.739
248.752 0.808
249.533 0.781
250.331 0.798
251.135 0.804
251.936 0.801
252.704 0.768
253.474 0.77
254.25 0.776
255.048 0.798
255.842 0.794
256.605 0.763
257.365 0.76
258.143 0.778
258.936 0.793
259.739 0.803
260.529 0.79
261.302 0.773
262.09 0.788
262.886 0.796
263.7 0.814
264.506 0.806
265.282 0.776
266.047 0.765
266.833 0.786
267.645 0.812
268.48 0.835
269.304 0.824
270.101 0.797
270.899 0.798
271.723 0.824
272.565 0.842
273.402 0.837
274.202 0.8
274.98 0.778
275.767 0.787
276.576 0.809
277.398 0.822
278.224 0.826
279.012 0.788
279.789 0.777
280.584 0.795
281.395 0.811
282.217 0.822
283.016 0.799
283.791 0.775
284.567 0.776
285.362 0.795
286.18 0.818
287.008 0.828
287.839 0.831
288.634 0.795
289.409 0.775
290.188 0.779
290.975 0.787
291.781 0.806
292.581 0.8
293.353 0.772
294.116 0.763
294.901 0.785
295.709 0.808
296.535 0.826
297.366 0.831
298.163 0.797
298.947 0.784
299.745 0.798
300.555 0.81
301.373 0.818
302.17 0.797
302.939 0.769
303.712 0.773
304.488 0.776
305.265 0.777
306.031 0.766
306.814 0.783
307.572 0.758
308.305 0.733
309.032 0.727
309.763 0.731
310.518 0.755
311.311 0.793
312.123 0.812
312.93 0.807
313.706 0.776
314.469 0.763
315.244 0.775
316.019 0.775
316.768 0.749
317.507 0.739
318.266 0.759
319.001 0.735
319.741 0.74
320.49 0.749
321.252 0.762
321.984 0.732
322.722 0.738
323.472 0.75
324.206 0.734
324.948 0.742
325.707 0.759
326.48 0.773
327.264 0.784
328.007 0.743
328.741 0.734
329.488 0.747
330.255 0.767
331.014 0.759
331.759 0.745
332.531 0.772
333.303 0.772
334.043 0.74
334.781 0.738
335.532 0.751
336.266 0.734
337.017 0.751
337.79 0.773
338.593 0.803
339.407 0.814
340.18 0.773
340.958 0.778
341.718 0.76
342.491 0.773
343.271 0.78
344.031 0.76
344.789 0.758
345.532 0.743
346.253 0.721
346.991 0.738
347.744 0.753
348.531 0.787
349.292 0.761
350.085 0.793
350.884 0.799
351.677 0.793
352.46 0.783
353.271 0.811
354.08 0.809
354.861 0.781
355.67 0.809
356.487 0.817
357.315 0.828
358.147 0.832
358.959 0.812
359.747 0.788
360.519 0.772
361.278 0.759
362.015 0.737
362.745 0.73
363.482 0.737
364.212 0.73
364.93 0.718
365.636 0.706
366.37 0.734
367.117 0.747
367.899 0.782
368.681 0.782
369.483 0.802
370.297 0.814
371.096 0.799
371.898 0.802
372.665 0.767
373.427 0.762
374.191 0.764
374.976 0.785
375.762 0.786
376.535 0.773
377.313 0.778
378.072 0.759
378.841 0.769
379.604 0.763
380.359 0.755
381.14 0.781
381.938 0.798
382.75 0.812
383.527 0.777
384.311 0.784
385.113 0.802
385.91 0.797
386.686 0.776
387.44 0.754
388.168 0.728
388.913 0.745
389.671 0.758
390.456 0.785
391.26 0.804
392.042 0.782
392.826 0.784
393.62 0.794
394.427 0.807
395.23 0.803
396.002 0.772
396.784 0.782
397.58 0.796
398.374 0.794
399.147 0.773
399.915 0.768
400.691 0.776
401.476 0.785
402.248 0.772
403.003 0.755
403.777 0.774
404.562 0.785
405.335 0.773
406.099 0.764
406.881 0.782
407.677 0.796
408.475 0.798
409.229 0.754
409.973 0.744
410.717 0.744
411.465 0.748
412.222 0.757
412.941 0.719
413.651 0.71
414.356 0.705
415.07 0.714
415.789 0.719
416.491 0.702
417.208 0.717
417.946 0.738
418.707 0.761
419.46 0.753
420.207 0.747
420.972 0.765
421.751 0.779
422.522 0.771
423.273 0.751
424.039 0.766
424.81 0.771
425.583 0.773
426.335 0.752
427.096 0.761
427.872 0.776
428.663 0.791
429.421 0.758
430.188 0.767
430.967 0.779
431.748 0.781
432.505 0.757
433.266 0.761
434.048 0.782
434.841 0.793
435.608 0.767
436.362 0.754
437.134 0.772
437.935 0.801
438.738 0.803
439.505 0.767
440.283 0.778
441.068 0.785
441.867 0.799
442.647 0.78
443.428 0.781
444.226 0.798
445.001 0.775
445.752 0.751
446.482 0.73
447.215 0.733
447.959 0.744
448.726 0.767
449.51 0.784
450.293 0.783
451.064 0.771
451.845 0.781
452.623 0.778
453.38 0.757
454.143 0.763
454.926 0.783
455.715 0.789
456.485 0.77
457.259 0.774
458.038 0.779
458.826 0.788
459.598 0.772
460.385 0.787
461.181 0.796
461.983 0.802
462.761 0.778
463.546 0.785
464.338 0.792
465.134 0.796
465.903 0.769
466.675 0.772
467.448 0.773
468.224 0.776
468.983 0.759
469.747 0.764
470.523 0.776
471.302 0.779
472.074 0.772
472.835 0.761
473.582 0.747
474.349 0.767
475.132 0.783
475.931 0.799
476.744 0.813
477.538 0.794
478.317 0.779
479.106 0.789
479.911 0.805
480.702 0.791
481.489 0.787
482.283 0.794
483.083 0.8
483.89 0.807
484.662 0.772
485.432 0.77
486.212 0.78
487.004 0.792
487.773 0.769
488.547 0.774
489.334 0.787
490.133 0.799
490.924 0.791
491.718 0.794
492.526 0.808
493.335 0.809
494.141 0.806
494.913 0.772
495.69 0.777
496.485 0.795
497.299 0.814
498.092 0.793
498.877 0.785
499.672 0.795
500.475 0.803
501.288 0.813
502.066 0.778
502.852 0.786
503.65 0.798
504.459 0.809
505.25 0.791
506.04 0.79
506.854 0.814
507.679 0.825
508.501 0.822
509.309 0.808
510.133 0.824
510.958 0.825
511.788 0.83
512.59 0.802
513.397 0.807
514.225 0.828
515.051 0.826
515.874 0.823
516.663 0.789
517.457 0.794
518.269 0.812
519.078 0.809
519.872 0.794
520.686 0.814
521.513 0.827
522.323 0.81
523.123 0.8
523.934 0.811
524.754 0.82
525.558 0.804
526.355 0.797
527.16 0.805
527.975 0.815
528.779 0.804
529.569 0.79
530.334 0.765
531.116 0.782
531.918 0.802
532.734 0.816
533.555 0.821
534.347 0.792
535.131 0.784
535.924 0.793
536.718 0.794
537.493 0.775
538.254 0.761
538.984 0.73
539.723 0.739
540.471 0.748
541.24 0.769
542.029 0.789
542.802 0.773
543.569 0.767
544.351 0.782
545.127 0.776
545.896 0.769
546.676 0.78
547.47 0.794
548.272 0.802
549.055 0.783
549.866 0.811
555.18 5.314
555.991 0.811
556.785 0.794
557.595 0.81
558.421 0.826
559.23 0.809
560.079 0.849
560.934 0.855
561.777 0.843
562.615 0.838
563.46 0.845
564.303 0.843
565.138 0.835
565.942 0.804
566.758 0.816
567.581 0.823
568.394 0.813
569.183 0.789
569.984 0.801
570.801 0.817
571.62 0.819
572.415 0.795
573.214 0.799
574.028 0.814
574.859 0.831
575.675 0.816
576.484 0.809
577.311 0.827
578.135 0.824
578.951 0.816
579.758 0.807
580.575 0.817
581.403 0.828
582.245 0.842
583.074 0.829
583.893 0.819
584.728 0.835
585.575 0.847
586.4 0.825
587.206 0.806
588.026 0.82
588.847 0.821
589.667 0.82
590.456 0.789
591.252 0.796
592.053 0.801
592.854 0.801
593.628 0.774
594.414 0.786
595.21 0.796
596.027 0.817
596.833 0.806
597.632 0.799
598.442 0.81
599.258 0.816
600.072 0.814
600.868 0.796
601.669 0.801
602.48 0.811
603.301 0.821
604.095 0.794
604.879 0.784
605.673 0.794
606.475 0.802
607.286 0.811
608.074 0.788
608.863 0.789
609.672 0.809
610.475 0.803
611.27 0.795
612.057 0.787
612.851 0.794
613.658 0.807
614.473 0.815
615.264 0.791
616.063 0.799
616.869 0.806
617.688 0.819
618.491 0.803
619.279 0.788
620.081 0.802
620.881 0.8
621.681 0.8
622.468 0.787
623.255 0.787
624.061 0.806
624.88 0.819
625.669 0.789
626.444 0.775
627.227 0.783
628.024 0.797
628.842 0.818
629.646 0.804
630.435 0.789
631.232 0.797
632.038 0.806
632.85 0.812
633.662 0.812
634.473 0.811
635.284 0.811
636.093 0.809
636.897 0.804
637.67 0.773
638.424 0.754
639.185 0.761
639.964 0.779
640.743 0.779
648.799 0.809
649.614 0.815
650.388 0.774
651.152 0.764
651.917 0.765
652.68 0.763
653.459 0.779
654.258 0.799
655.065 0.807
655.874 0.809
656.674 0.8
657.433 0.759
658.184 0.751
658.935 0.751
659.696 0.761
660.469 0.773
661.259 0.79
662.064 0.805
662.877 0.813
663.689 0.812
664.475 0.786
665.241 0.766
665.997 0.756
666.753 0.756
667.501 0.748
668.262 0.761
669.04 0.778
669.835 0.795
670.652 0.817
671.462 0.81
672.247 0.785
673.006 0.759
673.724 0.718
674.426 0.702
675.107 0.681
675.8 0.693
676.527 0.727
677.272 0.745
678.021 0.749
678.777 0.756
679.503 0.726
680.225 0.722
680.946 0.721
681.674 0.728
682.396 0.722
683.114 0.718
683.855 0.741
684.613 0.758
685.381 0.768
686.13 0.749
686.893 0.763
687.669 0.776
688.465 0.796
689.272 0.807
690.057 0.785
690.853 0.796
691.654 0.801
692.469 0.815
693.27 0.801
694.058 0.788
694.855 0.797
695.657 0.802
696.443 0.786
697.2 0.757
697.966 0.766
698.724 0.758
699.457 0.733
700.21 0.753
700.944 0.734
701.674 0.73
702.393 0.719
703.105 0.712
703.801 0.696
704.483 0.682
705.162 0.679
705.841 0.679
706.535 0.694
707.247 0.712
707.936 0.689
708.607 0.671
709.279 0.672
709.959 0.68
710.637 0.678
711.32 0.683
712.014 0.694
712.729 0.715
713.45 0.721
714.19 0.74
714.921 0.731
715.648 0.727
716.387 0.739
717.142 0.755
717.917 0.775
718.669 0.752
719.429 0.76
720.199 0.77
720.985 0.786
721.777 0.792
722.548 0.771
723.304 0.756
724.055 0.751
724.806 0.751
725.548 0.742
726.301 0.753
727.074 0.773
727.854 0.78
728.62 0.766
729.389 0.769
730.167 0.778
730.931 0.764
731.688 0.757
732.441 0.753
733.182 0.741
733.905 0.723
734.624 0.719
735.346 0.722
736.076 0.73
736.824 0.748
737.581 0.757
738.333 0.752
739.089 0.756
739.851 0.762
740.604 0.753
741.377 0.773
742.155 0.778
742.947 0.792
743.754 0.807
744.55 0.796
745.34 0.79
746.139 0.799
746.943 0.804
747.731 0.788
748.509 0.778
749.3 0.791
750.093 0.793
750.89 0.797
751.677 0.787
752.453 0.776
753.237 0.784
754.037 0.8
754.835 0.798
755.605 0.77
756.364 0.759
757.124 0.76
757.89 0.766
758.672 0.782
759.427 0.755
760.183 0.756
760.941 0.758
761.699 0.758
762.467 0.768
763.214 0.747
763.948 0.734
764.693 0.745
765.443 0.75
766.197 0.754
766.93 0.733
767.677 0.747
768.412 0.735
769.154 0.742
769.874 0.72
770.605 0.731
771.319 0.714
772.035 0.716
772.731 0.696
773.424 0.693
774.113 0.689
774.8 0.687
775.483 0.683
776.163 0.68
776.854 0.691
777.563 0.709
778.302 0.739
779.026 0.724
779.766 0.74
780.523 0.757
781.296 0.773
782.08 0.784
782.852 0.772
783.628 0.776
784.412 0.784
785.211 0.799
785.999 0.788
786.783 0.784
787.571 0.788
788.356 0.785
789.162 0.806
789.944 0.782
790.727 0.783
791.538 0.811
792.347 0.809
793.131 0.784
793.932 0.801
794.749 0.817
795.573 0.824
796.372 0.799
797.163 0.791
797.956 0.793
798.773 0.817
799.554 0.781
800.321 0.767
801.104 0.783
801.9 0.796
802.666 0.766
803.429 0.763
804.195 0.766
804.968 0.773
805.728 0.76
806.486 0.758
807.25 0.764
808.031 0.781
808.792 0.761
809.548 0.756
810.314 0.766
811.093 0.779
811.863 0.77
812.609 0.746
813.362 0.753
814.127 0.765
814.876 0.749
815.616 0.74
816.362 0.746
817.112 0.75
817.883 0.771
818.625 0.742
819.373 0.748
820.131 0.758
820.892 0.761
821.635 0.743
822.375 0.74
823.12 0.745
823.885 0.765
824.627 0.742
825.36 0.733
826.093 0.733
826.826 0.733
827.58 0.754
828.335 0.755
829.071 0.736
829.809 0.738
830.532 0.723
831.274 0.742
831.995 0.721
832.718 0.723
833.468 0.75
834.218 0.75
834.959 0.741
835.688 0.729
836.398 0.71
837.098 0.7
837.801 0.703
838.546 0.745
839.264 0.718
839.976 0.712
840.694 0.718
841.389 0.695
842.079 0.69
842.763 0.684
843.453 0.69
844.153 0.7
844.868 0.715
845.558 0.69
846.25 0.692
846.95 0.7
847.661 0.711
848.367 0.706
849.08 0.713
849.809 0.729
850.549 0.74
851.296 0.747
852.026 0.73
852.759 0.733
853.515 0.756
854.28 0.765
855.057 0.777
855.825 0.768
856.586 0.761
857.365 0.779
858.159 0.794
858.933 0.774
859.696 0.763
860.473 0.777
861.259 0.786
862.054 0.795
862.826 0.772
863.595 0.769
864.38 0.785
865.172 0.792
865.942 0.77
866.701 0.759
867.451 0.75
868.216 0.765
869.001 0.785
869.792 0.791
870.58 0.788
871.347 0.767
872.101 0.754
872.864 0.763
873.638 0.774
874.4 0.762
875.154 0.754
875.899 0.745
876.65 0.751
877.402 0.752
878.154 0.752
878.92 0.766
879.697 0.777
880.48 0.783
881.272 0.792
882.058 0.786
882.815 0.757
883.567 0.752
884.307 0.74
885.046 0.739
885.786 0.74
886.548 0.762
887.338 0.79
888.134 0.796
888.931 0.797
889.728 0.797
890.518 0.79
891.295 0.777
892.084 0.789
892.873 0.789
893.659 0.786
894.448 0.789
895.242 0.794
896.043 0.801
896.857 0.814
897.628 0.771
898.38 0.752
899.129 0.749
899.878 0.749
900.651 0.773
901.453 0.802
902.225 0.772
902.984 0.759
903.712 0.728
904.44 0.728
905.189 0.749
905.947 0.758
906.716 0.769
907.495 0.779
908.268 0.773
909.029 0.761
909.793 0.764
910.562 0.769
911.353 0.791
912.114 0.761
912.848 0.734
913.579 0.731
914.301 0.722
915.039 0.738
915.779 0.74
916.531 0.752
917.265 0.734
917.989 0.724
918.727 0.738
919.48 0.753
920.208 0.728
920.94 0.732
921.686 0.746
922.449 0.763
923.229 0.78
923.995 0.766
924.78 0.785
925.583 0.803
926.393 0.81
927.212 0.819
928.01 0.798
928.805 0.795
929.602 0.797
930.409 0.807
931.204 0.795
932.011 0.807
932.814 0.803
933.619 0.805
934.442 0.823
935.256 0.814
936.044 0.788
936.845 0.801
937.654 0.809
938.47 0.816
939.272 0.802
940.039 0.767
940.795 0.756
941.562 0.767
942.333 0.771
943.103 0.77
943.877 0.774
944.68 0.803
945.503 0.823
946.288 0.785
947.067 0.779
947.864 0.797
948.645 0.781
949.388 0.743
950.127 0.739
950.882 0.755
951.654 0.772
952.416 0.762
953.164 0.748
953.913 0.749
954.683 0.77
955.47 0.787
956.24 0.77
957.017 0.777
957.8 0.783
958.598 0.798
959.384 0.786
960.16 0.776
960.934 0.774
961.718 0.784
962.497 0.779
963.262 0.765
964.015 0.753
964.758 0.743
965.491 0.733
966.234 0.743
966.992 0.758
967.737 0.745
968.461 0.724
969.175 0.714
969.909 0.734
970.666 0.757
971.457 0.791
972.243 0.786
973.045 0.802
973.877 0.832
974.721 0.844
975.57 0.849
976.388 0.818
977.188 0.8
977.992 0.804
978.798 0.806
979.605 0.807
980.39 0.785
981.184 0.794
981.99 0.806
982.786 0.796
983.57 0.784
984.352 0.782
985.161 0.809
985.989 0.828
986.831 0.842
987.649 0.818
988.468 0.819
989.298 0.83
990.136 0.838
990.965 0.829
991.774 0.809
992.585 0.811
993.404 0.819
994.242 0.838
995.062 0.82
995.875 0.813
996.69 0.815
997.514 0.824
998.346 0.832
999.182 0.836
1000.003 0.821
1000.823 0.82
1001.66 0.837
1002.498 0.838
1003.326 0.828
1004.158 0.832
1005.002 0.844
1005.849 0.847
1006.674 0.825
1007.496 0.822
1008.329 0.833
1009.171 0.842
1009.987 0.816
1010.799 0.812
1011.615 0.816
1012.443 0.828
1013.273 0.83
1014.104 0.831
1014.939 0.835
1015.777 0.838
1016.613 0.836
1017.447 0.834
1018.265 0.818
1019.083 0.818
1019.897 0.814
1020.709 0.812
1021.524 0.815
1022.356 0.832
1023.205 0.849
1024.061 0.856
1024.884 0.823
1025.683 0.799
1026.491 0.808
1027.316 0.825
1028.158 0.842
1029.016 0.858
1029.851 0.835
1030.66 0.809
1031.455 0.795
1032.255 0.8
1033.065 0.81
1033.885 0.82
1034.693 0.808
1035.489 0.796
1036.285 0.796
1037.095 0.81
1037.922 0.827
1038.77 0.848
1039.587 0.817
1040.383 0.796
1041.179 0.796
1041.991 0.812
1042.804 0.813
1043.615 0.811
1044.445 0.83
1045.257 0.812
1046.062 0.805
1046.847 0.785
1047.631 0.784
1048.423 0.792
1049.224 0.801
1049.995 0.771
1050.745 0.75
1051.492 0.747
1052.255 0.763
1053.047 0.792
1053.867 0.82
1054.684 0.817
1055.475 0.791
1056.252 0.777
1057.043 0.791
1057.837 0.794
1058.611 0.774
1059.398 0.787
1060.195 0.797
1060.996 0.801
1061.775 0.779
1062.518 0.743
1063.273 0.755
1064.036 0.763
1064.802 0.766
1065.558 0.756
1066.308 0.75
1067.057 0.749
1067.794 0.737
1068.525 0.731
1069.292 0.767
1070.09 0.798
1070.885 0.795
1071.694 0.809
1072.515 0.821
1073.35 0.835
1074.166 0.816
1074.957 0.791
1075.761 0.804
1076.582 0.821
1077.407 0.825
1078.209 0.802
1079.012 0.803
1079.835 0.823
1080.671 0.836
1081.483 0.812
1082.281 0.798
1083.084 0.803
1083.917 0.833
1084.755 0.838
1085.562 0.807
1086.356 0.794
1087.157 0.801
1087.968 0.811
1088.792 0.824
1089.598 0.806
1090.398 0.8
1091.209 0.811
1092.031 0.822
1092.868 0.837
1093.675 0.807
1094.471 0.796
1095.278 0.807
1096.103 0.825
1096.94 0.837
1097.767 0.827
1098.563 0.796
1099.353 0.79
1100.159 0.806
1100.982 0.823
1101.798 0.816
1102.601 0.803
1103.397 0.796
1104.205 0.808
1105.026 0.821
1105.867 0.841
1106.691 0.824
1107.495 0.804
1108.294 0.799
1109.086 0.792
1109.881 0.795
1110.664 0.783
1111.457 0.793
1112.252 0.795
1113.055 0.803
1113.836 0.781
1114.602 0.766
1115.359 0.757
1116.125 0.766
1116.887 0.762
1117.636 0.749
1118.391 0.755
1119.14 0.749
1119.87 0.73
1120.61 0.74
1121.367 0.757
1122.139 0.772
1122.905 0.766
1123.683 0.778
1124.487 0.804
1125.318 0.831
1126.17 0.852
1126.989 0.819
1127.823 0.834
1128.672 0.849
1129.527 0.855
1130.388 0.861
1131.204 0.816
1132.025 0.821
1132.871 0.846
1133.722 0.851
1134.585 0.863
1135.463 0.878
1136.321 0.858
1137.144 0.823
1137.978 0.834
1138.829 0.851
1139.699 0.87
1140.575 0.876
1141.452 0.877
1142.306 0.854
1143.122 0.816
1143.93 0.808
1144.753 0.823
1145.604 0.851
1146.479 0.875
1147.362 0.883
1148.207 0.845
1149.021 0.814
1149.845 0.824
1150.675 0.83
1151.517 0.842
1152.346 0.829
1153.152 0.806
1153.969 0.817
1154.81 0.841
1155.66 0.85
1156.52 0.86
1157.354 0.834
1158.182 0.828
1159.025 0.843
1159.878 0.853
1160.739 0.861
1161.578 0.839
1162.396 0.818
1163.225 0.829
1164.06 0.835
1164.907 0.847
1165.737 0.83
1166.551 0.814
1167.384 0.833
1168.227 0.843
1169.089 0.862
1169.917 0.828
1170.724 0.807
1171.552 0.828
1172.399 0.847
1173.25 0.851
1174.069 0.819
1174.874 0.805
1175.687 0.813
1176.516 0.829
1177.363 0.847
1178.207 0.844
1179.016 0.809
1179.812 0.796
1180.623 0.811
1181.446 0.823
1182.28 0.834
1183.123 0.843
1183.938 0.815
1184.733 0.795
1185.535 0.802
1186.347 0.812
1187.177 0.83
1188.005 0.828
1188.79 0.785
1189.56 0.77
1190.339 0.779
1191.138 0.799
1191.95 0.812
1192.768 0.818
1193.558 0.79
1194.336 0.778
1195.134 0.798
1195.933 0.799
1196.737 0.804
1197.508 0.771
1198.257 0.749
1199.029 0.772
1199.798 0.769
1200.59 0.792
1201.359 0.769
1202.107 0.748
1202.871 0.764
1203.655 0.784
1204.449 0.794
1205.249 0.8
1206.018 0.769
1206.78 0.762
1207.554 0.774
1208.352 0.798
1209.17 0.818
1209.983 0.813
1210.774 0.791
1211.584 0.81
1212.407 0.823
1213.252 0.845
1214.115 0.863
1214.966 0.851
1215.774 0.808
1216.592 0.818
1217.413 0.821
1218.243 0.83
1219.023 0.78
1219.748 0.725
1220.462 0.714
1221.172 0.71
1221.951 0.779
1222.764 0.813
1223.585 0.821
1224.369 0.784
1225.173 0.804
1225.983 0.81
1226.801 0.818
1227.587 0.786
1228.358 0.771
1229.137 0.779
1229.918 0.781
1230.695 0.777
1231.444 0.749
1232.21 0.766
1232.984 0.774
1233.777 0.793
1234.57 0.793
1235.347 0.777
1236.153 0.806
1236.969 0.816
1237.801 0.832
1238.631 0.83
1239.422 0.791
1240.19 0.768
1240.959 0.769
1241.729 0.77
1242.514 0.785
1243.316 0.802
1244.089 0.773
1244.868 0.779
1245.654 0.786
1246.451 0.797
1247.251 0.8
1248.024 0.773
1248.8 0.776
1249.58 0.78
1250.363 0.783
1251.159 0.796
1251.912 0.753
1252.655 0.743
1253.403 0.748
1254.172 0.769
1254.952 0.78
1255.738 0.786
1256.504 0.766
1257.285 0.781
1258.073 0.788
1258.872 0.799
1259.646 0.774
1260.397 0.751
1261.149 0.752
1261.904 0.755
1262.666 0.762
1263.413 0.747
1264.174 0.761
1264.943 0.769
1265.72 0.777
1266.481 0.761
1267.214 0.733
1267.955 0.741
1268.699 0.744
1269.456 0.757
1270.236 0.78
1271.026 0.79
1271.776 0.75
1272.52 0.744
1273.26 0.74
1273.995 0.735
1274.726 0.731
1275.447 0.721
1276.191 0.744
1276.944 0.753
1277.717 0.773
1278.493 0.776
1279.24 0.747
1279.99 0.75
1280.726 0.736
1281.456 0.73
1282.207 0.751
1282.966 0.759
1283.709 0.743
1284.469 0.76
1285.243 0.774
1286.029 0.786
1286.806 0.777
1287.565 0.759
1288.334 0.769
1289.115 0.781
1289.899 0.784
1290.656 0.757
1291.428 0.772
1292.201 0.773
1292.99 0.789
1293.753 0.763
1294.501 0.748
1295.265 0.764
1296.045 0.78
1296.851 0.806
1297.663 0.812
1298.451 0.788
1299.263 0.812
1300.078 0.815
1300.913 0.835
1301.738 0.825
1302.527 0.789
1303.323 0.796
1304.124 0.801
1304.958 0.834
1305.788 0.83
1306.582 0.794
1307.352 0.77
1308.111 0.759
1308.872 0.761
1309.638 0.766
1310.429 0.791
1311.232 0.803
1311.998 0.766
1312.752 0.754
1313.515 0.763
1314.284 0.769
1315.067 0.783
1315.844 0.777
1316.598 0.754
1317.325 0.727
1318.037 0.712
1318.768 0.731
1319.509 0.741
1320.287 0.778
1321.078 0.791
1321.847 0.769
1322.625 0.778
1323.424 0.799
1324.241 0.817
1325.058 0.817
1325.857 0.799
1326.632 0.775
1327.417 0.785
1328.21 0.793
1329.015 0.805
1329.826 0.811
1330.609 0.783
1331.402 0.793
1332.195 0.793
1332.992 0.797
1333.768 0.776
1334.536 0.768
1335.333 0.797
1336.149 0.816
1336.978 0.829
1337.785 0.807
1338.579 0.794
1339.394 0.815
1340.221 0.827
1341.056 0.835
1341.866 0.81
1342.64 0.774
1343.431 0.791
1344.216 0.785
1345.01 0.794
1345.808 0.798
1346.576 0.768
1347.355 0.779
1348.155 0.8
1348.973 0.818
1349.798 0.825
1350.599 0.801
1351.408 0.809
1352.228 0.82
1353.059 0.831
1353.897 0.838
1354.699 0.802
1355.483 0.784
1356.284 0.801
1357.097 0.813
1357.926 0.829
1358.767 0.841
1359.594 0.827
1360.377 0.783
1361.151 0.774
1361.939 0.788
1362.737 0.798
1363.556 0.819
1364.392 0.836
1365.199 0.807
1366.012 0.813
1366.849 0.837
1367.696 0.847
1368.545 0.849
1369.364 0.819
1370.16 0.796
1370.979 0.819
1371.804 0.825
1372.642 0.838
1373.465 0.823
1374.252 0.787
1375.035 0.783
1375.835 0.8
1376.645 0.81
1377.47 0.825
1378.26 0.79
1379.027 0.767
1379.816 0.789
1380.621 0.805
1381.444 0.823
1382.289 0.845
1383.122 0.833
1383.924 0.802
1384.722 0.798
1385.53 0.808
1386.337 0.807
1387.139 0.802
1387.909 0.77
1388.675 0.766
1389.457 0.782
1390.26 0.803
1391.069 0.809
1391.854 0.785
1392.624 0.77
1393.41 0.786
1394.205 0.795
1395.019 0.814
1395.833 0.814
1396.614 0.781
1397.406 0.792
1398.216 0.81
1399.038 0.822
1399.872 0.834
1400.678 0.806
1401.458 0.78
1402.247 0.789
1403.047 0.8
1403.871 0.824
1404.717 0.846
1405.579 0.862
1406.414 0.835
1407.212 0.798
1408.018 0.806
1408.827 0.809
1409.639 0.812
1410.422 0.783
1411.196 0.774
1411.993 0.797
1412.805 0.812
1413.63 0.825
1414.421 0.791
1415.198 0.777
1415.997 0.799
1416.813 0.816
1417.637 0.824
1418.429 0.792
1419.212 0.783
1420.012 0.8
1420.814 0.802
1421.624 0.81
1422.404 0.78
1423.168 0.764
1423.932 0.764
1424.712 0.78
1425.506 0.794
1426.315 0.809
1427.132 0.817
1427.916 0.784
1428.706 0.79
1429.5 0.794
1430.297 0.797
1431.081 0.784
1431.845 0.764
1432.6 0.755
1433.357 0.757
1434.101 0.744
1434.816 0.715
1435.508 0.692
1436.195 0.687
1436.892 0.697
1437.621 0.729
1438.375 0.754
1439.113 0.738
1439.835 0.722
1440.556 0.721
1441.275 0.719
1441.967 0.692
1442.66 0.693
1443.354 0.694
1444.065 0.711
1444.778 0.713
1445.48 0.702
1446.166 0.686
1446.797 0.631