0.000 0.672
0.672 0.672
1.34 0.668
1.984 0.644
2.635 0.651
3.292 0.657
4.003 0.711
4.735 0.732
5.499 0.764
6.327 0.828
7.14 0.813
7.864 0.724
8.626 0.762
9.415 0.789
10.221 0.806
11.033 0.812
11.89 0.857
18.843 0.844
19.618 0.775
19.917 0.299
20.235 0.318
20.489 0.254
21.218 0.729
22.082 0.864
22.942 0.86
23.841 0.899
24.706 0.865
25.473 0.767
26.319 0.846
27.223 0.904
28.162 0.939
29.105 0.943
30.091 0.986
31.048 0.957
32.066 1.018
33.208 1.142
34.219 1.011
35.154 0.935
36.15 0.996
37.17 1.02
38.059 0.889
39.033 0.974
40.081 1.048
41.354 1.273
42.51 1.156
43.655 1.145
44.694 1.039
45.702 1.008
46.69 0.988
47.597 0.907
48.586 0.989
49.664 1.078
50.611 0.947
51.601 0.99
52.685 1.084
53.735 1.05
54.819 1.084
56.033 1.214
57.215 1.182
58.327 1.112
59.361 1.034
60.395 1.034
61.423 1.028
62.372 0.949
63.646 1.274
64.815 1.169
65.992 1.177
67.075 1.083
68.047 0.972
69.055 1.008
70.112 1.057
71.286 1.174
72.407 1.121
73.456 1.049
74.562 1.106
75.574 1.012
76.635 1.061
77.624 0.989
78.6 0.976
79.579 0.979
80.477 0.898
81.516 1.039
82.576 1.06
83.52 0.944
84.582 1.062
85.657 1.075
86.675 1.018
87.757 1.082
88.803 1.046
89.753 0.95
90.87 1.117
92.041 1.171
93.114 1.073
94.209 1.095
95.386 1.177
96.554 1.168
97.647 1.093
98.819 1.172
99.935 1.116
101.156 1.221
102.461 1.305
103.723 1.262
104.811 1.088
105.938 1.127
107.316 1.378
108.596 1.28
109.861 1.265
111.06 1.199
112.287 1.227
113.536 1.249
114.632 1.096
115.788 1.156
117.0 1.212
118.108 1.108
119.259 1.151
120.402 1.143
121.38 0.978
122.436 1.056
123.487 1.051
124.384 0.897
125.4 1.016
126.341 0.941
127.313 0.972
128.382 1.069
129.477 1.095
130.561 1.084
131.674 1.113
132.715 1.041
133.836 1.121
134.968 1.132
136.062 1.094
137.244 1.182
138.363 1.119
139.499 1.136
140.686 1.187
141.845 1.159
142.909 1.064
144.032 1.123
145.226 1.194
146.347 1.121
147.448 1.101
148.625 1.177
149.781 1.156
150.9 1.119
152.068 1.168
153.238 1.17
154.301 1.063
155.404 1.103
156.498 1.094
157.527 1.029
158.492 0.965
159.315 0.823
160.125 0.81
160.961 0.836
161.873 0.912
162.892 1.019
164.026 1.134
165.103 1.077
166.203 1.1
167.368 1.165
168.498 1.13
169.59 1.092
170.673 1.083
171.684 1.011
172.581 0.897
173.537 0.956
174.558 1.021
175.629 1.071
176.577 0.948
177.536 0.959
178.744 1.208
179.91 1.166
180.964 1.054
182.038 1.074
183.123 1.085
184.175 1.052
185.113 0.938
186.159 1.046
187.169 1.01
188.031 0.862
188.905 0.874
189.836 0.931
190.819 0.983
191.689 0.87
192.643 0.954
193.639 0.996
194.636 0.997
195.534 0.898
196.535 1.001
197.618 1.083
198.669 1.051
199.6 0.931
200.654 1.054
201.751 1.097
202.733 0.982
203.745 1.012
204.864 1.119
205.971 1.107
207.007 1.036
208.152 1.145
209.309 1.157
210.351 1.042
211.461 1.11
212.61 1.149
213.705 1.095
214.783 1.078
215.945 1.162
217.054 1.109
218.071 1.017
219.168 1.097
220.264 1.096
221.207 0.943
222.243 1.036
223.43 1.187
224.537 1.107
225.604 1.067
226.737 1.133
227.815 1.078
228.845 1.03
229.969 1.124
231.1 1.131
232.125 1.025
233.247 1.122
234.376 1.129
235.45 1.074
236.566 1.116
237.674 1.108
238.655 0.981
239.734 1.079
240.823 1.089
241.766 0.943
242.83 1.064
243.911 1.081
245.028 1.117
246.227 1.199
247.393 1.166
248.477 1.084
249.556 1.079
250.625 1.069
251.615 0.99
252.728 1.113
253.837 1.109
254.853 1.016
255.948 1.095
256.991 1.043
257.951 0.96
259.097 1.146
260.168 1.071
261.269 1.101
262.417 1.148
263.471 1.054
264.61 1.139
265.779 1.169
266.877 1.098
268.041 1.164
269.226 1.185
270.339 1.113
271.488 1.149
272.663 1.175
273.768 1.105
274.911 1.143
276.062 1.151
277.169 1.107
278.183 1.014
279.268 1.085
280.4 1.132
281.45 1.05
282.441 0.991
283.521 1.08
284.65 1.129
285.668 1.018
286.61 0.942
287.659 1.049
288.739 1.08
289.715 0.976
290.624 0.909
291.658 1.034
292.777 1.119
293.81 1.033
294.773 0.963
295.824 1.051
296.918 1.094
297.93 1.012
298.857 0.927
299.914 1.057
301.019 1.105
302.002 0.983
303.031 1.029
304.135 1.104
305.197 1.062
306.138 0.941
307.197 1.059
308.285 1.088
309.26 0.975
310.245 0.985
311.322 1.077
312.427 1.105
313.391 0.964
314.457 1.066
315.563 1.106
316.607 1.044
317.604 0.997
318.67 1.066
319.604 0.934
320.495 0.891
321.49 0.995
322.354 0.864
323.248 0.894
324.171 0.923
325.056 0.885
326.007 0.951
326.988 0.981
327.964 0.976
328.806 0.842
329.745 0.939
330.696 0.951
331.554 0.858
332.491 0.937
333.447 0.956
334.3 0.853
335.271 0.971
336.298 1.027
337.345 1.047
338.395 1.05
339.44 1.045
340.429 0.989
341.429 1.0
342.43 1.001
343.45 1.02
344.378 0.928
345.391 1.013
346.453 1.062
347.508 1.055
348.537 1.029
349.657 1.12
350.733 1.076
351.771 1.038
352.86 1.089
353.794 0.934
354.674 0.88
355.63 0.956
356.712 1.082
357.779 1.067
358.729 0.95
359.808 1.079
360.917 1.109
361.896 0.979
362.84 0.944
363.837 0.997
364.844 1.007
365.74 0.896
366.665 0.925
367.622 0.957
368.592 0.97
369.485 0.893
370.472 0.987
371.379 0.907
372.346 0.967
373.359 1.013
374.344 0.985
375.218 0.874
376.173 0.955
377.143 0.97
378.064 0.921
378.925 0.861
379.881 0.956
380.855 0.974
381.76 0.905
382.709 0.949
383.694 0.985
384.655 0.961
385.576 0.921
386.563 0.987
387.578 1.015
388.578 1.0
389.525 0.947
390.508 0.983
391.473 0.965
392.44 0.967
393.43 0.99
394.432 1.002
395.351 0.919
396.332 0.981
397.342 1.01
398.344 1.002
399.258 0.914
400.243 0.985
401.284 1.041
402.294 1.01
403.248 0.954
404.274 1.026
405.329 1.055
406.248 0.919
407.169 0.921
408.159 0.99
409.135 0.976
410.009 0.874
410.954 0.945
411.943 0.989
412.912 0.969
413.816 0.904
414.807 0.991
415.815 1.008
416.78 0.965
417.745 0.965
418.762 1.017
419.79 1.028
420.734 0.944
421.711 0.977
422.736 1.025
423.774 1.038
424.717 0.943
425.719 1.002
426.746 1.027
427.755 1.009
428.691 0.936
429.704 1.013
430.722 1.018
431.637 0.915
432.59 0.953
433.576 0.986
434.535 0.959
435.442 0.907
436.403 0.961
437.376 0.973
438.292 0.916
439.199 0.907
440.152 0.953
441.128 0.976
442.005 0.877
442.97 0.965
443.954 0.984
444.86 0.906
445.812 0.952
446.8 0.988
447.801 1.001
448.704 0.903
449.675 0.971
450.708 1.033
451.727 1.019
452.618 0.891
453.587 0.969
454.608 1.021
455.663 1.055
456.591 0.928
457.563 0.972
458.58 1.017
459.625 1.045
460.531 0.906
461.504 0.973
462.515 1.011
463.415 0.9
464.283 0.868
465.208 0.925
466.189 0.981
467.136 0.947
468.028 0.892
468.978 0.95
469.98 1.002
470.981 1.001
471.849 0.868
472.78 0.931
473.716 0.936
474.581 0.865
475.482 0.901
476.431 0.949
477.404 0.973
478.283 0.879
479.217 0.934
480.19 0.973
481.167 0.977
482.082 0.915
483.051 0.969
484.054 1.003
485.066 1.012
485.984 0.918
486.873 0.889
487.807 0.934
488.805 0.998
489.816 1.011
490.725 0.909
491.695 0.97
492.711 1.016
493.733 1.022
494.616 0.883
495.515 0.899
496.45 0.935
497.421 0.971
498.329 0.908
499.228 0.899
500.187 0.959
501.083 0.896
502.0 0.917
502.837 0.837
503.726 0.889
504.674 0.948
505.637 0.963
506.511 0.874
507.437 0.926
508.396 0.959
509.357 0.961
510.24 0.883
511.202 0.962
512.225 1.023
513.129 0.904
514.077 0.948
515.074 0.997
516.066 0.992
516.953 0.887
517.897 0.944
518.867 0.97
519.82 0.953
520.693 0.873
521.632 0.939
522.618 0.986
523.629 1.011
524.543 0.914
525.535 0.992
526.553 1.018
527.523 0.97
528.463 0.94
529.458 0.995
530.446 0.988
531.337 0.891
532.32 0.983
533.336 1.016
534.323 0.987
535.256 0.933
536.267 1.011
537.29 1.023
538.186 0.896
539.097 0.911
540.072 0.975
541.06 0.988
541.951 0.891
542.888 0.937
543.888 1.0
544.933 1.045
545.866 0.933
546.804 0.938
547.791 0.987
548.792 1.001
549.711 0.919
550.673 0.962
551.68 1.007
552.659 0.979
553.559 0.9
554.548 0.989
555.576 1.028
556.573 0.997
557.488 0.915
557.804 0.316
558.1 0.296
558.475 0.375
559.336 0.861
560.226 0.89
561.211 0.985
562.168 0.957
563.04 0.872
563.926 0.886
564.916 0.99
565.923 1.007
566.81 0.887
567.726 0.916
568.681 0.955
569.641 0.96
570.495 0.854
571.411 0.916
572.38 0.969
573.328 0.948
574.189 0.861
574.472 0.283
575.127 0.655
576.066 0.939
576.909 0.843
577.824 0.915
578.785 0.961
579.746 0.961
580.636 0.89
581.595 0.959
582.576 0.981
583.496 0.92
584.433 0.937
585.401 0.968
586.398 0.997
587.346 0.948
588.275 0.929
589.236 0.961
590.204 0.968
591.048 0.844
591.914 0.866
592.83 0.916
593.793 0.963
594.687 0.894
595.523 0.836
596.413 0.89
597.341 0.928
598.201 0.86
599.03 0.829
599.924 0.894
600.895 0.971
601.886 0.991
602.736 0.85
603.664 0.928
604.64 0.976
605.565 0.925
606.438 0.873
607.384 0.946
608.352 0.968
609.273 0.921
610.118 0.845
611.047 0.929
612.019 0.972
612.941 0.922
613.79 0.849
614.716 0.926
615.696 0.98
616.697 1.001
617.518 0.821
618.339 0.821
619.167 0.828
619.93 0.763
620.77 0.84
621.758 0.988
622.625 0.867
623.469 0.844
624.386 0.917
625.349 0.963
626.229 0.88
627.083 0.854
627.987 0.904
628.955 0.968
629.897 0.942
630.763 0.866
631.692 0.929
632.668 0.976
633.654 0.986
634.548 0.894
635.486 0.938
636.464 0.978
637.411 0.947
638.285 0.874
639.239 0.954
640.225 0.986
641.143 0.918
642.087 0.944
643.088 1.001
644.095 1.007
645.006 0.911
646.0 0.994
647.039 1.039
648.065 1.026
648.987 0.922
649.986 0.999
651.001 1.015
651.988 0.987
652.882 0.894
653.823 0.941
654.795 0.972
655.686 0.891
656.645 0.959
657.654 1.009
658.645 0.991
659.56 0.915
660.545 0.985
661.573 1.028
662.519 0.946
663.462 0.943
664.473 1.011
665.494 1.021
666.365 0.871
667.275 0.91
668.243 0.968
669.127 0.884
669.935 0.808
670.815 0.88
671.778 0.963
672.783 1.005
673.68 0.897
674.619 0.939
675.63 1.011
676.638 1.008
677.516 0.878
678.468 0.952
679.476 1.008
680.409 0.933
681.359 0.95
682.277 0.918
683.086 0.809
683.868 0.782
684.67 0.802
685.481 0.811
686.281 0.8
687.08 0.799
687.864 0.784
688.701 0.837
689.53 0.829
690.398 0.868
691.237 0.839
692.146 0.909
693.048 0.902
693.913 0.865
694.753 0.84
695.648 0.895
696.598 0.95
697.54 0.942
698.476 0.936
699.422 0.946
700.362 0.94
701.234 0.872
702.186 0.952
703.157 0.971
704.143 0.986
705.023 0.88
706.012 0.989
706.961 0.949
707.861 0.9
708.847 0.986
709.818 0.971
710.753 0.935
711.68 0.927
712.506 0.826
713.317 0.811
714.183 0.866
715.117 0.934
716.083 0.966
716.981 0.898
717.837 0.856
718.803 0.966
719.763 0.96
720.714 0.951
721.648 0.934
722.513 0.865
723.408 0.895
724.335 0.927
725.275 0.94
726.219 0.944
727.207 0.988
728.204 0.997
729.153 0.949
730.171 1.018
731.225 1.054
732.259 1.034
733.184 0.925
734.174 0.99
735.216 1.042
736.268 1.052
737.198 0.93
738.226 1.028
739.265 1.039
740.191 0.926
741.239 1.048
742.312 1.073
743.339 1.027
744.286 0.947
745.308 1.022
746.362 1.054
747.388 1.026
748.34 0.952
749.331 0.991
750.368 1.037
751.323 0.955
752.229 0.906
753.196 0.967
754.109 0.913
754.93 0.821
755.746 0.816
756.535 0.789
757.386 0.851
758.285 0.899
759.161 0.876
760.052 0.891
760.981 0.929
761.887 0.906
762.734 0.847
763.63 0.896
764.564 0.934
765.492 0.928
766.352 0.86
767.286 0.934
768.261 0.975
769.188 0.927
770.091 0.903
771.067 0.976
772.063 0.996
772.974 0.911
773.926 0.952
774.933 1.007
775.937 1.004
776.859 0.922
777.842 0.983
778.864 1.022
779.819 0.955
780.796 0.977
781.819 1.023
782.861 1.042
783.801 0.94
784.808 1.007
785.848 1.04
786.834 0.986
787.734 0.9
788.705 0.971
789.741 1.036
790.759 1.018
791.702 0.943
792.722 1.02
793.779 1.057
794.804 1.025
795.77 0.966
796.796 1.026
797.851 1.055
798.819 0.968
799.829 1.01
800.905 1.076
801.968 1.063
802.954 0.986
803.994 1.04
805.066 1.072
806.036 0.97
807.048 1.012
808.099 1.051
809.17 1.071
810.1 0.93
811.116 1.016
812.17 1.054
813.256 1.086
814.247 0.991
815.226 0.979
816.264 1.038
817.316 1.052
818.22 0.904
819.186 0.966
820.179 0.993
821.106 0.927
821.968 0.862
822.901 0.933
823.876 0.975
824.832 0.956
825.731 0.899
826.712 0.981
827.744 1.032
828.74 0.996
829.686 0.946
830.718 1.032
831.778 1.06
832.727 0.949
833.696 0.969
834.707 1.011
835.736 1.029
836.721 0.985
837.655 0.934
838.658 1.003
839.718 1.06
840.698 0.98
841.722 1.024
842.773 1.051
843.845 1.072
844.8 0.955
845.827 1.027
846.86 1.033
847.789 0.929
848.729 0.94
849.721 0.992
850.741 1.02
851.657 0.916
852.589 0.932
853.584 0.995
854.593 1.009
855.477 0.884
856.455 0.978
857.482 1.027
858.48 0.998
859.428 0.948
860.428 1.0
861.427 0.999
862.314 0.887
863.259 0.945
864.252 0.993
865.244 0.992
866.135 0.891
867.108 0.973
868.131 1.023
869.095 0.964
870.055 0.96
871.076 1.021
872.105 1.029
873.047 0.942
874.046 0.999
875.069 1.023
876.063 0.994
877.018 0.955
878.044 1.026
879.102 1.058
880.067 0.965
881.057 0.99
882.096 1.039
883.128 1.032
884.039 0.911
885.013 0.974
885.989 0.976
886.871 0.882
887.753 0.882
888.75 0.997
889.774 1.024
890.746 0.972
891.793 1.047
892.777 0.984
893.652 0.875
894.559 0.907
895.514 0.955
896.521 1.007
897.472 0.951
898.384 0.912
899.411 1.027
900.482 1.071
901.466 0.984
902.379 0.913
903.341 0.962
904.271 0.93
905.108 0.837
906.05 0.942
907.007 0.957
907.87 0.863
908.812 0.942
909.814 1.002
910.904 1.09
911.807 0.903
912.803 0.996
913.848 1.045
914.827 0.979
915.75 0.923
916.762 1.012
917.822 1.06
918.81 0.988
919.816 1.006
920.873 1.057
921.854 0.981
922.721 0.867
923.709 0.988
924.732 1.023
925.675 0.943
926.606 0.931
927.621 1.015
928.689 1.068
929.768 1.079
930.675 0.907
931.689 1.014
932.675 0.986
933.524 0.849
934.467 0.943
935.456 0.989
936.421 0.965
937.349 0.928
938.447 1.098
939.541 1.094
940.522 0.981
941.571 1.049
942.635 1.064
943.607 0.972
944.541 0.934
945.514 0.973
946.601 1.087
947.595 0.994
948.597 1.002
949.659 1.062
950.707 1.048
951.597 0.89
952.586 0.989
953.641 1.055
954.634 0.993
955.571 0.937
956.405 0.834
957.366 0.961
958.325 0.959
959.188 0.863
960.005 0.817
960.764 0.759
961.501 0.737
962.227 0.726
962.94 0.713
963.657 0.717
964.411 0.754
965.21 0.799
965.963 0.753
966.814 0.851
967.709 0.895
968.619 0.91
969.436 0.817
970.274 0.838
971.118 0.844
971.943 0.825
972.736 0.793
973.523 0.787
974.349 0.826
975.138 0.789
975.98 0.842
976.843 0.863
977.72 0.877
978.606 0.886
979.529 0.923
980.415 0.886
981.23 0.815
982.137 0.907
983.041 0.904
983.857 0.816
984.705 0.848
985.636 0.931
986.613 0.977
987.576 0.963
988.512 0.936
989.399 0.887
990.364 0.965
991.356 0.992
992.273 0.917
993.135 0.862
994.067 0.932
994.941 0.874
995.824 0.883
996.657 0.833
997.374 0.717
998.145 0.771
998.894 0.749
999.73 0.836
1000.654 0.924
1001.58 0.926
1002.536 0.956
1003.466 0.93
1004.37 0.904
1005.184 0.814
1005.971 0.787
1006.792 0.821
1007.762 0.97
1008.758 0.996
1009.695 0.937
1010.669 0.974
1011.614 0.945
1012.612 0.998
1013.541 0.929
1014.461 0.92
1015.44 0.979
1016.384 0.944
1017.323 0.939
1018.181 0.858
1019.122 0.941
1020.11 0.988
1021.083 0.973
1021.954 0.871
1022.833 0.879
1023.763 0.93
1024.776 1.013
1025.768 0.992
1026.661 0.893
1027.604 0.943
1028.586 0.982
1029.574 0.988
1030.49 0.916
1031.485 0.995
1032.483 0.998
1033.445 0.962
1034.307 0.862
1035.241 0.934
1036.175 0.934
1037.086 0.911
1037.911 0.825
1038.832 0.921
1039.785 0.953
1040.729 0.944
1041.588 0.859
1042.558 0.97
1043.528 0.97
1044.465 0.937
1045.353 0.888
1046.317 0.964
1047.273 0.956
1048.146 0.873
1049.074 0.928
1050.034 0.96
1051.016 0.982
1051.891 0.875
1052.717 0.826
1053.66 0.943
1054.576 0.916
1055.503 0.927
1056.436 0.933
1057.314 0.878
1058.177 0.863
1059.027 0.85
1059.871 0.844
1060.706 0.835
1061.542 0.836
1062.283 0.741
1063.012 0.729
1063.698 0.686
1064.399 0.701
1065.153 0.754
1066.014 0.861
1066.947 0.933
1067.896 0.949
1068.863 0.967
1069.852 0.989
1070.831 0.979
1071.812 0.981
1072.724 0.912
1073.593 0.869
1074.44 0.847
1075.239 0.799
1075.977 0.738
1076.752 0.775
1077.565 0.813
1078.406 0.841
1079.378 0.972
1080.26 0.882
1081.116 0.856
1081.971 0.855
1082.819 0.848
1083.597 0.778
1084.329 0.732
1085.069 0.74
1085.84 0.771
1086.699 0.859
1087.614 0.915
1088.55 0.936
1089.467 0.917
1090.415 0.948
1091.358 0.943
1092.297 0.939
1093.186 0.889
1093.985 0.799
1094.866 0.881
1095.797 0.931
1096.97 1.173
1098.006 1.036
1099.046 1.04
1100.116 1.07
1101.154 1.038
1102.214 1.06
1103.288 1.074
1104.276 0.988
1105.303 1.027
1106.39 1.087
1107.472 1.082
1108.422 0.95
1109.421 0.999
1110.628 1.207
1111.701 1.073
1112.83 1.129
1113.824 0.994
1114.903 1.079
1115.962 1.059
1116.895 0.933
1117.889 0.994
1119.118 1.229
1120.245 1.127
1121.304 1.059
1122.386 1.082
1123.419 1.033
1124.45 1.031
1125.641 1.191
1126.734 1.093
1127.543 0.809
1128.381 0.838
1129.448 1.067
1130.463 1.015
1131.43 0.967
1132.3 0.87
1133.092 0.792
1133.85 0.758
1134.624 0.774
1135.402 0.778
1136.229 0.827
1137.082 0.853
1137.885 0.803
1138.656 0.771
1139.411 0.755
1140.143 0.732
1140.893 0.75
1141.696 0.803
1142.514 0.818
1143.337 0.823
1144.254 0.917
1145.189 0.935
1146.15 0.961
1147.128 0.978
1148.098 0.97
1149.012 0.914
1149.958 0.946
1150.933 0.975
1151.919 0.986
1152.829 0.91
1153.818 0.989
1154.802 0.984
1155.763 0.961
1156.772 1.009
1157.847 1.075
1158.874 1.027
1159.86 0.986
1160.945 1.085
1162.104 1.159
1163.261 1.157
1164.275 1.014
1165.277 1.002
1166.261 0.984
1167.148 0.887
1168.155 1.007
1169.158 1.003
1170.314 1.156
1171.389 1.075
1172.377 0.988
1173.431 1.054
1174.496 1.065
1175.422 0.926
1176.332 0.91
1177.361 1.029
1178.537 1.176
1179.556 1.019
1180.48 0.924
1181.384 0.904
1182.315 0.931
1183.462 1.147
1184.781 1.319
1185.999 1.218
1187.216 1.217
1188.34 1.124
1189.276 0.936
1190.258 0.982
1191.363 1.105
1192.588 1.225
1193.683 1.095
1194.602 0.919
1195.482 0.88
1196.382 0.9
1197.398 1.016
1198.682 1.284
1199.897 1.215
1201.045 1.148
1202.049 1.004
1202.975 0.926
1203.84 0.865
1204.766 0.926
1205.8 1.034
1206.946 1.146
1208.139 1.193
1209.18 1.041
1210.113 0.933
1211.045 0.932
1212.056 1.011
1213.085 1.029
1214.143 1.058
1215.183 1.04
1216.306 1.123
1217.393 1.087
1218.476 1.083
1219.522 1.046
1220.49 0.968
1221.475 0.985
1222.529 1.054
1223.541 1.012
1224.52 0.979
1225.628 1.108
1226.708 1.08
1227.77 1.062
1228.773 1.003
1229.697 0.924
1230.654 0.957
1231.632 0.978
1232.63 0.998
1233.645 1.015
1234.553 0.908
1235.436 0.883
1236.41 0.974
1237.509 1.099
1238.609 1.1
1239.615 1.006
1240.501 0.886
1241.364 0.863
1242.259 0.895
1243.242 0.983
1244.253 1.011
1245.296 1.043
1246.259 0.963
1247.24 0.981
1248.28 1.04
1249.442 1.162
1250.58 1.138
1251.696 1.116
1252.702 1.006
1253.656 0.954
1254.668 1.012
1255.68 1.012
1256.786 1.106
1257.834 1.048
1258.79 0.956
1259.746 0.956
1260.791 1.045
1261.897 1.106
1263.039 1.142
1264.038 0.999
1264.963 0.925
1265.914 0.951
1266.938 1.024
1268.011 1.073
1269.147 1.136
1270.237 1.09
1271.182 0.945
1272.134 0.952
1273.171 1.037
1274.306 1.135
1275.417 1.111
1276.454 1.037
1277.527 1.073
1278.601 1.074
1279.64 1.039
1280.528 0.888
1281.528 1.0
1282.546 1.018
1283.587 1.041
1284.542 0.955
1285.475 0.933
1286.531 1.056
1287.672 1.141
1288.768 1.096
1289.724 0.956
1290.789 1.065
1291.888 1.099
1292.991 1.103
1293.929 0.938
1294.889 0.96
1295.9 1.011
1296.928 1.028
1297.943 1.015
1298.99 1.047
1300.023 1.033
1300.937 0.914
1301.823 0.886
1302.773 0.95
1303.802 1.029
1304.821 1.019
1305.749 0.928
1306.682 0.933
1307.586 0.904
1308.578 0.992
1309.634 1.056
1310.694 1.06
1311.617 0.923
1312.608 0.991
1313.593 0.985
1314.493 0.9
1315.361 0.868
1316.278 0.917
1317.26 0.982
1318.243 0.983
1319.215 0.972
1320.219 1.004
1321.186 0.967
1322.209 1.023
1323.108 0.899
1323.965 0.857
1324.917 0.952
1325.909 0.992
1326.913 1.004
1327.836 0.923
1328.716 0.88
1329.657 0.941
1330.635 0.978
1331.616 0.981
1332.549 0.933
1333.437 0.888
1334.4 0.963
1335.356 0.956
1336.288 0.932
1337.151 0.863
1337.991 0.84
1338.863 0.872
1339.83 0.967
1340.809 0.979
1341.754 0.945
1342.628 0.874
1343.557 0.929
1344.587 1.03
1345.608 1.021
1346.679 1.071
1347.629 0.95
1348.629 1.0
1349.7 1.071
1350.748 1.048
1351.77 1.022
1352.737 0.967
1353.735 0.998
1354.725 0.99
1355.711 0.986
1356.622 0.911
1357.607 0.985
1358.682 1.075
1359.716 1.034
1360.732 1.016
1361.774 1.042
1362.792 1.018
1363.732 0.94
1364.66 0.928
1365.68 1.02
1366.688 1.008
1367.618 0.93
1368.598 0.98
1369.662 1.064
1370.699 1.037
1371.59 0.891
1372.551 0.961
1373.565 1.014
1374.622 1.057
1375.549 0.927
1376.514 0.965
1377.581 1.067
1378.646 1.065
1379.561 0.915
1380.428 0.867
1381.383 0.955
1382.37 0.987
1383.328 0.958
1384.17 0.842
1385.035 0.865
1385.96 0.925
1386.874 0.914
1387.695 0.821
1388.57 0.875
1389.486 0.916
1390.4 0.914
1391.255 0.855
1392.171 0.916
1393.054 0.883
1393.86 0.806
1394.73 0.87
1395.634 0.904
1396.524 0.89
1397.317 0.793
1398.124 0.807
1399.0 0.876
1399.903 0.903
1400.812 0.909
1401.621 0.809
1402.482 0.861
1403.408 0.926
1404.338 0.93
1405.25 0.912
1406.101 0.851
1407.017 0.916
1407.929 0.912
1408.801 0.872
1409.676 0.875
1410.574 0.898
1411.472 0.898
1412.307 0.835
1413.236 0.929
1414.156 0.92
1415.002 0.846
1415.846 0.844
1416.771 0.925
1417.703 0.932
1418.651 0.948
1419.491 0.84
1420.38 0.889
1421.338 0.958
1422.309 0.971
1423.216 0.907
1424.119 0.903
1425.081 0.962
1426.089 1.008
1427.073 0.984
1427.968 0.895
1428.965 0.997
1429.914 0.949
1430.91 0.996
1432.031 1.121
1433.133 1.102
1434.17 1.037
1435.237 1.067
1436.277 1.04
1437.203 0.926
1438.211 1.008
1439.113 0.902
1439.942 0.829
1440.817 0.875
1441.77 0.953
1442.793 1.023
1443.907 1.114
1444.872 0.965
1445.857 0.985
1446.887 1.03
1447.856 0.969
1448.678 0.822
1449.449 0.771
1450.239 0.79
1451.118 0.879
1452.035 0.917
1452.982 0.947
1453.932 0.95
1454.834 0.902
1455.694 0.86
1456.537 0.843
1457.331 0.794
1458.116 0.785
1458.872 0.756
1459.649 0.777
1460.432 0.783
1461.25 0.818
1462.073 0.823
1462.875 0.802
1463.653 0.778
1464.401 0.748
1465.153 0.752
1465.928 0.775
1466.742 0.814
1467.499 0.757
1468.334 0.835
1469.205 0.871
1470.083 0.878
1470.984 0.901
1471.88 0.896
1472.799 0.919
1473.711 0.912
1474.595 0.884
1475.377 0.782
1476.15 0.773
1476.915 0.765
1477.783 0.868
1478.697 0.914
1479.669 0.972
1480.68 1.011
1481.664 0.984
1482.61 0.946
1483.442 0.832
1484.249 0.807
1485.132 0.883
1486.043 0.911
1486.946 0.903
1487.794 0.848
1488.632 0.838
1489.549 0.917
1490.381 0.832
1491.132 0.751
1491.868 0.736
1492.603 0.735
1493.329 0.726
1493.996 0.667
1494.689 0.693
1495.386 0.697
1496.109 0.723