0.000 0.562
0.562 0.562
6.486 5.924
6.999 0.513
7.496 0.497
7.973 0.477
8.44 0.467
8.903 0.463
9.361 0.458
9.822 0.461
10.303 0.481
10.805 0.502
11.303 0.498
11.838 0.535
12.488 0.65
13.105 0.617
13.674 0.569
14.021 0.347
14.664 0.643
15.126 0.462
15.582 0.456
16.03 0.448
16.481 0.451
16.931 0.45
17.38 0.449
17.838 0.458
18.309 0.471
18.794 0.485
19.32 0.526
19.902 0.582
20.545 0.643
21.22 0.675
21.886 0.666
22.565 0.679
23.256 0.691
23.934 0.678
24.586 0.652
25.15 0.564
25.698 0.548
26.237 0.539
26.807 0.57
27.487 0.68
28.182 0.695
28.787 0.605
29.396 0.609
29.961 0.565
30.498 0.537
31.056 0.558
31.7 0.644
32.498 0.798
33.252 0.754
34.019 0.767
34.799 0.78
35.56 0.761
36.341 0.781
37.117 0.776
37.826 0.709
38.562 0.736
39.353 0.791
40.215 0.862
41.057 0.842
41.83 0.773
42.565 0.735
43.248 0.683
43.914 0.666
44.51 0.596
45.142 0.632
45.79 0.648
46.487 0.697
47.215 0.728
47.965 0.75
48.66 0.695
49.321 0.661
49.932 0.611
50.527 0.595
51.214 0.687
52.063 0.849
52.854 0.791
53.664 0.81
54.403 0.739
55.028 0.625
55.653 0.625
56.234 0.581
56.824 0.59
57.487 0.663
58.261 0.774
59.079 0.818
59.87 0.791
60.61 0.74
61.34 0.73
62.077 0.737
62.816 0.739
63.535 0.719
64.295 0.76
65.068 0.773
65.846 0.778
66.599 0.753
67.305 0.706
67.971 0.666
68.575 0.604
69.154 0.579
69.713 0.559
70.244 0.531
70.781 0.537
71.296 0.515
71.805 0.509
72.301 0.496
72.799 0.498
73.296 0.497
73.799 0.503
74.301 0.502
74.797 0.496
75.291 0.494
75.775 0.484
76.253 0.478
76.727 0.474
77.193 0.466
77.655 0.462
78.117 0.462
78.578 0.461
79.037 0.459
79.491 0.454
79.948 0.457
80.409 0.461
80.876 0.467
81.353 0.477
81.829 0.476
82.303 0.474
82.745 0.442
83.187 0.442
83.621 0.434
84.057 0.436
84.496 0.439
84.942 0.446
85.431 0.489
86.055 0.624
86.812 0.757
87.65 0.838
88.494 0.844
89.365 0.871
90.172 0.807
90.916 0.744
91.611 0.695
92.259 0.648
92.894 0.635
93.623 0.729
94.376 0.753
95.149 0.773
95.966 0.817
102.998 7.032
103.842 0.844
104.692 0.85
105.5 0.808
106.341 0.841
107.22 0.879
108.088 0.868
108.89 0.802
109.646 0.756
110.379 0.733
111.08 0.701
111.752 0.672
112.52 0.768
113.381 0.861
114.269 0.888
115.106 0.837
115.855 0.749
116.598 0.743
117.378 0.78
118.195 0.817
119.018 0.823
119.811 0.793
120.543 0.732
121.24 0.697
121.888 0.648
122.499 0.611
123.207 0.708
124.061 0.854
124.921 0.86
125.707 0.786
126.457 0.75
127.209 0.752
127.994 0.785
128.763 0.769
129.516 0.753
130.324 0.808
131.164 0.84
131.988 0.824
132.786 0.798
133.48 0.694
134.203 0.723
134.921 0.718
135.631 0.71
136.466 0.835
137.309 0.843
138.165 0.856
139.013 0.848
139.843 0.83
140.622 0.779
141.347 0.725
142.106 0.759
142.887 0.781
143.686 0.799
144.402 0.716
145.069 0.667
145.79 0.721
146.397 0.607
146.972 0.575
147.52 0.548
148.053 0.533
148.584 0.531
149.131 0.547
149.764 0.633
150.525 0.761
151.273 0.748
151.951 0.678
152.566 0.615
153.135 0.569
153.67 0.535
154.194 0.524
154.714 0.52
155.241 0.527
155.82 0.579
156.485 0.665
157.206 0.721
157.954 0.748
158.707 0.753
159.475 0.768
160.19 0.715
160.867 0.677
161.495 0.628
162.137 0.642
162.741 0.604
163.37 0.629
164.014 0.644
164.692 0.678
165.326 0.634
165.958 0.632
166.579 0.621
167.173 0.594
167.773 0.6
168.477 0.704
169.361 0.884
170.255 0.894
171.105 0.85
171.943 0.838
172.686 0.743
173.344 0.658
173.939 0.595
174.519 0.58
175.111 0.592
175.758 0.647
176.468 0.71
177.177 0.709
177.834 0.657
178.509 0.675
179.294 0.785
180.056 0.762
180.76 0.704
181.514 0.754
182.261 0.747
182.984 0.723
183.687 0.703
184.372 0.685
185.062 0.69
185.728 0.666
186.342 0.614
186.958 0.616
187.593 0.635
188.296 0.703
189.049 0.753
189.83 0.781
190.56 0.73
191.36 0.8
192.195 0.835
193.03 0.835
193.835 0.805
194.603 0.768
195.36 0.757
196.149 0.789
196.961 0.812
197.769 0.808
198.519 0.75
199.303 0.784
200.051 0.748
200.788 0.737
201.507 0.719
202.22 0.713
202.913 0.693
203.626 0.713
204.355 0.729
205.063 0.708
205.769 0.706
206.471 0.702
207.142 0.671
207.825 0.683
208.476 0.651
209.096 0.62
209.706 0.61
210.276 0.57
210.877 0.601
211.517 0.64
212.274 0.757
213.124 0.85
213.968 0.844
214.795 0.827
215.607 0.812
216.366 0.759
217.075 0.709
217.73 0.655
218.375 0.645
219.015 0.64
219.718 0.703
220.433 0.715
221.187 0.754
221.96 0.773
222.716 0.756
223.428 0.712
224.062 0.634
224.707 0.645
225.343 0.636
225.994 0.651
226.642 0.648
227.27 0.628
227.899 0.629
228.504 0.605
229.086 0.582
229.667 0.581
230.257 0.59
230.855 0.598
231.459 0.604
232.064 0.605
232.679 0.615
233.267 0.588
233.879 0.612
234.473 0.594
235.058 0.585
235.629 0.571
236.201 0.572
236.787 0.586
237.409 0.622
238.09 0.681
238.772 0.682
239.431 0.659
240.008 0.577
240.605 0.597
241.198 0.593
241.797 0.599
242.42 0.623
243.069 0.649
243.732 0.663
244.423 0.691
245.09 0.667
245.844 0.754
246.596 0.752
247.317 0.721
248.009 0.692
248.65 0.641
249.295 0.645
249.937 0.642
250.595 0.658
251.268 0.673
251.909 0.641
252.514 0.605
253.124 0.61
253.754 0.63
254.454 0.7
255.156 0.702
255.878 0.722
256.618 0.74
257.353 0.735
258.078 0.725
258.769 0.691
259.433 0.664
260.063 0.63
260.666 0.603
261.283 0.617
261.918 0.635
262.634 0.716
263.385 0.751
264.151 0.766
264.903 0.752
265.632 0.729
266.35 0.718
267.039 0.689
267.731 0.692
268.394 0.663
269.024 0.63
269.626 0.602
270.215 0.589
270.8 0.585
271.396 0.596
272.028 0.632
272.659 0.631
273.396 0.737
274.194 0.798
275.003 0.809
275.817 0.814
276.618 0.801
277.326 0.708
278.054 0.728
278.77 0.716
279.524 0.754
280.287 0.763
281.042 0.755
281.783 0.741
282.473 0.69
283.134 0.661
283.787 0.653
284.418 0.631
285.099 0.681
285.777 0.678
286.44 0.663
287.087 0.647
287.802 0.715
288.569 0.767
289.378 0.809
290.201 0.823
290.952 0.751
291.59 0.638
292.189 0.599
292.741 0.552
293.282 0.541
293.819 0.537
294.412 0.593
295.105 0.693
295.853 0.748
296.635 0.782
297.36 0.725
298.024 0.664
298.622 0.598
299.18 0.558
299.719 0.539
300.276 0.557
300.891 0.615
301.718 0.827
302.534 0.816
303.347 0.813
304.107 0.76
304.922 0.815
305.742 0.82
306.564 0.822
307.323 0.759
308.045 0.722
308.713 0.668
309.38 0.667
310.043 0.663
310.75 0.707
311.511 0.761
312.353 0.842
313.206 0.853
314.027 0.821
314.784 0.757
315.417 0.633
316.028 0.611
316.615 0.587
317.232 0.617
317.875 0.643
318.514 0.639
319.219 0.705
320.052 0.833
320.885 0.833
321.678 0.793
322.477 0.799
323.222 0.745
323.962 0.74
324.687 0.725
325.391 0.704
326.046 0.655
326.774 0.728
327.514 0.74
328.257 0.743
329.003 0.746
329.721 0.718
330.428 0.707
331.143 0.715
331.766 0.623
332.356 0.59
332.942 0.586
333.554 0.612
334.226 0.672
334.912 0.686
335.671 0.759
336.462 0.791
337.411 0.949
338.244 0.833
338.926 0.682
339.536 0.61
340.092 0.556
340.625 0.533
341.14 0.515
341.655 0.515
342.164 0.509
342.686 0.522
343.217 0.531
343.757 0.54
344.313 0.556
344.976 0.663
345.681 0.705
346.34 0.659
346.937 0.597
347.49 0.553
348.013 0.523
348.528 0.515
349.032 0.504
349.519 0.487
350.002 0.483
350.479 0.477
350.875 0.396
351.424 0.549
351.899 0.475
352.369 0.47
352.839 0.47
353.22 0.381
353.834 0.614
354.359 0.525
354.881 0.522
355.435 0.554
356.022 0.587
356.606 0.584
357.234 0.628
357.922 0.688
358.604 0.682
359.282 0.678
359.94 0.658
360.545 0.605
361.169 0.624
361.764 0.595
362.351 0.587
362.949 0.598
363.573 0.624
364.224 0.651
364.939 0.715
365.718 0.779
366.462 0.744
367.108 0.646
367.7 0.592
368.246 0.546
368.799 0.553
369.364 0.565
370.015 0.651
370.725 0.71
371.459 0.734
372.207 0.748
372.913 0.706
373.593 0.68
374.228 0.635
374.862 0.634
375.5 0.638
376.106 0.606
376.659 0.553
377.2 0.541
377.727 0.527
378.255 0.528
378.779 0.524
379.304 0.525
379.812 0.508
380.315 0.503
380.819 0.504
381.312 0.493
381.798 0.486
382.281 0.483
382.76 0.479
383.24 0.48
383.74 0.5
384.289 0.549
384.937 0.648
385.543 0.606
386.119 0.576
386.729 0.61
387.365 0.636
387.998 0.633
388.681 0.683
389.354 0.673
390.019 0.665
390.646 0.627
391.348 0.702
392.097 0.749
392.878 0.781
393.645 0.767
394.357 0.712
395.03 0.673
395.696 0.666
396.414 0.718
397.023 0.609
397.604 0.581
398.157 0.553
398.69 0.533
399.207 0.517
399.713 0.506
400.222 0.509
400.714 0.492
401.207 0.493
401.69 0.483
402.168 0.478
402.464 0.296
403.11 0.646
403.576 0.466
403.855 0.279
404.146 0.291
404.49 0.344
404.942 0.452
405.41 0.468
405.902 0.492
406.447 0.545
407.075 0.628
407.695 0.62
408.286 0.591
408.892 0.606
409.547 0.655
410.176 0.629
410.783 0.607
411.382 0.599
411.954 0.572
412.565 0.611
413.253 0.688
413.947 0.694
414.546 0.599
415.085 0.539
415.598 0.513
416.092 0.494
416.574 0.482
417.05 0.476
417.528 0.478
418.044 0.516
418.721 0.677
419.375 0.654
420.012 0.637
420.659 0.647
421.279 0.62
421.846 0.567
422.385 0.539
422.9 0.515
423.409 0.509
423.916 0.507
424.435 0.519
424.941 0.506
425.444 0.503
425.947 0.503
426.438 0.491
426.931 0.493
427.418 0.487
427.909 0.491
428.413 0.504
428.931 0.518
429.489 0.558
435.992 6.503
436.729 0.737
437.491 0.762
438.146 0.655
438.717 0.571
439.246 0.529
439.752 0.506
440.26 0.508
440.83 0.57
441.758 0.928
442.603 0.845
443.447 0.844
444.311 0.864
445.24 0.929
446.126 0.886
446.94 0.814
447.748 0.808
448.481 0.733
449.107 0.626
449.702 0.595
450.267 0.565
450.84 0.573
451.394 0.554
451.922 0.528
452.445 0.523
452.955 0.51
453.463 0.508
453.986 0.523
454.505 0.519
455.029 0.524
455.547 0.518
456.073 0.526
456.611 0.538
457.16 0.549
457.723 0.563
458.289 0.566
458.835 0.546
459.393 0.558
459.98 0.587
460.638 0.658
461.37 0.732
462.117 0.747
462.873 0.756
463.62 0.747
464.374 0.754
465.139 0.765
465.962 0.823
466.807 0.845
467.714 0.907
468.624 0.91
469.535 0.911
470.468 0.933
471.371 0.903
472.224 0.853
473.02 0.796
473.799 0.779
474.644 0.845
475.51 0.866
476.396 0.886
477.271 0.875
478.107 0.836
478.824 0.717
479.455 0.631
480.041 0.586
480.589 0.548
481.129 0.54
481.677 0.548
482.279 0.602
482.988 0.709
483.83 0.842
484.638 0.808
485.473 0.835
486.302 0.829
487.066 0.764
487.776 0.71
488.383 0.607
488.943 0.56
489.473 0.53
489.978 0.505
490.471 0.493
490.96 0.489
491.483 0.523
492.177 0.694
492.937 0.76
493.737 0.8
494.529 0.792
495.286 0.757
496.005 0.719
496.733 0.728
497.51 0.777
498.287 0.777
499.035 0.748
499.77 0.735
500.522 0.752
501.253 0.731
502.065 0.812
502.948 0.883
503.837 0.889
504.716 0.879
505.556 0.84
506.336 0.78
507.141 0.805
507.987 0.846
508.833 0.846
509.657 0.824
510.436 0.779
511.191 0.755
511.931 0.74
512.634 0.703
513.321 0.687
513.995 0.674
514.755 0.76
515.553 0.798
516.374 0.821
517.195 0.821
517.957 0.762
518.731 0.774
519.502 0.771
520.258 0.756
520.992 0.734
521.713 0.721
522.449 0.736
523.209 0.76
524.028 0.819
524.91 0.882
525.761 0.851
526.581 0.82
527.433 0.852
528.226 0.793
528.963 0.737
529.704 0.741
530.44 0.736
531.189 0.749
531.976 0.787
532.833 0.857
533.676 0.843
534.489 0.813
535.402 0.913
536.333 0.931
537.208 0.875
537.999 0.791
538.807 0.808
539.608 0.801
540.346 0.738
541.052 0.706
541.686 0.634
542.295 0.609
542.898 0.603
543.495 0.597
544.102 0.607
544.694 0.592
545.273 0.579
545.837 0.564
546.402 0.565
546.958 0.556
547.528 0.57
548.124 0.596
548.757 0.633
549.401 0.644
550.057 0.656
550.721 0.664
551.368 0.647
551.976 0.608
552.551 0.575
553.103 0.552
553.655 0.552
554.188 0.533
554.732 0.544
555.289 0.557
555.931 0.642
556.678 0.747
557.425 0.747
558.204 0.779
558.963 0.759
559.74 0.777
560.489 0.749
561.19 0.701
561.883 0.693
562.54 0.657
563.194 0.654
563.871 0.677
564.58 0.709
565.272 0.692
566.008 0.736
566.76 0.752
567.47 0.71
568.133 0.663
568.839 0.706
569.54 0.701
570.243 0.703
570.931 0.688
571.643 0.712
572.369 0.726
573.144 0.775
573.978 0.834
574.764 0.786
575.572 0.808
576.36 0.788
577.214 0.854
578.061 0.847
578.886 0.825
579.739 0.853
580.587 0.848
581.36 0.773
582.182 0.822
583.039 0.857
583.878 0.839
584.737 0.859
585.629 0.892
586.452 0.823
587.227 0.775
587.998 0.771
588.804 0.806
589.56 0.756
590.356 0.796
591.176 0.82
591.986 0.81
592.715 0.729
593.461 0.746
594.209 0.748
594.94 0.731
595.651 0.711
596.401 0.75
597.173 0.772
597.887 0.714
598.635 0.748
599.401 0.766
600.204 0.803
600.918 0.714
601.618 0.7
602.317 0.699
603.01 0.693
603.678 0.668
604.384 0.706
605.167 0.783
605.965 0.798
606.726 0.761
607.501 0.775
608.284 0.783
609.018 0.734
609.769 0.751
610.52 0.751
611.238 0.718
611.945 0.707
612.744 0.799
613.582 0.838
614.483 0.901
615.318 0.835
616.117 0.799
616.872 0.755
617.608 0.736
618.356 0.748
619.197 0.841
619.99 0.793
620.783 0.793
621.573 0.79
622.285 0.712
622.973 0.688
623.625 0.652
624.268 0.643
624.976 0.708
625.683 0.707
626.458 0.775
627.305 0.847
628.134 0.829
628.89 0.756
629.652 0.762
630.385 0.733
631.112 0.727
631.866 0.754
632.713 0.847
633.549 0.836
634.338 0.789
635.16 0.822
636.027 0.867
636.853 0.826
637.598 0.745
638.355 0.757
639.12 0.765
639.85 0.73
640.595 0.745
641.406 0.811
642.185 0.779
642.983 0.798
643.823 0.84
644.688 0.865
645.477 0.789
646.274 0.797
647.057 0.783
647.876 0.819
648.749 0.873
649.625 0.876
650.56 0.935
651.459 0.899
652.256 0.797
653.075 0.819
653.978 0.903
654.886 0.908
655.736 0.85
656.62 0.884
657.469 0.849
658.22 0.751
658.986 0.766
659.754 0.768
660.496 0.742
661.247 0.751
662.084 0.837
662.905 0.821
663.725 0.82
664.578 0.853
665.414 0.836
666.171 0.757
666.934 0.763
667.679 0.745
668.387 0.708
669.098 0.711
669.89 0.792
670.709 0.819
671.505 0.796
672.38 0.875
673.271 0.891
674.083 0.812
674.928 0.845
675.762 0.834
676.502 0.74
677.225 0.723
677.911 0.686
678.592 0.681
679.343 0.751
680.2 0.857
681.064 0.864
681.876 0.812
682.705 0.829
683.532 0.827
684.281 0.749
685.101 0.82
685.871 0.77
686.596 0.725
687.312 0.716
687.955 0.643
688.547 0.592
689.115 0.568
689.662 0.547
690.193 0.531
690.73 0.537
691.285 0.555
691.881 0.596
692.481 0.6
693.054 0.573
693.638 0.584
694.259 0.621
694.912 0.653
695.563 0.651
696.19 0.627
696.84 0.65
697.5 0.66
698.197 0.697
698.907 0.71
699.621 0.714
700.313 0.692
701.0 0.687
701.761 0.761
702.593 0.832
703.415 0.822
704.205 0.79
705.01 0.805
705.834 0.824
706.681 0.847
707.498 0.817
708.332 0.834
709.119 0.787
709.789 0.67
710.413 0.624
711.103 0.69
711.905 0.802
712.786 0.881
713.639 0.853
714.488 0.849
715.316 0.828
716.136 0.82
716.903 0.767
717.617 0.714
718.291 0.674
718.926 0.635
719.531 0.605
720.132 0.601
720.8 0.668
721.479 0.679
722.128 0.649
722.763 0.635
723.36 0.597
723.928 0.568
724.465 0.537
724.988 0.523
725.504 0.516
726.006 0.502
726.501 0.495
726.993 0.492
727.495 0.502
728.033 0.538
728.678 0.645
729.43 0.752
730.155 0.725
730.837 0.682
731.517 0.68
732.116 0.599
732.683 0.567
733.222 0.539
733.749 0.527
734.287 0.538
734.893 0.606
735.645 0.752
736.4 0.755
737.175 0.775
737.973 0.798
738.812 0.839
739.701 0.889
740.571 0.87
741.357 0.786
742.099 0.742
742.862 0.763
743.61 0.748
744.411 0.801
745.216 0.805
746.091 0.875
746.933 0.842
747.659 0.726
748.312 0.653
748.93 0.618
749.534 0.604
750.158 0.624
750.868 0.71
751.785 0.917
752.677 0.892
753.563 0.886
754.386 0.823
755.233 0.847
756.064 0.831
756.864 0.8
757.603 0.739
758.331 0.728
759.079 0.748
759.853 0.774
760.644 0.791
761.443 0.799
762.253 0.81
763.019 0.766
763.749 0.73
764.451 0.702
765.123 0.672
765.79 0.667
766.436 0.646
767.07 0.634
767.689 0.619
768.283 0.594
768.89 0.607
769.476 0.586
770.07 0.594
770.694 0.624
771.364 0.67
772.091 0.727
772.767 0.676
773.386 0.619
773.989 0.603
774.575 0.586
775.167 0.592
775.781 0.614
776.451 0.67
777.155 0.704
777.891 0.736
778.66 0.769
779.381 0.721
780.041 0.66
780.664 0.623
781.251 0.587
781.812 0.561
782.357 0.545
782.922 0.565
783.547 0.625
784.298 0.751
785.16 0.862
785.991 0.831
786.87 0.879
787.772 0.902
788.686 0.914
789.574 0.888
790.444 0.87
791.327 0.883
792.101 0.774
792.935 0.834
793.842 0.907
794.697 0.855
795.599 0.902
796.39 0.791
797.094 0.704
797.736 0.642
798.376 0.64
798.995 0.619
799.659 0.664
800.369 0.71
801.172 0.803
802.09 0.918
802.957 0.867
803.677 0.72
804.304 0.627
804.884 0.58
805.438 0.554
805.973 0.535
806.511 0.538
807.088 0.577
807.871 0.783
808.656 0.785
809.358 0.702
809.991 0.633
810.626 0.635
811.237 0.611
811.841 0.604
812.431 0.59
813.017 0.586
813.641 0.624
814.307 0.666
815.036 0.729
815.856 0.82
816.66 0.804
817.417 0.757
818.157 0.74
818.889 0.732
819.539 0.65
820.163 0.624
820.783 0.62
821.426 0.643
822.246 0.82
823.157 0.911
824.094 0.937
825.064 0.97
826.02 0.956
826.94 0.92
827.806 0.866
828.516 0.71
829.299 0.783
830.108 0.809
830.995 0.887
831.908 0.913
832.751 0.843
833.595 0.844
834.398 0.803
835.204 0.806
835.992 0.788
836.71 0.718
837.38 0.67
838.031 0.651
838.743 0.712
839.39 0.647
839.994 0.604
840.578 0.584
841.136 0.558
841.682 0.546
842.214 0.532
842.736 0.522
843.246 0.51
843.75 0.504
844.251 0.501
844.753 0.502
845.266 0.513
845.798 0.532
846.325 0.527
846.859 0.534
847.373 0.514
847.887 0.514
848.405 0.518
848.94 0.535
849.502 0.562
850.111 0.609
850.817 0.706
851.61 0.793
852.378 0.768
853.192 0.814
854.042 0.85
854.851 0.809
855.644 0.793
856.446 0.802
857.301 0.855
858.093 0.792
858.868 0.775
859.692 0.824
860.565 0.873
861.421 0.856
862.26 0.839
863.036 0.776
863.851 0.815
864.601 0.75
865.246 0.645
865.863 0.617
866.463 0.6
867.069 0.606
867.697 0.628
868.41 0.713
869.196 0.786
869.97 0.774
870.826 0.856
871.632 0.806
872.367 0.735
873.069 0.702
873.742 0.673
874.403 0.661
875.076 0.673
875.764 0.688
876.426 0.662
877.211 0.785
878.104 0.893
879.0 0.896
879.889 0.889
880.765 0.876
881.534 0.769
882.207 0.673
882.828 0.621
883.426 0.598
883.997 0.571
884.579 0.582
885.261 0.682
886.119 0.858
887.033 0.914
887.94 0.907
888.872 0.932
889.857 0.985
890.808 0.951
891.686 0.878
892.479 0.793
893.214 0.735
893.895 0.681
894.602 0.707
895.403 0.801
896.284 0.881
897.117 0.833
897.992 0.875
898.9 0.908
899.748 0.848
900.611 0.863
901.511 0.9
902.378 0.867
903.248 0.87
904.063 0.815
904.797 0.734
905.568 0.771
906.359 0.791
907.124 0.765
907.876 0.752
908.737 0.861
909.525 0.788
910.233 0.708
910.945 0.712
911.731 0.786
912.518 0.787
913.243 0.725
914.065 0.822
914.903 0.838
915.686 0.783
916.46 0.774
917.265 0.805
918.031 0.766
918.74 0.709
919.388 0.648
920.017 0.629
920.687 0.67
921.44 0.753
922.241 0.801
923.075 0.834
923.957 0.882
924.821 0.864
925.732 0.911
926.576 0.844
927.421 0.845
928.243 0.822
928.994 0.751
929.728 0.734
930.642 0.914
931.556 0.914
937.984 6.428
938.935 0.951
939.84 0.905
940.492 0.652
941.103 0.611
941.712 0.609
942.335 0.623
942.958 0.623
943.576 0.618
944.211 0.635
944.839 0.628
945.457 0.618
946.109 0.652
946.801 0.692
947.554 0.753
948.313 0.759
948.988 0.675
949.669 0.681
950.339 0.67
951.005 0.666
951.631 0.626
952.226 0.595
952.823 0.597
953.419 0.596
954.068 0.649
954.85 0.782
955.71 0.86
956.552 0.842
957.453 0.901
958.338 0.885
959.248 0.91
960.142 0.894
961.015 0.873
961.779 0.764
962.593 0.814
963.438 0.845
964.195 0.757
965.013 0.818
965.83 0.817
966.623 0.793
967.433 0.81
968.24 0.807
968.99 0.75
969.77 0.78
970.581 0.811
971.317 0.736
972.069 0.752
972.812 0.743
973.51 0.698
974.161 0.651
974.883 0.722
975.616 0.733
976.325 0.709
976.969 0.644
977.611 0.642
978.244 0.633
978.866 0.622
979.45 0.584
980.026 0.576
980.582 0.556
981.131 0.549
981.661 0.53
982.184 0.523
982.711 0.527
983.259 0.548
983.61 0.351
984.481 0.871
985.1 0.619
985.908 0.808
986.742 0.834
987.445 0.703
988.168 0.723
988.814 0.646
989.425 0.611
990.006 0.581
990.574 0.568
991.172 0.598
991.814 0.642
992.499 0.685
993.158 0.659
993.812 0.654
994.466 0.654
995.119 0.653
995.779 0.66
996.43 0.651
997.047 0.617
997.67 0.623
998.281 0.611
998.879 0.598
999.471 0.592
1000.047 0.576
1000.615 0.568
1001.191 0.576
1001.76 0.569
1002.342 0.582
1002.992 0.65
1003.706 0.714
1004.48 0.774
1005.26 0.78
1006.032 0.772
1006.811 0.779
1007.578 0.767
1008.338 0.76
1009.14 0.802
1009.933 0.793
1010.686 0.753
1011.439 0.753
1012.198 0.759
1012.985 0.787
1013.727 0.742
1014.511 0.784
1015.278 0.767
1016.073 0.795
1016.831 0.758
1017.648 0.817
1018.466 0.818
1019.268 0.802
1020.021 0.753
1020.817 0.796
1021.639 0.822
1022.487 0.848
1023.353 0.866
1024.219 0.866
1025.046 0.827
1025.887 0.841
1026.705 0.818
1027.514 0.809
1028.363 0.849
1029.207 0.844
1029.994 0.787
1030.801 0.807
1031.668 0.867
1032.557 0.889
1033.469 0.912
1034.403 0.934
1035.283 0.88
1036.119 0.836
1036.968 0.849
1037.728 0.76
1038.48 0.752
1039.326 0.846
1040.203 0.877
1041.054 0.851
1041.845 0.791
1042.705 0.86
1043.559 0.854
1044.384 0.825
1045.236 0.852
1046.1 0.864
1046.935 0.835
1047.716 0.781
1048.552 0.836
1049.434 0.882
1050.27 0.836
1051.098 0.828
1051.961 0.863
1052.805 0.844
1053.643 0.838
1054.452 0.809
1055.303 0.851
1056.095 0.792
1056.875 0.78
1057.683 0.808
1058.483 0.8
1059.26 0.777
1060.107 0.847
1061.006 0.899
1061.862 0.856
1062.768 0.906
1063.684 0.916
1064.609 0.925
1065.523 0.914
1066.441 0.918
1067.304 0.863
1068.129 0.825
1068.975 0.846
1069.806 0.831
1070.607 0.801
1071.418 0.811
1072.29 0.872
1073.166 0.876
1073.993 0.827
1074.754 0.761
1075.511 0.757
1076.265 0.754
1077.033 0.768
1077.868 0.835
1078.704 0.836
1079.457 0.753
1080.164 0.707
1080.848 0.684
1081.521 0.673
1082.196 0.675
1082.895 0.699
1083.65 0.755
1084.465 0.815
1085.254 0.789
1086.07 0.816
1086.871 0.801
1087.651 0.78
1088.37 0.719
1089.116 0.746
1089.923 0.807
1090.686 0.763
1091.511 0.825
1092.269 0.758
1092.963 0.694
1093.626 0.663
1094.274 0.648
1094.927 0.653
1095.568 0.641
1096.249 0.681
1096.946 0.697
1097.642 0.696
1098.271 0.629
1098.879 0.608
1099.478 0.599
1100.092 0.614
1100.761 0.669
1101.466 0.705
1102.217 0.751
1103.0 0.783
1103.789 0.789
1104.531 0.742
1105.221 0.69
1105.874 0.653
1106.519 0.645
1107.209 0.69
1107.979 0.77
1108.825 0.846
1109.649 0.824
1110.386 0.737
1111.043 0.657
1111.69 0.647
1112.32 0.63
1112.963 0.643
1113.693 0.73
1114.505 0.812
1115.365 0.86
1116.094 0.729
1116.714 0.62
1117.282 0.568
1117.825 0.543
1118.343 0.518
1118.858 0.515
1119.371 0.513
1119.879 0.508
1120.401 0.522
1120.964 0.563
1121.584 0.62
1122.374 0.79
1123.173 0.799
1123.944 0.771
1124.69 0.746
1125.373 0.683
1125.989 0.616
1126.576 0.587
1127.199 0.623
1127.867 0.668
1128.66 0.793
1129.521 0.861
1130.418 0.897
1131.259 0.841
1132.116 0.857
1132.955 0.839
1133.775 0.82
1134.615 0.84
1135.522 0.907
1136.425 0.903
1137.324 0.899
1138.202 0.878
1138.996 0.794
1139.788 0.792
1140.601 0.813
1141.487 0.886
1142.304 0.817
1143.162 0.858
1143.949 0.787
1144.643 0.694
1145.284 0.641
1145.897 0.613
1146.527 0.63
1147.176 0.649
1147.826 0.65
1148.52 0.694
1149.197 0.677
1149.823 0.626
1150.435 0.612
1151.038 0.603
1151.638 0.6
1152.217 0.579
1152.862 0.645
1153.642 0.78
1154.378 0.736
1155.065 0.687
1155.688 0.623
1156.285 0.597
1156.859 0.574
1157.406 0.547
1157.953 0.547
1158.51 0.557
1159.106 0.596
1159.712 0.606
1160.315 0.603
1160.911 0.596
1161.487 0.576
1162.107 0.62
1162.742 0.635
1163.387 0.645
1164.011 0.624
1164.613 0.602
1165.223 0.61
1165.836 0.613
1166.452 0.616
1167.087 0.635
1167.698 0.611
1168.352 0.654
1168.971 0.619
1169.541 0.57
1170.132 0.591
1170.693 0.561
1171.239 0.546
1171.77 0.531
1172.286 0.516
1172.784 0.498
1173.265 0.481
1173.736 0.471
1174.199 0.463
1174.658 0.459
1175.114 0.456
1175.566 0.452
1176.023 0.457
1176.509 0.486
1177.029 0.52
1177.557 0.528
1178.102 0.545
1178.71 0.608
1179.415 0.705
1180.124 0.709
1180.844 0.72
1181.569 0.725
1182.313 0.744
1183.0 0.687
1183.609 0.609
1184.172 0.563
1184.739 0.567
1185.325 0.586
1185.984 0.659
1186.693 0.709
1187.394 0.701
1188.093 0.699
1188.784 0.691
1189.454 0.67
1190.087 0.633
1190.728 0.641
1191.428 0.7
1192.196 0.768
1193.053 0.857
1193.921 0.868
1194.775 0.854
1195.611 0.836
1196.412 0.801
1197.15 0.738
1197.848 0.698
1198.526 0.678
1199.266 0.74
1200.11 0.844
1200.99 0.88
1201.855 0.865
1202.718 0.863
1203.547 0.829
1204.369 0.822
1205.273 0.904
1206.189 0.916
1207.141 0.952
1208.067 0.926
1208.897 0.83
1209.679 0.782
1210.388 0.709
1211.058 0.67
1211.698 0.64
1212.33 0.632
1212.929 0.599
1213.508 0.579
1214.07 0.562
1214.629 0.559
1215.194 0.565
1215.815 0.621
1216.704 0.889
1217.641 0.937
1218.653 1.012
1219.657 1.004
1220.476 0.819
1221.294 0.818
1222.143 0.849
1223.037 0.894
1223.911 0.874
1224.731 0.82
1225.498 0.767
1226.322 0.824
1227.264 0.942
1228.221 0.957
1229.195 0.974
1230.244 1.049
1231.265 1.021
1232.213 0.948
1233.071 0.858
1233.881 0.81
1234.638 0.757
1235.392 0.754
1236.223 0.831
1237.112 0.889
1238.067 0.955
1239.075 1.008
1240.094 1.019
1241.009 0.915
1241.902 0.893
1242.767 0.865
1243.597 0.83
1244.375 0.778
1251.664 0.685
1252.419 0.755
1253.461 1.042
1254.454 0.993
1255.385 0.931
1256.241 0.856
1257.055 0.814
1257.82 0.765
1258.546 0.726
1259.196 0.65
1259.827 0.631
1260.46 0.633
1261.177 0.717
1262.037 0.86
1262.87 0.833
1263.825 0.955
1264.756 0.931
1265.636 0.88
1266.473 0.837
1267.219 0.746
1267.928 0.709
1268.574 0.646
1269.193 0.619
1269.817 0.624
1270.535 0.718
1271.431 0.896
1272.416 0.985
1273.462 1.046
1274.384 0.922
1275.222 0.838
1275.97 0.748
1276.663 0.693
1277.339 0.676
1278.005 0.666
1278.603 0.598
1279.204 0.601
1279.833 0.629
1280.568 0.735
1281.499 0.931
1282.543 1.044
1283.545 1.002
1284.533 0.988
1285.481 0.948
1286.412 0.931
1287.249 0.837
1288.045 0.796
1288.743 0.698
1289.415 0.672
1290.178 0.763
1291.084 0.906
1291.934 0.85
1292.822 0.888
1293.792 0.97
1294.723 0.931
1295.596 0.873
1296.407 0.811
1297.192 0.785
1297.954 0.762
1298.649 0.695
1299.305 0.656
1300.006 0.701
1300.829 0.823
1301.752 0.923
1302.789 1.037
1303.761 0.972
1304.656 0.895
1305.506 0.85
1306.325 0.819
1307.107 0.782
1307.876 0.769
1308.62 0.744
1309.367 0.747
1310.122 0.755
1310.984 0.862
1311.966 0.982
1312.952 0.986
1313.892 0.94
1314.781 0.889
1315.637 0.856
1316.431 0.794
1317.159 0.728
1317.876 0.717
1318.538 0.662
1319.182 0.644
1319.879 0.697
1320.751 0.872
1321.756 1.005
1322.682 0.926
1323.731 1.049
1324.7 0.969
1325.586 0.886
1326.376 0.79
1327.134 0.758
1327.87 0.736
1328.553 0.683
1329.238 0.685
1329.978 0.74
1330.892 0.914
1331.862 0.97
1332.88 1.018
1333.811 0.931
1334.642 0.831
1335.377 0.735
1336.044 0.667
1336.667 0.623
1337.229 0.562
1337.782 0.553
1338.336 0.554
1338.923 0.587
1339.557 0.634
1340.36 0.803
1341.408 1.048
1342.393 0.985
1343.356 0.963
1344.271 0.915
1345.133 0.862
1345.93 0.797
1346.658 0.728
1347.38 0.722
1348.073 0.693
1348.807 0.734
1349.709 0.902
1350.763 1.054
1351.795 1.032
1352.789 0.994
1353.749 0.96
1354.656 0.907
1355.473 0.817
1356.207 0.734
1356.916 0.709
1357.604 0.688
1358.33 0.726
1359.154 0.824
1360.16 1.006
1361.151 0.991
1362.251 1.1
1363.305 1.054
1364.247 0.942
1365.114 0.867
1365.915 0.801
1366.67 0.755
1367.414 0.744
1368.17 0.756
1369.011 0.841
1370.098 1.087
1371.175 1.077
1372.172 0.997
1373.077 0.905
1373.913 0.836
1374.652 0.739
1375.334 0.682
1375.997 0.663
1376.659 0.662
1377.417 0.758
1378.223 0.806
1379.132 0.909
1380.135 1.003
1381.068 0.933
1382.044 0.976
1382.937 0.893
1383.737 0.8
1384.464 0.727
1385.159 0.695
1385.848 0.689
1386.54 0.692
1387.25 0.71
1387.954 0.704
1388.636 0.682
1389.386 0.75
1390.312 0.926
1391.297 0.985
1392.165 0.868
1393.03 0.865
1393.833 0.803
1394.575 0.742
1395.276 0.701
1395.959 0.683
1396.625 0.666
1397.278 0.653
1397.966 0.688
1398.725 0.759
1399.419 0.694
1400.079 0.66
1400.729 0.65
1401.349 0.62
1401.971 0.622
1402.671 0.7
1403.402 0.731
1404.147 0.745
1404.873 0.726
1405.66 0.787
1406.54 0.88
1407.571 1.031
1408.502 0.931
1409.352 0.85
1410.135 0.783
1410.881 0.746
1411.624 0.743
1412.406 0.782
1413.225 0.819
1414.072 0.847
1414.88 0.808
1415.654 0.774
1416.484 0.83
1417.342 0.858
1418.336 0.994
1419.244 0.908
1420.062 0.818
1420.777 0.715
1421.445 0.668
1422.122 0.677
1422.821 0.699
1423.533 0.712
1424.302 0.769
1425.064 0.762
1425.813 0.749
1426.587 0.774
1427.44 0.853
1428.441 1.001
1429.469 1.028
1430.424 0.955
1431.273 0.849
1432.02 0.747
1432.724 0.704
1433.403 0.679
1434.117 0.714
1434.853 0.736
1435.675 0.822
1436.686 1.011
1437.762 1.076
1438.786 1.024
1439.727 0.941
1440.607 0.88
1441.435 0.828
1442.215 0.78
1442.942 0.727
1443.647 0.705
1444.342 0.695
1445.067 0.725
1445.844 0.777
1446.744 0.9
1447.66 0.916
1448.671 1.011
1449.602 0.931
1450.441 0.839
1451.231 0.79
1451.942 0.711
1452.605 0.663
1453.216 0.611
1453.815 0.599
1454.464 0.649
1455.136 0.672
1455.84 0.704
1456.593 0.753
1457.51 0.917
1458.468 0.958
1459.47 1.002
1460.364 0.894
1461.165 0.801
1461.899 0.734
1462.592 0.693
1463.301 0.709
1464.038 0.737
1464.744 0.706
1465.512 0.768
1466.444 0.932
1467.512 1.068
1468.512 1.0
1469.432 0.92
1470.302 0.87
1471.095 0.793
1471.847 0.752
1472.584 0.737
1473.327 0.743
1474.065 0.738
1474.808 0.743
1475.573 0.765
1476.48 0.907
1477.407 0.927
1478.257 0.85
1479.048 0.791
1479.81 0.762
1480.541 0.731
1481.244 0.703
1481.932 0.688
1482.623 0.691
1483.307 0.684
1484.01 0.703
1484.708 0.698
1485.44 0.732
1486.519 1.079
1487.468 0.949
1488.31 0.842
1489.163 0.853
1489.998 0.835
1490.768 0.77
1491.494 0.726
1492.215 0.721
1492.951 0.736
1493.734 0.783
1494.528 0.794
1495.32 0.792
1496.148 0.828
1497.032 0.884
1497.947 0.915
1498.719 0.772
1499.408 0.689
1500.102 0.694
1500.77 0.668
1501.434 0.664
1502.105 0.671
1502.797 0.692
1503.538 0.741
1504.3 0.762
1505.074 0.774
1505.858 0.784
1506.553 0.695
1507.183 0.63
1507.779 0.596
1508.361 0.582
1508.931 0.57
1509.495 0.564
1510.051 0.556
1510.59 0.539
1511.111 0.521
1511.651 0.54
1512.189 0.538
1512.736 0.547
1513.29 0.554
1513.819 0.529
1514.333 0.514
1514.833 0.5
1515.332 0.499
1515.826 0.494
1516.316 0.49
1516.8 0.484
1517.287 0.487
1517.773 0.486
1518.271 0.498
1518.802 0.531
1519.404 0.602
1520.065 0.661
1520.747 0.682
1521.445 0.698
1522.083 0.638
1522.738 0.655
1523.424 0.686
1524.138 0.714
1524.852 0.714
1525.599 0.747
1526.319 0.72