0.000 0.544
0.544 0.544
1.094 0.55
1.64 0.546
2.205 0.565
2.78 0.575
3.334 0.554
3.904 0.57
9.395 5.491
9.999 0.604
10.608 0.609
11.207 0.599
11.788 0.581
12.349 0.561
12.883 0.534
13.408 0.525
13.92 0.512
14.44 0.52
14.959 0.519
15.5 0.541
16.087 0.587
16.697 0.61
17.302 0.605
17.923 0.621
18.537 0.614
19.163 0.626
19.801 0.638
20.386 0.585
20.938 0.552
21.366 0.428
21.652 0.286
21.93 0.278
22.284 0.354
22.906 0.622
23.54 0.634
24.166 0.626
24.78 0.614
25.386 0.606
25.859 0.473
26.132 0.273
26.389 0.257
26.736 0.347
27.3 0.564
27.994 0.694
28.651 0.657
29.31 0.659
29.956 0.646
30.583 0.627
31.185 0.602
31.504 0.319
31.763 0.259
32.075 0.312
32.846 0.771
33.379 0.533
33.897 0.518
34.409 0.512
34.93 0.521
35.496 0.566
36.14 0.644
36.85 0.71
37.512 0.662
38.283 0.771
39.129 0.846
39.962 0.833
40.774 0.812
41.024 0.25
41.58 0.556
42.369 0.789
43.089 0.72
43.745 0.656
44.381 0.636
44.987 0.606
45.581 0.594
46.181 0.6
46.797 0.616
47.422 0.625
48.063 0.641
48.669 0.606
49.266 0.597
49.864 0.598
50.478 0.614
51.126 0.648
51.775 0.649
52.452 0.677
53.131 0.679
53.788 0.657
54.425 0.637
55.057 0.632
55.686 0.629
56.101 0.415
56.468 0.367
56.94 0.472
57.547 0.607
58.136 0.589
58.721 0.585
59.302 0.581
59.9 0.598
60.531 0.631
61.226 0.695
61.876 0.65
62.515 0.639
63.17 0.655
63.852 0.682
64.528 0.676
65.228 0.7
65.923 0.695
66.619 0.696
67.289 0.67
67.943 0.654
68.566 0.623
69.176 0.61
69.764 0.588
70.348 0.584
70.924 0.576
71.503 0.579
72.091 0.588
72.677 0.586
73.278 0.601
73.909 0.631
74.557 0.648
75.185 0.628
75.815 0.63
76.433 0.618
77.057 0.624
77.684 0.627
78.307 0.623
78.925 0.618
79.545 0.62
80.153 0.608
80.755 0.602
81.345 0.59
81.932 0.587
82.504 0.572
83.084 0.58
83.676 0.592
84.282 0.606
84.89 0.608
85.493 0.603
86.122 0.629
86.773 0.651
87.442 0.669
88.101 0.659
88.759 0.658
89.403 0.644
90.029 0.626
90.643 0.614
91.242 0.599
91.842 0.6
92.433 0.591
93.034 0.601
93.658 0.624
94.296 0.638
94.926 0.63
95.543 0.617
96.158 0.615
96.776 0.618
97.417 0.641
97.881 0.464
98.265 0.384
98.676 0.411
99.328 0.652
99.984 0.656
100.626 0.642
101.249 0.623
101.861 0.612
102.172 0.311
102.469 0.297
103.065 0.596
103.639 0.574
103.946 0.307
104.22 0.274
104.801 0.581
105.055 0.254
105.397 0.342
105.992 0.595
106.577 0.585
107.16 0.583
107.748 0.588
108.356 0.608
108.986 0.63
109.625 0.639
110.266 0.641
110.881 0.615
111.417 0.536
111.725 0.308
112.105 0.38
112.53 0.425
113.344 0.814
113.953 0.609
114.566 0.613
115.19 0.624
115.828 0.638
116.455 0.627
117.099 0.644
117.737 0.638
118.389 0.652
119.048 0.659
119.698 0.65
120.336 0.638
120.955 0.619
121.387 0.432
122.165 0.778
122.764 0.599
123.367 0.603
123.968 0.601
124.567 0.599
125.169 0.602
125.778 0.609
126.399 0.621
127.02 0.621
127.636 0.616
128.261 0.625
128.894 0.633
129.568 0.674
130.237 0.669
130.906 0.669
131.59 0.684
132.293 0.703
132.988 0.695
133.644 0.656
134.286 0.642
134.896 0.61
135.48 0.584
136.056 0.576
136.631 0.575
137.199 0.568
137.783 0.584
138.357 0.574
138.918 0.561
139.473 0.555
140.032 0.559
140.608 0.576
141.028 0.42
141.522 0.494
141.83 0.308
142.503 0.673
143.201 0.698
143.94 0.739
144.696 0.756
145.42 0.724
146.115 0.695
146.774 0.659
147.427 0.653
148.063 0.636
148.702 0.639
149.326 0.624
149.956 0.63
150.592 0.636
151.232 0.64
151.879 0.647
152.518 0.639
153.138 0.62
153.739 0.601
154.23 0.491
154.924 0.694
155.519 0.595
156.13 0.611
156.745 0.615
157.39 0.645
158.058 0.668
158.754 0.696
159.435 0.681
160.113 0.678
160.78 0.667
161.426 0.646
162.044 0.618
162.656 0.612
163.261 0.605
163.865 0.604
164.477 0.612
165.102 0.625
165.74 0.638
166.39 0.65
167.026 0.636
167.661 0.635
168.289 0.628
168.92 0.631
169.534 0.614
170.143 0.609
170.738 0.595
171.316 0.578
171.894 0.578
172.466 0.572
173.036 0.57
173.614 0.578
174.197 0.583
174.791 0.594
175.402 0.611
176.027 0.625
176.659 0.632
177.298 0.639
177.939 0.641
178.571 0.632
179.192 0.621
179.784 0.592
180.36 0.576
180.92 0.56
181.464 0.544
181.998 0.534
182.523 0.525
183.044 0.521
183.569 0.525
184.099 0.53
184.621 0.522
185.161 0.54
185.762 0.601
186.455 0.693
187.18 0.725
187.908 0.728
188.617 0.709
189.28 0.663
189.883 0.603
190.492 0.609
191.084 0.592
191.684 0.6
192.295 0.611
192.917 0.622
193.546 0.629
194.164 0.618
194.769 0.605
195.366 0.597
195.964 0.598
196.576 0.612
197.193 0.617
197.807 0.614
198.418 0.611
199.03 0.612
199.647 0.617
200.274 0.627
200.892 0.618
201.509 0.617
202.116 0.607
202.71 0.594
203.295 0.585
203.867 0.572
204.435 0.568
205.0 0.565
205.574 0.574
206.181 0.607
206.779 0.598
207.372 0.593
207.965 0.593
208.565 0.6
209.167 0.602
209.793 0.626
210.416 0.623
211.023 0.607
211.652 0.629
212.302 0.65
212.947 0.645
213.578 0.631
214.206 0.628
214.828 0.622
215.448 0.62
216.063 0.615
216.671 0.608
217.258 0.587
217.845 0.587
218.423 0.578
218.996 0.573
219.569 0.573
220.132 0.563
220.681 0.549
221.231 0.55
221.824 0.593
222.471 0.647
223.127 0.656
223.788 0.661
224.447 0.659
225.096 0.649
225.728 0.632
226.351 0.623
226.7 0.349
226.965 0.265
227.575 0.61
228.172 0.597
228.758 0.586
229.338 0.58
229.764 0.426
230.491 0.727
231.073 0.582
231.637 0.564
232.199 0.562
232.754 0.555
233.296 0.542
233.836 0.54
234.376 0.54
234.946 0.57
235.555 0.609
236.232 0.677
236.939 0.707
237.64 0.701
238.333 0.693
238.612 0.279
239.024 0.412
239.708 0.684
240.361 0.653
241.011 0.65
241.66 0.649
242.316 0.656
242.949 0.633
243.603 0.654
244.248 0.645
244.913 0.665
245.604 0.691
246.299 0.695
247.001 0.702
247.677 0.676
248.332 0.655
248.961 0.629
249.568 0.607
250.137 0.569
250.707 0.57
251.261 0.554
251.803 0.542
252.357 0.554
252.965 0.608
253.625 0.66
254.34 0.715
255.086 0.746
255.844 0.758
256.595 0.751
257.28 0.685
257.944 0.664
258.598 0.654
259.243 0.645
259.883 0.64
260.529 0.646
261.191 0.662
261.821 0.63
262.441 0.62
262.7 0.259
263.053 0.353
263.667 0.614
264.272 0.605
264.882 0.61
265.489 0.607
266.095 0.606
266.693 0.598
267.281 0.588
267.874 0.593
268.458 0.584
269.046 0.588
269.64 0.594
270.239 0.599
270.844 0.605
271.451 0.607
272.047 0.596
272.644 0.597
273.238 0.594
273.828 0.59
274.417 0.589
275.018 0.601
275.634 0.616
276.264 0.63
276.896 0.632
277.525 0.629
278.14 0.615
278.761 0.621
279.38 0.619
279.992 0.612
280.595 0.603
281.2 0.605
281.814 0.614
282.451 0.637
283.114 0.663
283.766 0.652
284.429 0.663
285.092 0.663
285.76 0.668
286.417 0.657
287.062 0.645
287.675 0.613
288.275 0.6
288.865 0.59
289.449 0.584
290.042 0.593
290.661 0.619
291.307 0.646
292.004 0.697
292.736 0.732
293.462 0.726
294.183 0.721
294.902 0.719
295.613 0.711
296.29 0.677
296.943 0.653
297.57 0.627
298.179 0.609
298.771 0.592
299.349 0.578
299.907 0.558
300.45 0.543
300.982 0.532
301.505 0.523
302.025 0.52
302.538 0.513
303.043 0.505
303.559 0.516
304.074 0.515
304.605 0.531
305.207 0.602
305.945 0.738
306.697 0.752
307.496 0.799
308.281 0.785
309.066 0.785
309.812 0.746
310.562 0.75
311.307 0.745
312.04 0.733
312.741 0.701
313.416 0.675
314.083 0.667
314.74 0.657
315.363 0.623
315.979 0.616
316.58 0.601
317.182 0.602
317.79 0.608
318.409 0.619
319.041 0.632
319.692 0.651
320.355 0.663
321.022 0.667
321.658 0.636
322.293 0.635
322.925 0.632
323.557 0.632
324.192 0.635
324.832 0.64
325.475 0.643
326.116 0.641
326.74 0.624
327.353 0.613
327.957 0.604
328.557 0.6
329.136 0.579
329.7 0.564
330.256 0.556
330.806 0.55
331.352 0.546
331.9 0.548
332.456 0.556
333.035 0.579
333.653 0.618
334.308 0.655
334.988 0.68
335.727 0.739
336.487 0.76
337.252 0.765
338.007 0.755
338.727 0.72
339.406 0.679
340.077 0.671
340.726 0.649
341.354 0.628
341.987 0.633
342.624 0.637
343.275 0.651
343.947 0.672
344.656 0.709
345.379 0.723
346.115 0.736
346.844 0.729
347.53 0.686
348.192 0.662
348.841 0.649
349.488 0.647
350.135 0.647
350.794 0.659
351.453 0.659
352.098 0.645
352.763 0.665
353.446 0.683
354.152 0.706
354.836 0.684
355.533 0.697
356.222 0.689
356.784 0.562
357.543 0.759
358.189 0.646
358.83 0.641
359.468 0.638
359.741 0.273
360.094 0.353
360.72 0.626
361.344 0.624
361.962 0.618
362.576 0.614
363.198 0.622
363.826 0.628
364.457 0.631
365.079 0.622
365.724 0.645
366.372 0.648
367.043 0.671
367.731 0.688
368.408 0.677
369.076 0.668
369.741 0.665
370.388 0.647
371.014 0.626
371.615 0.601
372.211 0.596
372.803 0.592
373.397 0.594
374.015 0.618
374.648 0.633
375.281 0.633
375.936 0.655
376.596 0.66
377.259 0.663
377.908 0.649
378.536 0.628
379.163 0.627
379.788 0.625
380.419 0.631
381.037 0.618
381.649 0.612
382.253 0.604
382.846 0.593
383.453 0.607
384.084 0.631
384.757 0.673
385.454 0.697
386.165 0.711
386.858 0.693
387.536 0.678
388.22 0.684
388.876 0.656
389.51 0.634
390.125 0.615
390.753 0.628
391.369 0.616
391.978 0.609
392.58 0.602
393.177 0.597
393.779 0.602
394.374 0.595
394.996 0.622
395.637 0.641
396.309 0.672
396.974 0.665
397.603 0.629
398.215 0.612
398.831 0.616
399.438 0.607
400.044 0.606
400.638 0.594
401.217 0.579
401.803 0.586
402.404 0.601
403.01 0.606
403.622 0.612
404.241 0.619
404.875 0.634
405.522 0.647
406.161 0.639
406.784 0.623
407.392 0.608
407.974 0.582
408.555 0.581
409.123 0.568
409.687 0.564
410.26 0.573
410.855 0.595
411.434 0.579
412.041 0.607
412.659 0.618
413.274 0.615
413.895 0.621
414.531 0.636
415.174 0.643
415.832 0.658
416.469 0.637
417.099 0.63
417.707 0.608
418.298 0.591
418.874 0.576
419.434 0.56
419.985 0.551
420.535 0.55
421.082 0.547
421.633 0.551
422.19 0.557
422.752 0.562
423.33 0.578
423.941 0.611
424.575 0.634
425.223 0.648
425.917 0.694
426.643 0.726
427.384 0.741
428.127 0.743
428.87 0.743
429.546 0.676
430.205 0.659
430.822 0.617
431.423 0.601
432.014 0.591
432.597 0.583
433.192 0.595
433.796 0.604
434.422 0.626
435.089 0.667
435.785 0.696
436.478 0.693
437.145 0.667
437.794 0.649
438.425 0.631
439.035 0.61
439.639 0.604
440.222 0.583
440.798 0.576
441.361 0.563
441.927 0.566
442.482 0.555
443.021 0.539
443.568 0.547
444.124 0.556
444.67 0.546
445.217 0.547
445.773 0.556
446.329 0.556
446.923 0.594
447.542 0.619
448.204 0.662
448.859 0.655
449.489 0.63
450.053 0.564
450.639 0.586
451.197 0.558
451.757 0.56
452.328 0.571
452.93 0.602
453.53 0.6
454.108 0.578
454.685 0.577
455.258 0.573
455.845 0.587
456.458 0.613
457.076 0.618
457.663 0.587
458.25 0.587
458.824 0.574
459.402 0.578
459.981 0.579
460.564 0.583
461.153 0.589
461.745 0.592
462.313 0.568
462.869 0.556
463.429 0.56
463.99 0.561
464.549 0.559
465.116 0.567
465.707 0.591
466.305 0.598
466.916 0.611
467.5 0.584
468.072 0.572
468.634 0.562
469.196 0.562
469.766 0.57
470.36 0.594
470.968 0.608
471.563 0.595
472.149 0.586
472.725 0.576
473.311 0.586
473.896 0.585
474.495 0.599
475.109 0.614
475.741 0.632
476.346 0.605
476.939 0.593
477.506 0.567
478.082 0.576
478.657 0.575
479.251 0.594
479.853 0.602
480.437 0.584
481.021 0.584
481.597 0.576
482.181 0.584
482.764 0.583
483.353 0.589
483.938 0.585
484.538 0.6
485.138 0.6
485.756 0.618
486.359 0.603
486.968 0.609
487.568 0.6
488.174 0.606
488.784 0.61
489.404 0.62
490.002 0.598
490.591 0.589
491.18 0.589
491.771 0.591
492.37 0.599
492.974 0.604
493.566 0.592
494.164 0.598
494.739 0.575
495.302 0.563
495.855 0.553
496.407 0.552
496.965 0.558
497.542 0.577
498.176 0.634
498.846 0.67
499.529 0.683
500.205 0.676
500.87 0.665
501.299 0.429
502.058 0.759
502.626 0.568
503.192 0.566
503.766 0.574
504.356 0.59
504.958 0.602
505.585 0.627
506.206 0.621
506.837 0.631
507.456 0.619
508.054 0.598
508.566 0.512
509.184 0.618
509.739 0.555
510.297 0.558
510.81 0.513
511.459 0.649
512.099 0.64
512.762 0.663
513.435 0.673
514.058 0.623
514.661 0.603
515.248 0.587
515.844 0.596
516.437 0.593
517.059 0.622
517.681 0.622
518.311 0.63
518.935 0.624
519.553 0.618
520.168 0.615
520.762 0.594
521.339 0.577
521.894 0.555
522.445 0.551
522.984 0.539
523.521 0.537
524.055 0.534
524.583 0.528
525.11 0.527
525.645 0.535
526.18 0.535
526.737 0.557
527.325 0.588
527.972 0.647
528.65 0.678
529.342 0.692
530.011 0.669
530.663 0.652
531.256 0.593
531.822 0.566
532.388 0.566
532.937 0.549
533.479 0.542
534.027 0.548
534.594 0.567
535.171 0.577
535.772 0.601
536.385 0.613
536.995 0.61
537.575 0.58
538.151 0.576
538.726 0.575
539.327 0.601
539.932 0.605
540.579 0.647
541.214 0.635
541.847 0.633
542.448 0.601
543.031 0.583
543.602 0.571
544.165 0.563
544.716 0.551
545.261 0.545
545.814 0.553
546.382 0.568
546.974 0.592
547.576 0.602
553.989 0.593
554.578 0.589
555.155 0.577
555.729 0.574
556.316 0.587
556.913 0.597
557.471 0.558
558.03 0.559
558.587 0.557
559.147 0.56
559.72 0.573
560.305 0.585
560.915 0.61
561.533 0.618
562.153 0.62
562.745 0.592
563.315 0.57
563.87 0.555
564.422 0.552
564.975 0.553
565.536 0.561
566.116 0.58
566.717 0.601
567.332 0.615
567.969 0.637
568.615 0.646
569.226 0.611
569.825 0.599
570.408 0.583
570.989 0.581
571.567 0.578
572.152 0.585
572.747 0.595
573.36 0.613
573.948 0.588
574.514 0.566
575.064 0.55
575.612 0.548
576.159 0.547
576.713 0.554
577.307 0.594
577.945 0.638
578.615 0.67
579.255 0.64
579.863 0.608
580.451 0.588
581.038 0.587
581.631 0.593
582.245 0.614
582.859 0.614
583.469 0.61
584.07 0.601
584.654 0.584
585.209 0.555
585.754 0.545
586.291 0.537
586.823 0.532
587.351 0.528
587.89 0.539
588.457 0.567
589.062 0.605
589.726 0.664
590.414 0.688
591.097 0.683
591.727 0.63
592.342 0.615
592.939 0.597
593.547 0.608
594.162 0.615
594.79 0.628
595.416 0.626
596.01 0.594
596.568 0.558
597.142 0.574
597.693 0.551
598.247 0.554
598.802 0.555
599.371 0.569
599.926 0.555
600.469 0.543
601.006 0.537
601.541 0.535
602.077 0.536
602.617 0.54
603.177 0.56
603.766 0.589
604.375 0.609
604.99 0.615
605.605 0.615
606.19 0.585
606.756 0.566
607.331 0.575
607.893 0.562
608.451 0.558
609.003 0.552
609.552 0.549
610.103 0.551
610.653 0.55
611.192 0.539
611.731 0.539
612.279 0.548
612.83 0.551
613.39 0.56
613.95 0.56
614.496 0.546
615.044 0.548
615.591 0.547
616.145 0.554
616.709 0.564
617.291 0.582
617.873 0.582
618.435 0.562
618.987 0.552
619.528 0.541
620.072 0.544
620.612 0.54
621.157 0.545
621.713 0.556
622.282 0.569
622.851 0.569
623.408 0.557
623.954 0.546
624.505 0.551
625.061 0.556
625.624 0.563
626.206 0.582
626.805 0.599
627.412 0.607
628.005 0.593
628.565 0.56
629.115 0.55
629.651 0.536
630.187 0.536
630.716 0.529
631.254 0.538
631.812 0.558
632.384 0.572
632.965 0.581
633.544 0.579
634.114 0.57
634.663 0.549
635.2 0.537
635.75 0.55
636.297 0.547
636.854 0.557
637.434 0.58
638.027 0.593
638.622 0.595
639.203 0.581
639.766 0.563
640.313 0.547
640.843 0.53
641.374 0.531
641.897 0.523
642.417 0.52
642.941 0.524
643.481 0.54
644.048 0.567
644.65 0.602
645.267 0.617
645.888 0.621
646.468 0.58
647.042 0.574
647.606 0.564
648.178 0.572
648.748 0.57
649.337 0.589
649.937 0.6
650.541 0.604
651.123 0.582
651.679 0.556
652.241 0.562
652.792 0.551
653.346 0.554
653.909 0.563
654.486 0.577
655.069 0.583
655.652 0.583
656.228 0.576
656.786 0.558
657.338 0.552
657.894 0.556
658.469 0.575
659.065 0.596
659.693 0.628
660.303 0.61
660.904 0.601
661.49 0.586
662.077 0.587
662.66 0.583
663.244 0.584
663.831 0.587
664.434 0.603
665.034 0.6
665.633 0.599
666.239 0.606
666.839 0.6
667.434 0.595
668.023 0.589
668.595 0.572
669.165 0.57
669.733 0.568
670.29 0.557
670.849 0.559
671.41 0.561
671.966 0.556
672.533 0.567
673.113 0.58
673.7 0.587
674.277 0.577
674.861 0.584
675.442 0.581
676.019 0.577
676.577 0.558
677.124 0.547
677.578 0.454
677.898 0.32
678.178 0.28
678.703 0.525
679.227 0.524
679.758 0.531
680.322 0.564
680.712 0.39
680.976 0.264
681.706 0.73
682.475 0.769
683.232 0.757
683.98 0.748
684.691 0.711
685.371 0.68
686.053 0.682
686.714 0.661
687.376 0.662
688.017 0.641
688.631 0.614
689.245 0.614
689.848 0.603
690.454 0.606
691.066 0.612
691.678 0.612
692.3 0.622
692.905 0.605
693.521 0.616
694.122 0.601
694.716 0.594
695.308 0.592
695.894 0.586
696.467 0.573
697.046 0.579
697.62 0.574
698.205 0.585
698.805 0.6
699.405 0.6
700.01 0.605
700.634 0.624
701.279 0.645
701.936 0.657
702.572 0.636
703.189 0.617
703.479 0.29
703.802 0.323
704.388 0.586
704.959 0.571
705.524 0.565
706.083 0.559
706.648 0.565
707.237 0.589
707.865 0.628
708.531 0.666
709.182 0.651
709.846 0.664
710.524 0.678
711.266 0.742
712.004 0.738
712.718 0.714
713.367 0.649
713.993 0.626
714.592 0.599
715.179 0.587
715.767 0.588
716.371 0.604
716.979 0.608
717.561 0.582
718.127 0.566
718.683 0.556
719.233 0.55
719.78 0.547
720.339 0.559
720.939 0.6
721.598 0.659
722.289 0.691
722.954 0.665
723.585 0.631
724.193 0.608
724.809 0.616
725.411 0.602
726.032 0.621
726.664 0.632
727.318 0.654
727.974 0.656
728.605 0.631
729.213 0.608
729.796 0.583
730.37 0.574
730.93 0.56
731.487 0.557
732.054 0.567
732.647 0.593
733.265 0.618
733.879 0.614
734.328 0.449
735.026 0.698
735.59 0.564
736.156 0.566
736.728 0.572
737.314 0.586
737.923 0.609
738.531 0.608
739.139 0.608
739.719 0.58
740.298 0.579
740.862 0.564
741.436 0.574
742.009 0.573
742.595 0.586
743.164 0.569
743.717 0.553
744.258 0.541
744.796 0.538
745.327 0.531
745.851 0.524
746.394 0.543
746.948 0.554
747.542 0.594
748.122 0.58
748.711 0.589
749.271 0.56
749.824 0.553
750.37 0.546
750.93 0.56
751.499 0.569
752.094 0.595
752.71 0.616
753.314 0.604
753.831 0.517
754.453 0.622
754.984 0.531
755.515 0.531
756.038 0.523
756.553 0.515
757.076 0.523
757.595 0.519
758.126 0.531
758.618 0.492
759.198 0.58
759.716 0.518
760.233 0.517
760.754 0.521
761.274 0.52
761.826 0.552
762.4 0.574
763.003 0.603
763.616 0.613
764.21 0.594
764.791 0.581
765.353 0.562
765.907 0.554
766.462 0.555
767.033 0.571
767.588 0.555
768.145 0.557
768.693 0.548
769.251 0.558
769.802 0.551
770.362 0.56
770.914 0.552
771.456 0.542
771.994 0.538
772.53 0.536
773.065 0.535
773.604 0.539
774.168 0.564
774.743 0.575
775.344 0.601
775.946 0.602
776.543 0.597
777.107 0.564
777.67 0.563
778.227 0.557
778.79 0.563
779.356 0.566
779.936 0.58
780.509 0.573
781.071 0.562
781.622 0.551
782.169 0.547
782.709 0.54
783.242 0.533
783.783 0.541
784.326 0.543
784.851 0.525
785.375 0.524
785.903 0.528
786.441 0.538
786.976 0.535
787.526 0.55
788.07 0.544
788.628 0.558
789.196 0.568
789.797 0.601
790.402 0.605
791.041 0.639
791.637 0.596
792.207 0.57
792.76 0.553
793.314 0.554
793.858 0.544
794.409 0.551
794.96 0.551
795.52 0.56
796.082 0.562
796.629 0.547
797.187 0.558
797.731 0.544
798.28 0.549
798.827 0.547
799.403 0.576
799.997 0.594
800.629 0.632
801.258 0.629
801.872 0.614
802.439 0.567
803.006 0.567
803.561 0.555
804.126 0.565
804.689 0.563
805.257 0.568
805.826 0.569
806.4 0.574
806.976 0.576
807.561 0.585
808.158 0.597
808.728 0.57
809.305 0.577
809.879 0.574
810.46 0.581
811.03 0.57
811.608 0.578
812.181 0.573
812.769 0.588
813.366 0.597
814.016 0.65
814.672 0.656
815.321 0.649
815.941 0.62
816.553 0.612
817.156 0.603
817.764 0.608
818.358 0.594
818.939 0.581
819.5 0.561
820.068 0.568
820.623 0.555
821.194 0.571
821.788 0.594
822.422 0.634
823.062 0.64
823.72 0.658
824.361 0.641
824.986 0.625
825.594 0.608
826.211 0.617
826.819 0.608
827.439 0.62
828.045 0.606
828.644 0.599
829.229 0.585
829.823 0.594
830.414 0.591
831.028 0.614
831.617 0.589
832.214 0.597
832.805 0.591
833.408 0.603
834.022 0.614
834.634 0.612
835.258 0.624
835.888 0.63
836.531 0.643
837.193 0.662
837.819 0.626
838.444 0.625
839.048 0.604
839.655 0.607
840.25 0.595
840.854 0.604
841.441 0.587
842.031 0.59
842.601 0.57
843.183 0.582
843.767 0.584
844.379 0.612
845.067 0.688
845.755 0.688
846.444 0.689
847.102 0.658
847.762 0.66
848.385 0.623
848.969 0.584
849.539 0.57
850.108 0.569
850.664 0.556
851.221 0.557
851.772 0.551
852.328 0.556
852.875 0.547
853.446 0.571
854.077 0.631
854.79 0.713
855.482 0.692
856.177 0.695
856.857 0.68
857.541 0.684
858.178 0.637
858.818 0.64
859.443 0.625
860.076 0.633
860.704 0.628
861.295 0.591
861.791 0.496
862.428 0.637
862.978 0.55
863.526 0.548
864.074 0.548
864.649 0.575
865.243 0.594
865.892 0.649
866.527 0.635
867.163 0.636
867.495 0.332
867.76 0.265
868.112 0.352
868.92 0.808
869.492 0.572
870.064 0.572
870.652 0.588
871.255 0.603
871.887 0.632
872.514 0.627
873.14 0.626
873.739 0.599
874.327 0.588
874.909 0.582
875.49 0.581
876.074 0.584
876.679 0.605
877.306 0.627
877.968 0.662
878.619 0.651
879.245 0.626
879.866 0.621
880.484 0.618
881.1 0.616
881.72 0.62
882.34 0.62
882.967 0.627
883.568 0.601
884.156 0.588
884.74 0.584
885.315 0.575
885.894 0.579
886.487 0.593
887.097 0.61
887.731 0.634
888.358 0.627
888.976 0.618
889.602 0.626
890.225 0.623
890.849 0.624
891.41 0.561
891.835 0.425
892.661 0.826
893.263 0.602
893.853 0.59
894.459 0.606
895.086 0.627
895.714 0.628
896.347 0.633
896.999 0.652
897.643 0.644
898.308 0.665
898.741 0.433
899.562 0.821
900.172 0.61
900.78 0.608
901.379 0.599
901.998 0.619
902.622 0.624
903.225 0.603
903.811 0.586
904.395 0.584
904.976 0.581
905.584 0.608
906.207 0.623
906.863 0.656
907.521 0.658
908.173 0.652
908.793 0.62
909.41 0.617
910.003 0.593
910.59 0.587
911.172 0.582
911.768 0.596
912.363 0.595
912.965 0.602
913.563 0.598
914.171 0.608
914.787 0.616
915.409 0.622
916.048 0.639
916.688 0.64
917.321 0.633
917.946 0.625
918.567 0.621
919.187 0.62
919.798 0.611
920.391 0.593
920.69 0.299
920.977 0.287
921.558 0.581
922.142 0.584
922.744 0.602
923.37 0.626
924.055 0.685
924.777 0.722
925.487 0.71
926.206 0.719
926.89 0.684
927.574 0.684
928.191 0.617
928.719 0.528
929.352 0.633
929.914 0.562
930.467 0.553
931.041 0.574
931.639 0.598
932.225 0.586
932.921 0.696
933.568 0.647
934.221 0.653
934.908 0.687
935.619 0.711
936.309 0.69
936.994 0.685
937.653 0.659
938.055 0.402
938.411 0.356
938.904 0.493
939.285 0.381
940.091 0.806
940.673 0.582
941.232 0.559
941.78 0.548
942.339 0.559
942.88 0.541
943.425 0.545
943.97 0.545
944.519 0.549
944.864 0.345
945.134 0.27
945.521 0.387
945.943 0.422
946.226 0.283
946.711 0.485
947.132 0.421
947.841 0.709
948.416 0.575
949.0 0.584
949.591 0.591
950.187 0.596
950.522 0.335
950.784 0.262
951.37 0.586
951.949 0.579
952.51 0.561
953.068 0.558
953.615 0.547
954.157 0.542
954.682 0.525
955.202 0.52
955.485 0.283
955.737 0.252
956.26 0.523
956.774 0.514
957.234 0.46
957.794 0.56
958.277 0.483
958.779 0.502
959.05 0.271
959.354 0.304
959.644 0.29
959.901 0.257
960.307 0.406
960.573 0.266
961.023 0.45
961.322 0.299
962.256 0.934
962.774 0.518
963.313 0.539
963.909 0.596
964.546 0.637
965.205 0.659
965.854 0.649
966.118 0.264
966.504 0.386
967.054 0.55
967.436 0.382
967.788 0.352
968.059 0.271
968.417 0.358
969.035 0.618
969.638 0.603
970.221 0.583
970.532 0.311
970.8 0.268
971.365 0.565
971.653 0.288
971.929 0.276
972.49 0.561
973.053 0.563
973.631 0.578
974.227 0.596
974.841 0.614
975.465 0.624
976.107 0.642
976.774 0.667
977.369 0.595
977.644 0.275
978.016 0.372
978.291 0.275
978.702 0.411
979.084 0.382
979.351 0.267
979.96 0.609
980.257 0.297
980.54 0.283
980.856 0.316
981.202 0.346
981.632 0.43
982.039 0.407
982.357 0.318
983.015 0.658
983.46 0.445
984.209 0.749
984.815 0.606
986.075 1.26
986.756 0.681
987.453 0.697
987.845 0.392
988.146 0.301
988.835 0.689
989.484 0.649
990.127 0.643
990.752 0.625
991.386 0.634
991.747 0.361
992.034 0.287
992.537 0.503
993.367 0.83
993.849 0.482
994.637 0.788
995.256 0.619
995.616 0.36
995.889 0.273
996.556 0.667
997.279 0.723
998.037 0.758
998.814 0.777
999.578 0.764
1000.124 0.546
1000.906 0.782
1001.619 0.713
1002.236 0.617
1002.842 0.606
1003.391 0.549
1003.752 0.361
1004.081 0.329
1004.432 0.351
1004.762 0.33
1005.289 0.527
1006.229 0.94
1006.966 0.737
1007.703 0.737
1008.421 0.718
1009.093 0.672
1009.728 0.635
1010.333 0.605
1010.927 0.594
1011.52 0.593
1011.86 0.34
1012.121 0.261
1012.775 0.654
1013.499 0.724
1014.213 0.714
1014.886 0.673
1015.512 0.626
1016.139 0.627
1016.765 0.626
1017.374 0.609
1017.978 0.604
1018.58 0.602
1019.191 0.611
1019.816 0.625
1020.466 0.65
1021.148 0.682
1021.796 0.648
1022.421 0.625
1023.038 0.617
1023.647 0.609
1024.26 0.613
1024.881 0.621
1025.526 0.645
1026.184 0.658
1026.855 0.671
1027.527 0.672
1028.197 0.67
1029.022 0.825
1029.466 0.444
1029.813 0.347
1030.068 0.255
1030.667 0.599
1031.266 0.599
1031.754 0.488
1032.497 0.743
1033.444 0.947
1034.048 0.604
1034.827 0.779
1035.605 0.778
1036.366 0.761
1037.113 0.747
1037.839 0.726
1038.526 0.687
1039.05 0.524
1039.779 0.729
1040.37 0.591
1040.901 0.531
1041.207 0.306
1041.465 0.258
1042.12 0.655
1042.755 0.635
1043.477 0.722
1044.239 0.762
1044.944 0.705
1045.61 0.666
1046.241 0.631
1046.504 0.263
1046.863 0.359
1047.184 0.321
1047.478 0.294
1048.116 0.638
1048.753 0.637
1049.393 0.64
1050.021 0.628
1050.624 0.603
1051.225 0.601
1051.816 0.591
1052.406 0.59
1053.013 0.607
1053.629 0.616
1054.26 0.631
1054.892 0.632
1055.519 0.627
1056.123 0.604
1056.706 0.583
1057.092 0.386
1057.715 0.623
1058.446 0.731
1058.915 0.469
1059.218 0.303
1059.526 0.308
1059.924 0.398
1060.189 0.265
1060.765 0.576
1061.38 0.615
1061.664 0.284
1062.022 0.358
1062.645 0.623
1063.292 0.647
1063.602 0.31
1064.056 0.454
1064.691 0.635
1065.311 0.62
1065.924 0.613
1066.411 0.487
1067.132 0.721
1067.669 0.537
1068.326 0.657
1068.914 0.588
1069.503 0.589
1070.082 0.579
1070.666 0.584
1071.122 0.456
1071.535 0.413
1071.827 0.292
1072.193 0.366
1072.626 0.433
1072.967 0.341
1073.528 0.561
1073.937 0.409
1074.65 0.713
1074.939 0.289
1075.221 0.282
1075.804 0.583
1076.413 0.609
1076.934 0.521
1077.579 0.645
1078.313 0.734
1078.913 0.6
1079.505 0.592
1080.1 0.595
1080.392 0.292
1080.693 0.301
1081.291 0.598
1081.883 0.592
1082.454 0.571
1083.015 0.561
1084.101 1.086
1084.48 0.379
1084.861 0.381
1085.275 0.414
1085.836 0.561
1086.404 0.568
1086.981 0.577
1087.304 0.323
1087.582 0.278
1088.225 0.643
1088.937 0.712
1089.689 0.752
1090.168 0.479
1090.44 0.272
1090.695 0.255
1091.091 0.396
1091.442 0.351
1091.833 0.391
1092.481 0.648
1092.843 0.362
1093.115 0.272
1093.747 0.632
1094.388 0.641
1095.047 0.659
1095.712 0.665
1096.375 0.663
1097.032 0.657
1097.283 0.251
1097.66 0.377
1098.137 0.477
1098.873 0.736
1099.177 0.304
1099.456 0.279
1099.772 0.316
1100.036 0.264
1100.637 0.601
1101.294 0.657
1102.012 0.718
1102.75 0.738
1103.48 0.73
1104.198 0.718
1104.902 0.704
1105.47 0.568
1106.019 0.549
1106.865 0.846
1107.464 0.599
1108.059 0.595
1108.649 0.59
1109.113 0.464
1109.706 0.593
1110.47 0.764
1110.73 0.26
1111.075 0.345
1111.425 0.35
1112.064 0.639
1112.388 0.324
1112.794 0.406
1113.142 0.348
1113.402 0.26
1113.747 0.345
1114.016 0.269
1114.325 0.309
1114.665 0.34
1115.036 0.371
1115.346 0.31
1116.071 0.725
1116.627 0.556
1116.899 0.272
1117.21 0.311
1117.494 0.284
1117.816 0.322
1118.113 0.297
1118.611 0.498
1119.063 0.452
1119.318 0.255
1119.632 0.314
1120.168 0.536
1120.715 0.547
1121.275 0.56
1121.842 0.567
1122.405 0.563
1122.895 0.49
1123.53 0.635
1124.096 0.566
1124.394 0.298
1124.655 0.261
1125.214 0.559
1125.511 0.297
1125.774 0.263
1126.275 0.501
1126.547 0.272
1126.81 0.263
1127.06 0.25
1127.429 0.369
1127.888 0.459
1128.581 0.693
1128.832 0.251
1130.211 1.379
1130.815 0.604
1131.441 0.626
1132.097 0.656
1132.348 0.251
1132.724 0.376
1133.082 0.358
1133.337 0.255
1133.597 0.26
1133.855 0.258
1134.131 0.276
1134.511 0.38
1135.094 0.583
1135.671 0.577
1136.242 0.571
1136.805 0.563
1137.357 0.552
1137.638 0.281
1138.026 0.388
1138.277 0.251
1138.646 0.369
1138.985 0.339
1139.451 0.466
1139.955 0.504
1140.452 0.497
1140.949 0.497
1141.47 0.521
1142.022 0.552
1142.417 0.395
1142.743 0.326
1143.252 0.509
1143.917 0.665
1144.169 0.252
1144.52 0.351
1145.124 0.604
1145.747 0.623
1146.059 0.312
1146.334 0.275
1146.642 0.308
1146.923 0.281
1147.336 0.413
1148.408 1.072
1148.659 0.251
1150.903 2.244
1151.651 0.748
1152.261 0.61
1152.87 0.609
1153.482 0.612
1154.118 0.636
1154.761 0.643
1155.411 0.65
1156.085 0.674
1156.757 0.672
1157.058 0.301
1157.424 0.366
1158.076 0.652
1158.403 0.327
1158.729 0.326
1159.008 0.279
1159.326 0.318
1160.037 0.711
1160.533 0.496
1161.302 0.769
1161.567 0.265
1162.02 0.453
1162.682 0.662
1163.259 0.577
1163.933 0.674
1164.545 0.612
1165.14 0.595
1165.668 0.528
1166.249 0.581
1166.589 0.34
1166.886 0.297
1167.448 0.562
1167.701 0.253
1167.999 0.298
1168.444 0.445
1168.835 0.391
1169.544 0.709
1170.219 0.675
1170.898 0.679
1171.193 0.295
1171.56 0.367
1171.94 0.38
1172.226 0.286
1172.494 0.268
1172.749 0.255
1173.523 0.774
1173.807 0.284
1174.163 0.356
1174.58 0.417
1175.171 0.591
1176.027 0.856
1176.338 0.311
1176.637 0.299
1176.999 0.362
1177.265 0.266
1177.857 0.592
1178.602 0.745
1179.073 0.471
1179.347 0.274
1179.631 0.284
1179.976 0.345
1180.658 0.682
1181.196 0.538
1181.595 0.399
1181.857 0.262
1182.203 0.346
1183.35 1.147
1183.788 0.438
1184.248 0.46
1184.874 0.626
1185.291 0.417
1185.743 0.452
1186.378 0.635
1187.563 1.185
1188.273 0.71
1188.966 0.693
1189.617 0.651
1189.923 0.306
1190.225 0.302
1190.835 0.61
1191.435 0.6
1191.701 0.266
1191.988 0.287
1192.68 0.692
1193.048 0.368
1193.357 0.309
1194.024 0.667
1194.69 0.666
1195.289 0.599
1195.988 0.699
1196.628 0.64
1197.26 0.632
1197.889 0.629
1198.527 0.638
1199.172 0.645
1199.805 0.633
1200.376 0.571
1200.989 0.613
1201.609 0.62
1202.304 0.695
1202.963 0.659
1203.646 0.683
1204.353 0.707
1205.072 0.719
1205.723 0.651
1206.458 0.735
1206.882 0.424
1207.678 0.796
1208.356 0.678
1208.7 0.344
1208.969 0.269
1209.324 0.355
1209.621 0.297
1210.282 0.661
1210.974 0.692
1211.682 0.708
1212.412 0.73
1213.104 0.692
1213.764 0.66
1214.334 0.57
1214.954 0.62
1215.561 0.607
1215.865 0.304
1216.189 0.324
1216.525 0.336
1216.841 0.316
1217.559 0.718
1218.252 0.693
1218.959 0.707
1219.667 0.708
1220.344 0.677
1220.635 0.291
1220.929 0.294
1221.473 0.544
1222.219 0.746
1222.522 0.303
1222.835 0.313
1223.139 0.304
1223.392 0.253
1223.794 0.402
1224.246 0.452
1224.578 0.332
1225.107 0.529
1225.736 0.629
1226.311 0.575
1226.902 0.591
1227.515 0.613
1228.129 0.614
1228.74 0.611
1229.346 0.606
1229.898 0.552
1230.52 0.622
1231.192 0.672
1231.825 0.633
1232.414 0.589
1232.999 0.585
1233.754 0.755
1234.382 0.628
1235.0 0.618
1235.601 0.601
1236.142 0.541
1236.737 0.595
1237.396 0.659
1238.018 0.622
1238.668 0.65
1239.335 0.667
1240.016 0.681
1240.687 0.671
1241.335 0.648
1241.905 0.57
1242.593 0.688
1242.909 0.316
1243.206 0.297
1243.773 0.567
1244.398 0.625
1245.022 0.624
1245.649 0.627
1245.91 0.261
1246.362 0.452
1246.988 0.626
1247.613 0.625
1248.228 0.615
1248.833 0.605
1249.446 0.613
1250.061 0.615
1250.68 0.619
1251.298 0.618
1251.916 0.618
1252.526 0.61
1253.134 0.608
1253.73 0.596
1254.258 0.528
1254.889 0.631
1255.205 0.316
1255.464 0.259
1256.044 0.58
1256.345 0.301
1256.644 0.299
1257.145 0.501
1257.48 0.335
1257.784 0.304
1258.081 0.297
1258.42 0.339
1258.722 0.302
1259.073 0.351
1259.647 0.574
1260.207 0.56
1260.758 0.551
1261.085 0.327
1261.587 0.502
1262.282 0.695
1262.86 0.578
1263.114 0.254
1263.365 0.251
1263.878 0.513
1264.131 0.253
1264.409 0.278
1264.695 0.286
1264.973 0.278
1265.3 0.327
1265.61 0.31
1265.942 0.332
1266.258 0.316
1266.925 0.667
1267.604 0.679
1268.267 0.663
1268.921 0.654
1269.567 0.646
1270.202 0.635
1270.827 0.625
1271.378 0.551
1271.986 0.608
1272.58 0.594
1273.239 0.659
1273.836 0.597
1274.159 0.323
1274.417 0.258
1274.847 0.43
1275.58 0.733
1276.158 0.578
1276.758 0.6
1277.322 0.564
1278.019 0.697
1278.596 0.577
1279.27 0.674
1279.908 0.638
1280.575 0.667
1280.935 0.36
1281.304 0.369
1282.011 0.707
1282.302 0.291
1282.79 0.488
1283.277 0.487
1283.533 0.256
1283.992 0.459
1284.611 0.619
1285.217 0.606
1285.761 0.544
1286.417 0.656
1286.998 0.581
1287.34 0.342
1287.64 0.3
1288.088 0.448
1288.701 0.613
1289.26 0.559
1289.669 0.409
1290.054 0.385
1290.394 0.34
1290.956 0.562
1291.371 0.415
1291.644 0.273
1291.97 0.326
1292.486 0.516
1292.767 0.281
1293.809 1.042
1294.064 0.255
1294.342 0.278
1294.652 0.31
1295.465 0.813
1296.748 1.283
1297.485 0.737
1298.204 0.719
1298.886 0.682
1299.529 0.643
1300.14 0.611
1300.725 0.585
1301.306 0.581
1301.636 0.33
1301.893 0.257
1302.473 0.58
1303.1 0.627
1303.729 0.629
1304.524 0.795
1305.004 0.48
1305.293 0.289
1306.034 0.741
1306.648 0.614
1306.975 0.327
1307.284 0.309
1307.647 0.363
1308.142 0.495
1308.803 0.661
1309.443 0.64
1310.006 0.563
1310.629 0.623
1311.164 0.535
1311.489 0.325
1311.972 0.483
1312.649 0.677
1313.324 0.675
1313.985 0.661
1314.655 0.67
1315.32 0.665
1315.982 0.662
1316.559 0.577
1317.216 0.657
1317.756 0.54
1318.351 0.595
1319.009 0.658
1319.591 0.582
1320.313 0.722
1320.99 0.677
1321.673 0.683
1322.36 0.687
1323.021 0.661
1323.65 0.629
1324.269 0.619
1324.839 0.57
1325.512 0.673
1326.073 0.561
1326.39 0.317
1326.741 0.351
1327.269 0.528
1327.851 0.582
1328.441 0.59
1329.035 0.594
1329.703 0.668
1330.339 0.636
1331.014 0.675
1331.72 0.706
1332.444 0.724
1333.17 0.726
1333.864 0.694
1334.519 0.655
1335.162 0.643
1335.734 0.572
1336.358 0.624
1337.041 0.683
1337.674 0.633
1338.308 0.634
1338.948 0.64
1339.333 0.385
1339.589 0.256
1340.233 0.644
1340.503 0.27
1340.82 0.317
1341.511 0.691
1341.821 0.31
1342.149 0.328
1342.771 0.622
1343.378 0.607
1343.914 0.536
1344.504 0.59
1345.157 0.653
1345.703 0.546
1345.998 0.295
1346.369 0.371
1346.697 0.328
1347.112 0.415
1347.822 0.71
1348.536 0.714
1349.24 0.704
1349.627 0.387
1349.933 0.306
1350.608 0.675
1351.266 0.658
1351.908 0.642
1352.531 0.623
1353.144 0.613
1353.699 0.555
1354.0 0.301
1354.282 0.282
1354.544 0.262
1354.795 0.251
1355.538 0.743
1356.137 0.599
1356.735 0.598
1357.197 0.462
1357.512 0.315
1358.036 0.524
1358.684 0.648
1359.005 0.321
1359.348 0.343
1360.0 0.652
1360.655 0.655
1361.309 0.654
1361.942 0.633
1362.549 0.607
1362.819 0.27
1363.139 0.32
1363.713 0.574
1364.275 0.562
1364.837 0.562
1365.347 0.51
1365.952 0.605
1366.536 0.584
1367.138 0.602
1367.502 0.364
1367.77 0.268
1368.461 0.691
1369.204 0.743
1369.974 0.77
1370.637 0.663
1371.261 0.624
1371.559 0.298
1372.081 0.522
1372.746 0.665
1373.394 0.648
1374.036 0.642
1374.669 0.633
1375.283 0.614
1375.893 0.61
1376.224 0.331
1376.488 0.264
1377.042 0.554
1377.333 0.291
1377.693 0.36
1377.964 0.271
1378.297 0.333
1378.904 0.607
1379.515 0.611
1380.126 0.611
1380.567 0.441
1381.266 0.699
1381.853 0.587
1382.439 0.586
1383.082 0.643
1383.5 0.418
1384.241 0.741
1384.795 0.554
1385.349 0.554
1385.837 0.488
1386.425 0.588
1386.893 0.468
1387.426 0.533
1387.995 0.569
1388.464 0.469
1389.043 0.579
1389.689 0.646
1390.394 0.705
1391.021 0.627
1391.628 0.607
1392.143 0.515
1392.735 0.592
1393.329 0.594
1393.939 0.61
1394.609 0.67
1395.233 0.624
1395.852 0.619
1396.459 0.607
1397.008 0.549
1397.667 0.659
1398.201 0.534
1398.836 0.635
1399.349 0.513
1399.903 0.554
1400.458 0.555
1401.003 0.545
1401.596 0.593
1402.15 0.554
1402.676 0.526
1403.264 0.588
1403.912 0.648
1404.48 0.568
1405.043 0.563
1405.603 0.56
1406.103 0.5
1406.659 0.556
1407.216 0.557
1407.798 0.582
1408.426 0.628
1409.118 0.692
1409.768 0.65
1410.362 0.594
1411.006 0.644
1411.695 0.689
1412.302 0.607
1412.844 0.542
1413.433 0.589
1414.015 0.582
1414.585 0.57
1415.155 0.57
1415.781 0.626
1416.316 0.535
1416.987 0.671
1417.566 0.579
1418.27 0.704
1418.911 0.641
1419.51 0.599
1420.033 0.523
1420.659 0.626
1421.207 0.548
1421.741 0.534
1422.27 0.529
1422.554 0.284
1423.243 0.689
1423.801 0.558
1424.298 0.497
1424.798 0.5
1425.284 0.486
1425.6 0.316
1425.87 0.27
1426.614 0.744
1427.356 0.742
1428.096 0.74
1428.829 0.733
1429.577 0.748
1430.33 0.753
1431.034 0.704
1431.671 0.637
1432.399 0.728
1433.014 0.615
1433.718 0.704
1434.332 0.614
1434.928 0.596
1435.507 0.579
1436.02 0.513
1436.64 0.62
1437.205 0.565
1437.787 0.582
1438.296 0.509
1438.929 0.633
1439.468 0.539
1440.001 0.533
1440.524 0.523
1441.126 0.602
1441.406 0.28
1442.07 0.664
1442.754 0.684
1443.427 0.673
1443.799 0.372
1444.056 0.257
1444.622 0.566
1445.195 0.573
1445.869 0.674
1446.447 0.578
1447.032 0.585
1447.361 0.329
1447.614 0.253
1448.198 0.584
1448.796 0.598
1449.393 0.597
1449.983 0.59
1450.583 0.6
1451.133 0.55
1451.448 0.315
1451.758 0.31
1452.096 0.338
1452.434 0.338
1452.725 0.291
1452.997 0.272
1453.26 0.263
1453.615 0.355
1454.211 0.596
1454.727 0.516
1455.092 0.365