0.000 0.715
0.715 0.715
1.477 0.762
2.313 0.836
3.111 0.798
3.905 0.794
4.665 0.76
5.442 0.777
6.204 0.762
6.95 0.746
7.625 0.675
8.297 0.672
8.952 0.655
9.585 0.633
10.217 0.632
10.9 0.683
11.646 0.746
12.433 0.787
13.233 0.8
14.018 0.785
14.845 0.827
15.713 0.868
16.512 0.799
17.239 0.727
17.935 0.696
18.623 0.688
19.359 0.736
20.239 0.88
21.204 0.965
22.179 0.975
23.117 0.938
24.012 0.895
24.859 0.847
25.741 0.882
26.649 0.908
27.574 0.925
28.475 0.901
29.335 0.86
30.148 0.813
31.032 0.884
31.975 0.943
32.945 0.97
33.921 0.976
34.877 0.956
35.733 0.856
36.529 0.796
37.363 0.834
38.262 0.899
39.228 0.966
40.194 0.966
41.142 0.948
42.13 0.988
43.156 1.026
44.193 1.037
45.177 0.984
46.05 0.873
46.851 0.801
47.676 0.825
48.605 0.929
49.553 0.948
50.489 0.936
51.38 0.891
52.24 0.86
53.136 0.896
54.035 0.899
54.922 0.887
55.781 0.859
56.686 0.905
57.599 0.913
58.499 0.9
59.378 0.879
60.298 0.92
61.213 0.915
62.101 0.888
62.963 0.862
63.787 0.824
64.697 0.91
65.649 0.952
66.628 0.979
67.597 0.969
68.509 0.912
69.413 0.904
70.36 0.947
71.331 0.971
72.246 0.915
73.111 0.865
73.967 0.856
74.869 0.902
75.785 0.916
76.681 0.896
77.513 0.832
78.387 0.874
79.28 0.893
80.19 0.91
81.059 0.869
81.914 0.855
82.829 0.915
83.746 0.917
84.652 0.906
85.505 0.853
86.348 0.843
87.255 0.907
88.203 0.948
89.165 0.962
90.086 0.921
90.97 0.884
91.909 0.939
92.882 0.973
93.835 0.953
94.744 0.909
95.648 0.904
96.598 0.95
97.557 0.959
98.464 0.907
99.341 0.877
100.304 0.963
101.31 1.006
102.321 1.011
103.287 0.966
104.274 0.987
105.291 1.017
106.305 1.014
107.289 0.984
108.234 0.945
109.199 0.965
110.176 0.977
111.178 1.002
112.121 0.943
112.976 0.855
113.889 0.913
114.851 0.962
115.834 0.983
116.745 0.911
117.646 0.901
118.577 0.931
119.531 0.954
120.474 0.943
121.381 0.907
122.313 0.932
123.285 0.972
124.229 0.944
125.141 0.912
126.004 0.863
126.86 0.856
127.656 0.796
128.395 0.739
129.106 0.711
129.905 0.799
130.765 0.86
131.668 0.903
132.506 0.838
133.351 0.845
134.198 0.847
135.055 0.857
135.867 0.812
136.681 0.814
137.524 0.843
138.386 0.862
139.221 0.835
140.091 0.87
141.027 0.936
141.98 0.953
142.899 0.919
143.807 0.908
144.738 0.931
145.659 0.921
146.554 0.895
147.489 0.935
148.43 0.941
149.332 0.902
150.213 0.881
151.011 0.798
151.842 0.831
152.794 0.952
153.787 0.993
154.723 0.936
155.647 0.924
156.577 0.93
157.52 0.943
158.443 0.923
159.296 0.853
160.135 0.839
161.036 0.901
161.994 0.958
162.942 0.948
163.845 0.903
164.776 0.931
171.918 0.921
172.804 0.886
173.686 0.882
174.613 0.927
175.595 0.982
176.537 0.942
177.462 0.925
178.393 0.931
179.339 0.946
180.225 0.886
181.071 0.846
181.975 0.904
182.912 0.937
183.855 0.943
184.773 0.918
185.713 0.94
186.646 0.933
187.564 0.918
188.44 0.876
189.28 0.84
190.168 0.888
191.079 0.911
191.974 0.895
192.828 0.854
193.717 0.889
194.619 0.902
195.518 0.899
196.343 0.825
197.172 0.829
198.053 0.881
198.959 0.906
199.847 0.888
200.683 0.836
201.562 0.879
202.457 0.895
203.374 0.917
204.264 0.89
205.188 0.924
206.125 0.937
207.029 0.904
207.879 0.85
208.754 0.875
209.642 0.888
210.546 0.904
211.41 0.864
212.31 0.9
213.229 0.919
214.157 0.928
215.029 0.872
215.857 0.828
216.711 0.854
217.616 0.905
218.535 0.919
219.417 0.882
220.258 0.841
221.171 0.913
222.097 0.926
222.989 0.892
223.814 0.825
224.631 0.817
225.516 0.885
226.422 0.906
227.302 0.88
228.177 0.875
229.089 0.912
230.025 0.936
230.955 0.93
231.872 0.917
232.815 0.943
233.742 0.927
234.615 0.873
235.451 0.836
236.244 0.793
237.078 0.834
237.926 0.848
238.75 0.824
239.538 0.788
240.33 0.792
241.14 0.81
241.974 0.834
242.778 0.804
243.61 0.832
244.49 0.88
245.386 0.896
246.264 0.878
247.137 0.873
248.001 0.864
248.856 0.855
249.625 0.769
250.423 0.798
251.232 0.809
252.058 0.826
252.87 0.812
253.725 0.855
254.603 0.878
255.494 0.891
256.318 0.824
257.135 0.817
257.951 0.816
258.798 0.847
259.613 0.815
260.379 0.766
261.161 0.782
262.027 0.866
262.996 0.969
263.937 0.941
264.802 0.865
265.594 0.792
266.423 0.829
267.272 0.849
268.152 0.88
269.011 0.859
269.871 0.86
270.753 0.882
271.664 0.911
272.573 0.909
273.439 0.866
274.329 0.89
275.219 0.89
276.1 0.881
276.924 0.824
277.73 0.806
278.586 0.856
279.489 0.903
280.398 0.909
281.295 0.897
282.137 0.842
283.002 0.865
283.86 0.858
284.678 0.818
285.442 0.764
286.181 0.739
286.997 0.816
287.892 0.895
288.838 0.946
289.753 0.915
290.686 0.933
291.621 0.935
292.521 0.9
293.374 0.853
294.186 0.812
294.96 0.774
295.777 0.817
296.676 0.899
297.615 0.939
298.547 0.932
299.469 0.922
300.404 0.935
301.361 0.957
302.289 0.928
303.148 0.859
304.047 0.899
304.968 0.921
305.925 0.957
306.857 0.932
307.769 0.912
308.629 0.86
309.405 0.776
310.154 0.749
310.968 0.814
311.839 0.871
312.711 0.872
313.543 0.832
314.372 0.829
315.2 0.828
315.982 0.782
316.774 0.792
317.556 0.782
318.323 0.767
319.089 0.766
319.862 0.773
320.634 0.772
321.36 0.726
322.027 0.667
322.721 0.694
323.461 0.74
324.274 0.813
325.121 0.847
325.954 0.833
326.739 0.785
327.541 0.802
328.332 0.791
329.049 0.717
329.746 0.697
330.451 0.705
331.137 0.686
331.797 0.66
332.455 0.658
333.085 0.63
333.708 0.623
334.316 0.608
334.932 0.616
335.541 0.609
336.164 0.623
336.77 0.606
337.372 0.602
337.98 0.608
338.595 0.615
339.222 0.627
339.863 0.641
340.511 0.648
341.159 0.648
341.784 0.625
342.393 0.609
342.99 0.597
343.592 0.602
344.206 0.614
344.842 0.636
345.517 0.675
346.202 0.685
346.935 0.733
347.696 0.761
348.489 0.793
349.279 0.79
350.016 0.737
350.801 0.785
351.607 0.806
352.412 0.805
353.234 0.822
354.068 0.834
354.908 0.84
355.777 0.869
356.678 0.901
357.589 0.911
358.45 0.861
359.336 0.886
360.258 0.922
361.191 0.933
362.116 0.925
362.863 0.747
363.642 0.779
364.476 0.834
365.353 0.877
366.27 0.917
367.213 0.943
368.149 0.936
369.062 0.913
369.978 0.916
370.839 0.861
371.722 0.883
372.616 0.894
373.539 0.923
374.422 0.883
375.333 0.911
376.245 0.912
377.165 0.92
378.0 0.835
378.874 0.874
379.759 0.885
380.679 0.92
381.445 0.766
382.208 0.763
383.028 0.82
383.891 0.863
384.813 0.922
385.732 0.919
386.523 0.791
387.365 0.842
388.243 0.878
389.116 0.873
389.986 0.87
390.805 0.819
391.668 0.863
392.545 0.877
393.418 0.873
394.244 0.826
395.097 0.853
396.002 0.905
396.838 0.836
397.581 0.743
398.323 0.742
399.113 0.79
399.923 0.81
400.752 0.829
401.575 0.823
402.401 0.826
403.254 0.853
404.136 0.882
405.048 0.912
405.851 0.803
406.719 0.868
407.565 0.846
408.415 0.85
409.236 0.821
410.002 0.766
410.797 0.795
411.664 0.867
412.432 0.768
413.224 0.792
414.105 0.881
415.008 0.903
415.949 0.941
416.915 0.966
417.857 0.942
418.805 0.948
419.761 0.956
420.723 0.962
421.653 0.93
422.58 0.927
423.534 0.954
424.508 0.974
425.436 0.928
426.264 0.828
427.016 0.752
427.759 0.743
428.678 0.919
429.635 0.957
430.608 0.973
431.551 0.943
432.493 0.942
433.429 0.936
434.274 0.845
435.178 0.904
436.098 0.92
437.033 0.935
437.955 0.922
438.861 0.906
439.757 0.896
440.732 0.975
441.707 0.975
442.708 1.001
443.654 0.946
444.562 0.908
445.522 0.96
446.495 0.973
447.463 0.968
448.384 0.921
449.344 0.96
450.305 0.961
451.167 0.862
451.944 0.777
452.898 0.954
453.86 0.962
454.86 1.0
455.851 0.991
456.764 0.913
457.628 0.864
458.532 0.904
459.442 0.91
460.345 0.903
461.228 0.883
462.167 0.939
463.156 0.989
464.122 0.966
465.081 0.959
466.048 0.967
467.024 0.976
467.933 0.909
468.832 0.899
469.767 0.935
470.737 0.97
471.709 0.972
472.612 0.903
473.471 0.859
474.387 0.916
475.32 0.933
476.277 0.957
477.192 0.915
478.044 0.852
478.969 0.925
479.932 0.963
480.921 0.989
481.863 0.942
482.693 0.83
483.554 0.861
484.47 0.916
485.405 0.935
486.339 0.934
487.248 0.909
488.16 0.912
489.048 0.888
489.895 0.847
490.768 0.873
491.691 0.923
492.645 0.954
493.556 0.911
494.428 0.872
495.345 0.917
496.293 0.948
497.178 0.885
498.01 0.832
498.884 0.874
499.738 0.854
500.574 0.836
501.477 0.903
502.426 0.949
503.373 0.947
504.256 0.883
505.136 0.88
506.039 0.903
506.953 0.914
507.827 0.874
508.66 0.833
509.538 0.878
510.444 0.906
511.362 0.918
512.203 0.841
513.058 0.855
513.929 0.871
514.781 0.852
515.57 0.789
516.409 0.839
517.252 0.843
518.1 0.848
518.913 0.813
519.773 0.86
520.653 0.88
521.531 0.878
522.322 0.791
523.122 0.8
523.956 0.834
524.797 0.841
525.59 0.793
526.383 0.793
527.239 0.856
528.092 0.853
528.895 0.803
529.692 0.797
530.52 0.828
531.346 0.826
532.134 0.788
532.975 0.841
533.831 0.856
534.692 0.861
535.508 0.816
536.369 0.861
537.228 0.859
538.068 0.84
538.842 0.774
539.663 0.821
540.51 0.847
541.354 0.844
542.189 0.835
543.063 0.874
543.934 0.871
544.787 0.853
545.588 0.801
546.412 0.824
547.25 0.838
548.085 0.835
548.854 0.769
549.659 0.805
550.508 0.849
551.409 0.901
552.299 0.89
553.107 0.808
553.829 0.722
554.528 0.699
555.312 0.784
556.15 0.838
557.015 0.865
557.909 0.894
558.789 0.88
559.579 0.79
560.395 0.816
561.269 0.874
562.154 0.885
563.032 0.878
563.924 0.892
564.859 0.935
565.788 0.929
566.706 0.918
567.622 0.916
568.54 0.918
569.424 0.884
570.246 0.822
571.083 0.837
571.963 0.88
572.83 0.867
573.713 0.883
574.641 0.928
575.523 0.882
576.446 0.923
577.386 0.94
578.295 0.909
579.149 0.854
580.063 0.914
581.012 0.949
581.961 0.949
582.771 0.81
583.569 0.798
584.43 0.861
585.327 0.897
586.252 0.925
587.147 0.895
588.051 0.904
588.977 0.926
589.919 0.942
590.785 0.866
591.673 0.888
592.558 0.885
593.402 0.844
594.161 0.759
594.887 0.726
595.621 0.734
596.399 0.778
597.252 0.853
598.118 0.866
598.979 0.861
599.885 0.906
600.786 0.901
601.663 0.877
602.453 0.79
603.212 0.759
604.027 0.815
604.891 0.864
605.798 0.907
606.667 0.869
607.473 0.806
608.311 0.838
609.191 0.88
610.129 0.938
611.05 0.921
611.895 0.845
612.716 0.821
613.543 0.827
614.35 0.807
615.12 0.77
615.894 0.774
616.745 0.851
617.644 0.899
618.535 0.891
619.402 0.867
620.324 0.922
621.266 0.942
622.195 0.929
623.064 0.869
623.822 0.758
624.618 0.796
625.438 0.82
626.323 0.885
627.208 0.885
628.082 0.874
628.954 0.872
629.782 0.828
630.621 0.839
631.479 0.858
632.355 0.876
633.235 0.88
634.118 0.883
635.002 0.884
635.842 0.84
636.599 0.757
637.353 0.754
638.115 0.762
638.896 0.781
639.663 0.767
640.435 0.772
641.261 0.826
642.117 0.856
642.933 0.816
643.765 0.832
644.607 0.842
645.451 0.844
646.268 0.817
647.061 0.793
647.887 0.826
648.728 0.841
649.567 0.839
650.363 0.796
651.166 0.803
651.959 0.793
652.718 0.759
653.482 0.764
654.251 0.769
655.0 0.749
655.772 0.772
656.528 0.756
657.279 0.751
657.991 0.712
658.726 0.735
659.501 0.775
660.312 0.811
661.115 0.803
661.86 0.745
662.544 0.684
663.221 0.677
663.915 0.694
664.666 0.751
665.513 0.847
666.369 0.856
667.238 0.869
668.154 0.916
669.064 0.91
669.964 0.9
670.851 0.887
671.738 0.887
672.599 0.861
673.424 0.825
674.281 0.857
675.141 0.86
676.01 0.869
676.827 0.817
677.673 0.846
678.548 0.875
679.427 0.879
680.294 0.867
681.178 0.884
682.06 0.882
682.946 0.886
683.813 0.867
684.729 0.916
685.635 0.906
686.554 0.919
687.482 0.928
688.388 0.906
689.317 0.929
690.24 0.923
691.139 0.899
691.925 0.786
692.639 0.714
693.387 0.748
694.164 0.777
695.015 0.851
695.954 0.939
696.865 0.911
697.741 0.876
698.629 0.888
699.52 0.891
700.405 0.885
701.273 0.868
702.152 0.879
703.045 0.893
703.945 0.9
704.799 0.854
705.692 0.893
706.613 0.921
707.523 0.91
708.383 0.86
709.135 0.752
709.934 0.799
710.776 0.842
711.659 0.883
712.597 0.938
713.51 0.913
714.361 0.851
715.204 0.843
716.031 0.827
716.778 0.747
717.454 0.676
718.119 0.665
718.849 0.73
719.669 0.82
720.547 0.878
721.45 0.903
722.341 0.891
723.197 0.856
724.018 0.821
724.871 0.853
725.725 0.854
726.575 0.85
727.42 0.845
728.297 0.877
729.18 0.883
730.068 0.888
730.931 0.863
731.796 0.865
732.646 0.85
733.406 0.76
734.184 0.778
734.97 0.786
735.817 0.847
736.716 0.899
737.613 0.897
738.473 0.86
739.323 0.85
740.201 0.878
741.078 0.877
741.971 0.893
742.848 0.877
743.737 0.889
744.612 0.875
745.477 0.865
746.272 0.795
747.094 0.822
747.94 0.846
748.846 0.906
749.756 0.91
750.626 0.87
751.515 0.889
752.399 0.884
753.259 0.86
754.08 0.821
754.894 0.814
755.761 0.867
756.638 0.877
757.526 0.888
758.401 0.875
759.237 0.836
760.101 0.864
760.976 0.875
761.826 0.85
762.702 0.876
763.562 0.86
764.424 0.862
765.227 0.803
766.063 0.836
766.912 0.849
767.746 0.834
768.597 0.851
769.467 0.87
770.289 0.822
771.041 0.752
771.765 0.724
772.483 0.718
773.216 0.733
773.963 0.747
774.729 0.766
775.469 0.74
776.171 0.702
776.893 0.722
777.643 0.75
778.428 0.785
779.215 0.787
779.973 0.758
780.739 0.766
781.513 0.774
782.283 0.77
783.059 0.776
783.81 0.751
784.545 0.735
785.3 0.755
786.072 0.772
786.87 0.798
787.671 0.801
788.505 0.834
789.329 0.824
790.141 0.812
790.891 0.75
791.648 0.757
792.436 0.788
793.255 0.819
794.082 0.827
794.913 0.831
795.728 0.815
796.549 0.821
797.371 0.822
798.192 0.821
798.911 0.719
799.598 0.687
800.316 0.718
801.064 0.748
801.901 0.837
802.772 0.871
803.645 0.873
804.5 0.855
805.338 0.838
806.158 0.82
806.961 0.803
807.758 0.797
808.526 0.768
809.323 0.797
810.15 0.827
810.994 0.844
811.842 0.848
812.709 0.867
813.586 0.877
814.457 0.871
815.346 0.889
816.232 0.886
817.108 0.876
817.934 0.826
818.666 0.732
819.371 0.705
820.129 0.758
820.931 0.802
821.806 0.875
822.725 0.919
823.605 0.88
824.461 0.856
825.32 0.859
826.173 0.853
827.024 0.851
827.856 0.832
828.68 0.824
829.495 0.815
830.347 0.852
831.191 0.844
831.98 0.789
832.746 0.766
833.486 0.74
834.269 0.783
835.114 0.845
836.001 0.887
836.885 0.884
837.735 0.85
838.594 0.859
839.43 0.836
840.255 0.825
841.075 0.82
841.877 0.802
842.721 0.844
843.559 0.838
844.401 0.842
845.162 0.761
845.874 0.712
846.581 0.707
847.297 0.716
848.053 0.756
848.875 0.822
849.716 0.841
850.559 0.843
851.41 0.851
852.268 0.858
853.144 0.876
854.001 0.857
854.772 0.771
855.531 0.759
856.259 0.728
856.992 0.733
857.678 0.686
858.332 0.654
858.97 0.638
859.64 0.67
860.364 0.724
861.13 0.766
861.928 0.798
862.745 0.817
863.533 0.788
864.353 0.82
865.147 0.794
865.941 0.794
866.698 0.757
867.445 0.747
868.203 0.758
868.937 0.734
869.671 0.734
870.409 0.738
871.168 0.759
871.958 0.79
872.741 0.783
873.533 0.792
874.341 0.808
875.147 0.806
875.967 0.82
876.802 0.835
877.615 0.813
878.428 0.813
879.233 0.805
880.053 0.82
880.905 0.852
881.687 0.782
882.428 0.741
883.192 0.764
883.983 0.791
884.833 0.85
885.722 0.889
886.588 0.866
887.442 0.854
888.279 0.837
889.132 0.853
889.969 0.837
890.78 0.811
891.56 0.78
892.35 0.79
893.206 0.856
894.08 0.874
894.935 0.855
895.771 0.836
896.56 0.789
897.294 0.734
897.978 0.684
898.677 0.699
899.383 0.706
900.141 0.758
900.987 0.846
901.864 0.877
902.74 0.876
903.627 0.887
904.539 0.912
905.446 0.907
906.341 0.895
907.199 0.858
908.045 0.846
908.889 0.844
909.79 0.901
910.671 0.881
911.53 0.859
912.412 0.882
913.29 0.878
914.181 0.891
915.064 0.883
915.907 0.843
916.773 0.866
917.63 0.857
918.398 0.768
919.109 0.711
919.843 0.734
920.609 0.766
921.445 0.836
922.335 0.89
923.247 0.912
924.107 0.86
924.902 0.795
925.649 0.747
926.422 0.773
927.228 0.806
928.07 0.842
928.935 0.865
929.81 0.875
930.629 0.819
931.361 0.732
932.075 0.714
932.77 0.695
933.485 0.715
934.205 0.72
934.913 0.708
935.653 0.74
936.385 0.732
937.115 0.73
937.85 0.735
938.614 0.764
939.386 0.772
940.148 0.762
940.919 0.771
941.653 0.734
942.374 0.721
943.076 0.702
943.789 0.713
944.504 0.715
945.209 0.705
945.898 0.689
946.58 0.682
947.233 0.653
947.855 0.622
948.476 0.621
949.114 0.638
949.797 0.683
950.554 0.757
951.333 0.779
952.144 0.811
952.965 0.821
953.772 0.807
954.553 0.781
955.326 0.773
956.116 0.79
956.893 0.777
957.675 0.782
958.446 0.771
959.242 0.796
960.058 0.816
960.886 0.828
961.729 0.843
962.56 0.831
963.394 0.834
964.232 0.838
965.041 0.809
965.823 0.782
966.602 0.779
967.416 0.814
968.253 0.837
969.099 0.846
969.944 0.845
970.807 0.863
971.68 0.873
972.552 0.872
973.424 0.872
974.296 0.872
975.16 0.864
975.996 0.836
976.802 0.806
977.631 0.829
978.505 0.874
979.39 0.885
980.189 0.799
980.977 0.788
981.798 0.821
982.659 0.861
983.528 0.869
984.379 0.851
985.255 0.876
986.147 0.892
987.032 0.885
987.91 0.878
988.775 0.865
989.633 0.858
990.448 0.815
991.227 0.779
992.028 0.801
992.849 0.821
993.71 0.861
994.561 0.851
995.423 0.862
996.303 0.88
997.186 0.883
998.044 0.858
998.893 0.849
999.753 0.86
1000.62 0.867
1001.441 0.821
1002.224 0.783
1003.04 0.816
1003.896 0.856
1004.776 0.88
1005.642 0.866
1006.504 0.862
1007.418 0.914
1008.336 0.918
1009.197 0.861
1010.02 0.823
1010.879 0.859
1011.756 0.877
1012.614 0.858
1013.471 0.857
1014.339 0.868
1015.21 0.871
1016.034 0.824
1016.834 0.8
1017.657 0.823
1018.481 0.824
1019.273 0.792
1020.07 0.797
1020.889 0.819
1021.711 0.822
1022.523 0.812
1023.325 0.802
1024.179 0.854
1025.062 0.883
1025.914 0.852
1026.753 0.839
1027.623 0.87
1028.499 0.876
1029.353 0.854
1030.173 0.82
1031.038 0.865
1031.925 0.887
1032.784 0.859
1033.563 0.779
1034.342 0.779
1035.086 0.744
1035.857 0.771
1036.59 0.733
1037.322 0.732
1038.113 0.791
1038.929 0.816
1039.75 0.821
1040.543 0.793
1041.35 0.807
1042.167 0.817
1042.968 0.801
1043.728 0.76
1044.536 0.808
1045.37 0.834
1046.213 0.843
1047.024 0.811
1047.846 0.822
1048.69 0.844
1049.524 0.834
1050.314 0.79
1051.119 0.805
1051.935 0.816
1052.756 0.821
1053.55 0.794
1054.301 0.751
1055.082 0.781
1055.883 0.801
1056.688 0.805
1057.479 0.791
1058.306 0.827
1059.142 0.836
1059.98 0.838
1060.77 0.79
1061.576 0.806
1062.394 0.818
1063.225 0.831
1064.015 0.79
1064.83 0.815
1065.653 0.823
1066.488 0.835
1067.288 0.8
1068.085 0.797
1068.914 0.829
1069.745 0.831
1070.528 0.783
1071.325 0.797
1072.148 0.823
1072.985 0.837
1073.808 0.823
1074.646 0.838
1075.494 0.848
1076.353 0.859
1077.198 0.845
1078.08 0.882
1078.967 0.887
1079.823 0.856
1080.655 0.832
1081.499 0.844
1082.364 0.865
1083.243 0.879
1084.08 0.837
1084.947 0.867
1085.808 0.861
1086.651 0.843
1087.462 0.811
1088.271 0.809
1089.079 0.808
1089.856 0.777
1090.655 0.799
1091.44 0.785
1092.224 0.784
1092.968 0.744
1093.681 0.713
1094.409 0.728
1095.17 0.761
1095.968 0.798
1096.762 0.794
1097.516 0.754
1098.279 0.763
1099.026 0.747
1099.753 0.727
1100.5 0.747
1101.214 0.714
1101.89 0.676
1102.544 0.654
1103.187 0.643
1103.829 0.642
1104.461 0.632
1105.099 0.638
1105.731 0.632
1106.352 0.621
1106.96 0.608
1107.567 0.607
1108.188 0.621
1108.857 0.669
1109.606 0.749
1110.41 0.804
1111.187 0.777
1111.925 0.738
1112.665 0.74
1113.418 0.753
1114.195 0.777
1114.992 0.797
1115.733 0.741
1116.49 0.757
1117.252 0.762
1118.023 0.771
1118.782 0.759
1119.564 0.782
1120.35 0.786
1121.155 0.805
1121.965 0.81
1122.76 0.795
1123.572 0.812
1124.406 0.834
1125.264 0.858
1126.134 0.87
1126.954 0.82
1127.758 0.804
1128.58 0.822
1129.453 0.873
1130.349 0.896
1131.228 0.879
1132.124 0.896
1133.028 0.904
1133.944 0.916
1134.847 0.903
1135.76 0.913
1136.657 0.897
1137.537 0.88
1138.402 0.865
1139.24 0.838
1140.121 0.881
1141.041 0.92
1141.959 0.918
1142.84 0.881
1143.748 0.908
1144.67 0.922
1145.581 0.911
1146.477 0.896
1147.392 0.915
1148.313 0.921
1149.202 0.889
1150.063 0.861
1150.962 0.899
1151.862 0.9
1152.76 0.898
1153.627 0.867
1154.463 0.836
1155.348 0.885
1156.258 0.91
1157.178 0.92
1158.061 0.883
1158.945 0.884
1159.854 0.909
1160.76 0.906
1161.616 0.856
1162.495 0.879
1163.4 0.905
1164.315 0.915
1165.203 0.888
1166.112 0.909
1167.031 0.919
1167.955 0.924
1168.85 0.895
1169.772 0.922
1170.722 0.95
1171.681 0.959
1172.601 0.92
1173.524 0.923
1174.456 0.932
1175.352 0.896
1176.192 0.84
1177.057 0.865
1177.951 0.894
1178.852 0.901
1179.681 0.829
1180.411 0.73
1181.162 0.751
1181.939 0.777
1182.799 0.86
1183.684 0.885
1184.531 0.847
1185.332 0.801
1186.163 0.831
1187.026 0.863
1187.902 0.876
1188.754 0.852
1189.574 0.82
1190.422 0.848
1191.277 0.855
1192.144 0.867
1192.981 0.837
1193.815 0.834
1194.675 0.86
1195.542 0.867
1196.409 0.867
1197.239 0.83
1198.038 0.799
1198.873 0.835
1199.682 0.809
1200.444 0.762
1201.154 0.71
1201.813 0.659
1202.45 0.637
1203.086 0.636
1203.77 0.684
1204.616 0.846
1205.568 0.952
1206.539 0.971
1207.492 0.953
1208.42 0.928
1209.352 0.932
1210.264 0.912
1211.181 0.917
1212.079 0.898
1212.94 0.861
1213.805 0.865
1214.679 0.874
1215.557 0.878
1216.445 0.888
1217.283 0.838
1218.169 0.886
1219.063 0.894
1219.975 0.912
1220.876 0.901
1221.76 0.884
1222.582 0.822
1223.369 0.787
1224.175 0.806
1224.938 0.763
1225.678 0.74
1226.381 0.703
1227.102 0.721
1227.817 0.715
1228.564 0.747
1229.351 0.787
1230.167 0.816
1230.995 0.828
1231.759 0.764
1232.518 0.759
1233.312 0.794
1234.112 0.8
1234.941 0.829
1235.731 0.79
1236.511 0.78
1237.332 0.821
1238.156 0.824
1238.992 0.836
1239.818 0.826
1240.6 0.782
1241.413 0.813
1242.236 0.823
1243.073 0.837
1243.904 0.831
1244.716 0.812
1245.552 0.836
1246.377 0.825
1247.213 0.836
1248.002 0.789
1248.766 0.764
1249.564 0.798
1250.39 0.826
1251.228 0.838
1252.026 0.798
1252.845 0.819
1253.684 0.839
1254.535 0.851
1255.371 0.836
1256.166 0.795
1256.986 0.82
1257.828 0.842
1258.691 0.863
1259.533 0.842
1260.317 0.784
1261.113 0.796
1261.917 0.804
1262.737 0.82
1263.551 0.814
1264.322 0.771
1265.129 0.807
1265.959 0.83
1266.812 0.853
1267.661 0.849
1268.446 0.785
1269.257 0.811
1270.069 0.812
1270.927 0.858
1271.734 0.807
1272.483 0.749
1273.273 0.79
1274.081 0.808
1274.918 0.837
1275.745 0.827
1276.58 0.835
1277.456 0.876
1278.351 0.895
1279.203 0.852
1280.032 0.829
1280.873 0.841
1281.708 0.835
1282.498 0.79
1283.266 0.768
1284.071 0.805
1284.898 0.827
1285.767 0.869
1286.63 0.863
1287.492 0.862
1288.392 0.9
1289.282 0.89
1290.137 0.855
1290.919 0.782
1291.757 0.838
1292.601 0.844
1293.449 0.848
1294.262 0.813
1295.045 0.783
1295.856 0.811
1296.683 0.827
1297.539 0.856
1298.366 0.827
1299.188 0.822
1300.035 0.847
1300.91 0.875
1301.779 0.869
1302.563 0.784
1303.377 0.814
1304.208 0.831
1305.076 0.868
1305.919 0.843
1306.739 0.82
1307.593 0.854
1308.466 0.873
1309.338 0.872
1310.137 0.799
1310.922 0.785
1311.751 0.829
1312.621 0.87
1313.514 0.893
1314.328 0.814
1315.133 0.805
1315.97 0.837
1316.828 0.858
1317.681 0.853
1318.473 0.792
1319.297 0.824
1320.134 0.837
1320.993 0.859
1321.845 0.852
1322.665 0.82
1323.527 0.862
1324.373 0.846
1325.231 0.858
1326.052 0.821
1326.881 0.829
1327.713 0.832
1328.559 0.846
1329.382 0.823
1330.179 0.797
1331.018 0.839
1331.888 0.87
1332.766 0.878
1333.606 0.84
1334.436 0.83
1335.278 0.842
1336.122 0.844
1336.929 0.807
1337.713 0.784
1338.537 0.824
1339.38 0.843
1340.261 0.881
1341.091 0.83
1341.937 0.846
1342.78 0.843
1343.628 0.848
1344.426 0.798
1345.26 0.834
1346.121 0.861
1347.019 0.898
1347.869 0.85
1348.694 0.825
1349.535 0.841
1350.372 0.837
1351.162 0.79
1351.916 0.754
1352.7 0.784
1353.497 0.797
1354.306 0.809
1355.083 0.777
1355.889 0.806
1356.691 0.802
1357.512 0.821
1358.316 0.804
1359.105 0.789
1359.906 0.801
1360.728 0.822
1361.521 0.793
1362.286 0.765
1363.078 0.792
1363.896 0.818
1364.748 0.852
1365.574 0.826
1366.403 0.829
1367.219 0.816
1368.039 0.82
1368.798 0.759
1369.585 0.787
1370.364 0.779
1371.163 0.799
1371.935 0.772
1372.661 0.726
1373.402 0.741
1374.16 0.758
1374.95 0.79
1375.707 0.757
1376.5 0.793
1377.296 0.796
1378.102 0.806
1378.895 0.793
1379.68 0.785
1380.459 0.779
1381.247 0.788
1381.986 0.739
1382.663 0.677
1383.314 0.651
1383.954 0.64
1384.62 0.666
1385.371 0.751
1386.186 0.815
1387.006 0.82
1387.813 0.807
1388.588 0.775
1389.328 0.74
1390.057 0.729
1390.78 0.723
1391.482 0.702
1392.176 0.694
1392.909 0.733
1393.668 0.759
1394.446 0.778
1395.243 0.797
1396.005 0.762
1396.794 0.789
1397.587 0.793
1398.395 0.808
1399.179 0.784
1399.945 0.766
1400.721 0.776
1401.509 0.788
1402.336 0.827
1403.136 0.8
1403.898 0.762
1404.688 0.79
1405.494 0.806
1406.295 0.801
1407.057 0.762
1407.786 0.729
1408.542 0.756
1409.308 0.766
1410.079 0.771
1410.84 0.761
1411.59 0.75
1412.379 0.789
1413.176 0.797
1413.955 0.779
1414.677 0.722
1415.347 0.67
1416.005 0.658
1416.676 0.671
1417.384 0.708
1418.122 0.738
1418.859 0.737
1419.577 0.718
1420.324 0.747
1421.074 0.75
1421.81 0.736
1422.525 0.715
1423.207 0.682
1423.87 0.663
1424.508 0.638
1425.114 0.606
1425.7 0.586
1426.306 0.606
1426.896 0.59
1427.517 0.621