0.000 0.732
0.732 0.732
1.426 0.694
2.115 0.689
2.802 0.687
3.492 0.69
4.162 0.67
4.813 0.651
5.477 0.664
6.133 0.656
6.787 0.654
7.444 0.657
8.098 0.654
8.74 0.642
9.384 0.644
10.034 0.65
10.683 0.649
11.344 0.661
12.014 0.67
12.683 0.669
13.35 0.667
14.02 0.67
14.688 0.668
15.357 0.669
16.002 0.645
16.643 0.641
17.289 0.646
17.951 0.662
18.64 0.689
19.363 0.723
20.116 0.753
20.892 0.776
21.704 0.812
22.54 0.836
23.388 0.848
24.229 0.841
25.053 0.824
25.883 0.83
26.732 0.849
27.575 0.843
28.399 0.824
29.228 0.829
30.077 0.849
30.946 0.869
31.801 0.855
32.654 0.853
33.521 0.867
34.383 0.862
35.214 0.831
36.083 0.869
36.969 0.886
37.849 0.88
38.692 0.843
39.565 0.873
40.439 0.874
41.273 0.834
42.116 0.843
42.97 0.854
43.807 0.837
44.675 0.868
45.563 0.888
46.446 0.883
47.309 0.863
48.187 0.878
49.079 0.892
49.964 0.885
50.807 0.843
51.679 0.872
52.563 0.884
53.429 0.866
54.291 0.862
55.165 0.874
56.029 0.864
56.95 0.921
57.865 0.915
58.692 0.827
59.478 0.786
60.283 0.805
61.078 0.795
61.858 0.78
62.639 0.781
63.416 0.777
64.199 0.783
65.019 0.82
65.852 0.833
66.656 0.804
67.457 0.801
68.225 0.768
68.961 0.736
69.698 0.737
70.485 0.787
71.267 0.782
72.083 0.816
72.946 0.863
73.852 0.906
74.73 0.878
75.604 0.874
76.465 0.861
77.337 0.872
78.22 0.883
79.093 0.873
79.973 0.88
80.814 0.841
81.664 0.85
82.531 0.867
83.382 0.851
84.226 0.844
85.084 0.858
85.947 0.863
86.813 0.866
87.703 0.89
88.627 0.924
89.554 0.927
90.461 0.907
91.346 0.885
92.174 0.828
92.992 0.818
93.779 0.787
94.571 0.792
95.334 0.763
96.103 0.769
96.896 0.793
97.712 0.816
98.536 0.824
99.381 0.845
100.22 0.839
101.036 0.816
101.841 0.805
102.65 0.809
103.471 0.821
104.243 0.772
105.022 0.779
105.808 0.786
106.639 0.831
107.463 0.824
108.308 0.845
109.159 0.851
110.013 0.854
110.871 0.858
111.704 0.833
112.535 0.831
113.333 0.798
114.096 0.763
114.859 0.763
115.611 0.752
116.339 0.728
117.137 0.798
118.024 0.887
118.914 0.89
119.802 0.888
120.675 0.873
121.548 0.873
122.399 0.851
123.208 0.809
124.014 0.806
124.802 0.788
125.617 0.815
126.471 0.854
127.342 0.871
128.301 0.959
129.276 0.975
130.233 0.957
131.175 0.942
132.084 0.909
132.962 0.878
133.811 0.849
134.737 0.926
135.629 0.892
136.52 0.891
137.403 0.883
138.292 0.889
139.184 0.892
140.059 0.875
140.921 0.862
141.812 0.891
142.72 0.908
143.615 0.895
144.495 0.88
145.357 0.862
146.206 0.849
147.027 0.821
147.816 0.789
148.636 0.82
149.463 0.827
150.332 0.869
151.209 0.877
152.077 0.868
152.927 0.85
153.74 0.813
154.532 0.792
155.309 0.777
156.057 0.748
156.836 0.779
157.616 0.78
158.417 0.801
159.237 0.82
160.054 0.817
160.882 0.828
161.702 0.82
162.499 0.797
163.279 0.78
164.077 0.798
164.869 0.792
165.66 0.791
166.438 0.778
167.234 0.796
168.039 0.805
168.835 0.796
169.621 0.786
170.407 0.786
171.214 0.807
172.015 0.801
172.813 0.798
173.599 0.786
174.378 0.779
175.178 0.8
175.985 0.807
176.784 0.799
177.556 0.772
178.286 0.73
179.01 0.724
179.748 0.738
180.51 0.762
181.305 0.795
182.094 0.789
182.895 0.801
183.697 0.802
184.491 0.794
185.271 0.78
186.044 0.773
186.824 0.78
187.605 0.781
188.414 0.809
189.226 0.812
190.048 0.822
190.888 0.84
191.744 0.856
192.608 0.864
193.461 0.853
194.308 0.847
195.157 0.849
195.988 0.831
196.81 0.822
197.609 0.799
198.379 0.77
199.163 0.784
199.995 0.832
200.851 0.856
201.714 0.863
202.566 0.852
203.407 0.841
204.263 0.856
205.119 0.856
205.97 0.851
206.826 0.856
207.652 0.826
208.467 0.815
209.288 0.821
210.114 0.826
210.935 0.821
211.747 0.812
212.573 0.826
213.388 0.815
214.217 0.829
215.035 0.818
215.863 0.828
216.677 0.814
217.476 0.799
218.248 0.772
219.115 0.867
220.052 0.937
220.953 0.901
221.862 0.909
222.755 0.893
223.621 0.866
224.486 0.865
225.334 0.848
226.175 0.841
227.015 0.84
227.844 0.829
228.663 0.819
229.474 0.811
230.29 0.816
231.108 0.818
231.926 0.818
232.733 0.807
233.505 0.772
234.273 0.768
235.024 0.751
235.791 0.767
236.564 0.773
237.348 0.784
238.127 0.779
238.914 0.787
239.71 0.796
240.488 0.778
241.227 0.739
241.936 0.709
242.643 0.707
243.358 0.715
244.081 0.723
244.836 0.755
245.631 0.795
246.431 0.8
247.242 0.811
248.05 0.808
248.847 0.797
249.645 0.798
250.434 0.789
251.216 0.782
251.992 0.776
252.771 0.779
253.552 0.781
254.354 0.802
255.196 0.842
256.058 0.862
256.935 0.877
257.809 0.874
258.679 0.87
259.557 0.878
260.444 0.887
261.321 0.877
262.199 0.878
263.063 0.864
263.909 0.846
264.742 0.833
265.551 0.809
266.347 0.796
267.168 0.821
267.998 0.83
268.835 0.837
269.692 0.857
270.554 0.862
271.426 0.872
272.3 0.874
273.157 0.857
273.975 0.818
274.791 0.816
275.685 0.894
276.571 0.886
277.453 0.882
278.321 0.868
279.177 0.856
280.029 0.852
280.866 0.837
281.694 0.828
282.514 0.82
283.327 0.813
284.129 0.802
284.922 0.793
285.707 0.785
286.517 0.81
287.351 0.834
288.203 0.852
289.044 0.841
289.873 0.829
290.699 0.826
291.53 0.831
292.354 0.824
293.184 0.83
293.971 0.787
294.714 0.743
295.446 0.732
296.198 0.752
296.977 0.779
297.764 0.787
298.549 0.785
299.35 0.801
300.149 0.799
300.955 0.806
301.771 0.816
302.599 0.828
303.436 0.837
304.27 0.834
305.108 0.838
305.95 0.842
306.801 0.851
307.646 0.845
308.474 0.828
309.291 0.817
310.092 0.801
310.869 0.777
311.654 0.785
312.537 0.883
313.452 0.915
314.352 0.9
315.256 0.904
316.144 0.888
317.001 0.857
317.821 0.82
318.601 0.78
319.354 0.753
320.109 0.755
320.872 0.763
321.649 0.777
322.425 0.776
323.205 0.78
324.005 0.8
324.826 0.821
325.659 0.833
326.484 0.825
327.31 0.826
328.13 0.82
328.937 0.807
329.736 0.799
330.539 0.803
331.327 0.788
332.139 0.812
332.973 0.834
333.825 0.852
334.658 0.833
335.499 0.841
336.339 0.84
337.182 0.843
338.029 0.847
338.868 0.839
339.691 0.823
340.511 0.82
341.342 0.831
342.183 0.841
343.022 0.839
343.85 0.828
344.691 0.841
345.535 0.844
346.376 0.841
347.208 0.832
348.028 0.82
348.849 0.821
349.668 0.819
350.484 0.816
351.316 0.832
352.161 0.845
353.014 0.853
353.854 0.84
354.668 0.814
355.483 0.815
356.286 0.803
357.074 0.788
357.873 0.799
358.691 0.818
359.515 0.824
360.359 0.844
361.185 0.826
361.986 0.801
362.777 0.791
363.544 0.767
369.994 0.735
370.734 0.74
371.47 0.736
372.211 0.741
372.964 0.753
373.719 0.755
374.471 0.752
375.28 0.809
376.101 0.821
376.918 0.817
377.72 0.802
378.511 0.791
379.333 0.822
380.187 0.854
381.038 0.851
381.892 0.854
382.743 0.851
383.593 0.85
384.446 0.853
385.29 0.844
386.139 0.849
386.991 0.852
387.819 0.828
388.623 0.804
389.421 0.798
390.21 0.789
390.954 0.744
391.677 0.723
392.419 0.742
393.194 0.775
393.989 0.795
394.8 0.811
395.594 0.794
396.391 0.797
397.177 0.786
397.961 0.784
398.749 0.788
399.545 0.796
400.33 0.785
401.094 0.764
401.845 0.751
402.58 0.735
403.288 0.708
403.971 0.683