0.000 0.276
0.276 0.276
6.395 6.119
6.999 0.604
7.617 0.618
8.239 0.622
8.865 0.626
12.006 3.141
12.663 0.657
13.329 0.666
14.001 0.672
14.689 0.688
15.396 0.707
16.089 0.693
16.769 0.68
17.427 0.658
18.07 0.643
18.718 0.648
19.367 0.649
20.041 0.674
20.768 0.727
21.51 0.742
22.24 0.73
22.959 0.719
23.643 0.684
24.328 0.685
24.98 0.652
25.624 0.644
26.269 0.645
26.915 0.646
27.548 0.633
28.212 0.664
28.932 0.72
29.681 0.749
30.443 0.762
31.207 0.764
31.994 0.787
32.797 0.803
33.61 0.813
34.421 0.811
35.197 0.776
35.919 0.722
36.669 0.75
37.42 0.751
38.2 0.78
38.937 0.737
39.672 0.735
40.421 0.749
41.199 0.778
41.997 0.798
42.793 0.796
43.589 0.796
44.394 0.805
45.195 0.801
45.96 0.765
46.717 0.757
47.5 0.783
48.304 0.804
49.105 0.801
49.889 0.784
50.639 0.75
51.385 0.746
52.132 0.747
52.866 0.734
53.574 0.708
54.287 0.713
55.029 0.742
55.81 0.781
56.559 0.749
57.273 0.714
58.011 0.738
58.767 0.756
59.569 0.802
60.404 0.835
61.248 0.844
62.071 0.823
62.892 0.821
63.712 0.82
64.534 0.822
65.348 0.814
66.19 0.842
67.038 0.848
67.89 0.852
68.733 0.843
69.606 0.873
70.499 0.893
71.37 0.871
72.232 0.862
73.056 0.824
73.833 0.777
74.647 0.814
75.475 0.828
76.28 0.805
87.249 10.969
87.998 0.749
88.761 0.763
89.537 0.776
90.321 0.784
91.087 0.766
91.866 0.779
92.667 0.801
93.46 0.793
94.236 0.776
95.045 0.809
95.854 0.809
96.67 0.816
97.479 0.809
98.235 0.756
98.954 0.719
99.686 0.732
100.459 0.773
101.244 0.785
102.06 0.816
102.878 0.818
103.669 0.791
104.471 0.802
105.279 0.808
106.066 0.787
106.837 0.771
107.58 0.743
108.331 0.751
109.087 0.756
109.845 0.758
110.618 0.773
111.396 0.778
112.203 0.807
113.029 0.826
113.849 0.82
114.647 0.798
115.423 0.776
116.199 0.776
116.975 0.776
117.768 0.793
118.566 0.798
119.346 0.78
120.126 0.78
120.917 0.791
121.716 0.799
122.518 0.802
123.313 0.795
124.088 0.775
124.853 0.765
125.595 0.742
126.318 0.723
127.054 0.736
127.807 0.753
128.585 0.778
129.372 0.787
130.17 0.798
130.979 0.809
131.792 0.813
132.613 0.821
133.413 0.8
134.236 0.823
135.056 0.82
135.874 0.818
136.666 0.792
137.439 0.773
138.22 0.781
139.005 0.785
139.793 0.788
140.592 0.799
141.382 0.79
142.182 0.8
142.926 0.744
143.631 0.705
144.321 0.69
145.013 0.692
145.707 0.694
146.419 0.712
147.135 0.716
147.858 0.723
148.596 0.738
149.343 0.747
150.083 0.74
150.813 0.73
151.535 0.722
152.258 0.723
152.977 0.719
153.671 0.694
154.378 0.707
155.087 0.709
155.811 0.724
156.546 0.735
157.279 0.733
158.0 0.721
158.728 0.728
159.465 0.737
160.213 0.748
160.968 0.755
161.731 0.763
162.491 0.76
169.206 6.715
169.997 0.791
170.782 0.785
171.559 0.777
172.333 0.774
173.123 0.79
173.911 0.788
174.734 0.823
175.569 0.835
176.41 0.841
177.217 0.807
177.989 0.772
178.732 0.743
179.439 0.707
180.147 0.708
180.908 0.761
181.74 0.832
182.581 0.841
183.417 0.836
184.275 0.858
185.114 0.839
185.932 0.818
186.755 0.823
187.553 0.798
188.352 0.799
189.135 0.783
189.902 0.767
190.663 0.761
191.401 0.738
192.132 0.731
192.853 0.721
193.58 0.727
194.322 0.742
195.053 0.731
195.809 0.756
196.576 0.767
197.338 0.762
198.091 0.753
198.834 0.743
199.588 0.754
200.356 0.768
201.125 0.769
201.856 0.731
202.569 0.713
203.29 0.721
204.004 0.714
204.721 0.717
205.435 0.714
206.16 0.725
206.898 0.738
207.653 0.755
208.397 0.744
209.127 0.73
209.842 0.715
210.574 0.732
211.295 0.721
212.021 0.726
212.738 0.717
213.458 0.72
214.165 0.707
214.898 0.733
215.633 0.735
216.366 0.733
217.099 0.733
217.82 0.721
218.533 0.713
219.239 0.706
219.931 0.692
220.648 0.717
221.359 0.711
222.092 0.733
222.882 0.79
223.738 0.856
224.647 0.909
225.559 0.912
226.455 0.896
227.336 0.881
228.154 0.818
228.93 0.776
229.675 0.745
230.404 0.729
231.12 0.716
231.818 0.698
232.553 0.735
233.315 0.762
234.086 0.771
234.842 0.756
235.592 0.75
236.342 0.75
237.073 0.731
237.777 0.704
238.495 0.718
239.231 0.736
240.001 0.77
240.77 0.769
241.557 0.787
242.366 0.809
243.195 0.829
244.027 0.832
244.859 0.832
245.684 0.825
246.46 0.776
247.206 0.746
247.969 0.763
248.763 0.794
249.597 0.834
250.443 0.846
251.295 0.852
252.14 0.845
252.962 0.822
253.738 0.776
254.509 0.771
255.303 0.794
256.119 0.816
256.935 0.816
257.75 0.815
258.558 0.808
259.348 0.79
260.126 0.778
260.863 0.737
261.598 0.735
262.336 0.738
263.094 0.758
263.88 0.786
264.65 0.77
265.39 0.74
266.169 0.779
266.973 0.804
267.796 0.823
268.631 0.835
269.462 0.831
270.281 0.819
271.052 0.771
271.788 0.736
272.518 0.73
273.262 0.744
274.038 0.776
274.854 0.816
275.691 0.837
276.495 0.804
277.27 0.775
278.031 0.761
278.772 0.741
279.492 0.72
280.186 0.694
280.864 0.678
281.534 0.67
282.211 0.677
282.916 0.705
283.657 0.741
284.439 0.782
285.255 0.816
286.074 0.819
286.88 0.806
287.679 0.799
288.48 0.801
289.272 0.792
290.052 0.78
290.819 0.767
291.566 0.747
292.301 0.735
293.019 0.718
293.724 0.705
294.417 0.693
295.112 0.695
295.825 0.713
296.583 0.758
297.408 0.825
298.266 0.858
299.137 0.871
300.034 0.897
300.935 0.901
301.825 0.89
302.708 0.883
303.592 0.884
304.472 0.88
305.323 0.851
306.195 0.872
307.067 0.872
307.924 0.857
308.778 0.854
309.613 0.835
310.419 0.806
311.175 0.756
311.915 0.74
312.652 0.737
313.403 0.751
314.173 0.77
314.948 0.775
315.732 0.784
316.533 0.801
317.337 0.804
318.138 0.801
318.906 0.768
319.653 0.747
320.381 0.728
321.094 0.713
321.791 0.697
322.475 0.684
323.146 0.671
323.803 0.657
324.473 0.67
325.184 0.711
325.954 0.77
326.769 0.815
327.621 0.852
328.485 0.864
329.359 0.874
330.234 0.875
331.069 0.835
331.884 0.815
332.671 0.787
333.427 0.756
334.166 0.739
334.921 0.755
335.702 0.781
336.515 0.813
337.336 0.821
338.137 0.801
338.911 0.774
339.668 0.757
340.429 0.761
341.189 0.76
341.974 0.785
342.759 0.785
343.553 0.794
344.333 0.78
345.114 0.781
345.89 0.776
346.653 0.763
347.429 0.776
348.2 0.771
348.975 0.775
349.734 0.759
350.487 0.753
351.241 0.754
351.972 0.731
352.714 0.742
353.471 0.757
354.252 0.781
355.039 0.787
355.833 0.794
356.629 0.796
357.417 0.788
358.19 0.773
358.966 0.776
359.736 0.77
360.504 0.768
361.275 0.771
362.048 0.773
362.841 0.793
363.638 0.797
364.416 0.778
365.198 0.782
365.98 0.782
366.767 0.787
367.527 0.76
368.258 0.731
368.997 0.739
369.734 0.737
370.483 0.749
371.247 0.764
372.012 0.765
372.771 0.759
373.497 0.726
374.242 0.745
375.02 0.778
375.801 0.781
376.584 0.783
377.38 0.796
378.182 0.802
378.996 0.814
379.804 0.808
380.586 0.782
381.332 0.746
382.046 0.714
382.756 0.71
383.453 0.697
384.154 0.701
384.872 0.718
385.639 0.767
386.424 0.785
387.241 0.817
388.064 0.823
388.891 0.827
389.724 0.833
390.533 0.809
391.331 0.798
392.117 0.786
392.879 0.762
393.593 0.714
394.281 0.688
394.965 0.684
395.642 0.677
396.306 0.664
396.99 0.684
397.694 0.704
398.425 0.731
399.186 0.761
399.984 0.798
400.805 0.821
401.627 0.822
402.453 0.826
403.271 0.818
404.095 0.824
404.899 0.804
405.69 0.791
406.469 0.779
407.241 0.772
408.016 0.775
408.797 0.781
409.587 0.79
410.39 0.803
411.184 0.794
411.966 0.782
412.756 0.79
413.561 0.805
414.376 0.815
415.192 0.816
416.002 0.81
416.816 0.814
417.644 0.828
418.481 0.837
419.309 0.828
420.15 0.841
420.994 0.844
421.83 0.836
422.671 0.841
423.495 0.824
424.319 0.824
425.138 0.819
425.934 0.796
426.734 0.8
427.534 0.8
428.37 0.836
429.236 0.866
430.08 0.844
430.933 0.853
431.78 0.847
432.618 0.838
433.445 0.827
434.258 0.813
435.089 0.831
435.919 0.83
436.734 0.815
437.533 0.799
438.335 0.802
439.164 0.829
440.0 0.836
440.818 0.818
441.627 0.809
442.435 0.808
443.223 0.788
444.019 0.796
444.838 0.819
445.696 0.858
446.544 0.848
447.372 0.828
448.17 0.798
448.983 0.813
449.799 0.816
450.609 0.81
451.456 0.847
452.32 0.864
453.184 0.864
454.054 0.87
454.92 0.866
455.783 0.863
456.633 0.85
457.472 0.839
458.287 0.815
459.092 0.805
467.993 8.901
468.879 0.886
469.759 0.88
470.587 0.828
471.371 0.784
472.153 0.782
472.932 0.779
473.726 0.794
474.535 0.809
475.333 0.798
476.146 0.813
476.957 0.811
477.77 0.813
478.572 0.802
479.358 0.786
480.133 0.775
480.908 0.775
481.668 0.76
482.426 0.758
483.206 0.78
484.012 0.806
484.833 0.821
485.655 0.822
486.482 0.827
487.308 0.826
488.111 0.803
488.911 0.8
489.705 0.794
490.489 0.784
491.271 0.782
492.046 0.775
492.856 0.81
493.686 0.83
494.515 0.829
495.348 0.833
496.182 0.834
497.027 0.845
497.869 0.842
498.696 0.827
499.517 0.821
500.331 0.814
501.131 0.8
501.925 0.794
502.707 0.782
503.487 0.78
504.28 0.793
505.066 0.786
505.809 0.743
506.534 0.725
507.264 0.73
508.014 0.75
508.781 0.767
514.223 5.442
514.992 0.769
515.776 0.784
516.577 0.801
517.334 0.757
518.067 0.733
518.8 0.733
519.514 0.714
520.223 0.709
520.932 0.709
521.652 0.72
522.406 0.754
523.218 0.812
524.057 0.839
524.892 0.835
525.725 0.833
526.567 0.842
527.392 0.825
528.198 0.806
528.988 0.79
529.741 0.753
530.454 0.713
531.14 0.686
531.821 0.681
532.501 0.68
533.204 0.703
533.941 0.737
534.739 0.798
535.565 0.826
536.406 0.841
537.233 0.827
538.053 0.82
538.882 0.829
539.701 0.819
540.507 0.806
541.327 0.82
542.147 0.82
542.96 0.813
543.794 0.834
544.647 0.853
545.499 0.852
546.321 0.822
547.122 0.801
547.917 0.795
548.715 0.798
549.537 0.822
550.345 0.808
551.15 0.805
551.969 0.819
552.801 0.832
553.635 0.834
554.472 0.837
555.321 0.849
556.159 0.838
557.032 0.873
557.866 0.834
558.705 0.839
559.535 0.83
560.346 0.811
561.139 0.793
561.961 0.822
562.794 0.833
563.647 0.853
564.48 0.833
565.303 0.823
566.142 0.839
566.995 0.853
567.836 0.841
568.666 0.83
569.502 0.836
570.329 0.827
571.176 0.847
572.013 0.837
572.843 0.83
573.665 0.822
574.446 0.781
575.18 0.734
575.887 0.707
576.621 0.734
577.394 0.773
578.204 0.81
579.029 0.825
579.843 0.814
580.64 0.797
581.42 0.78
582.209 0.789
583.084 0.875
583.98 0.896
584.879 0.899
585.76 0.881
586.637 0.877
587.494 0.857
588.34 0.846
589.192 0.852
590.034 0.842
590.878 0.844
591.715 0.837
592.562 0.847
593.411 0.849
594.271 0.86
595.125 0.854
595.963 0.838
596.804 0.841
597.629 0.825
598.45 0.821
599.277 0.827
600.103 0.826
600.919 0.816
601.78 0.861
602.637 0.857
603.478 0.841
604.334 0.856
605.199 0.865
606.046 0.847
606.889 0.843
607.725 0.836
608.528 0.803
609.301 0.773
610.089 0.788
610.879 0.79
611.665 0.786
612.438 0.773
613.198 0.76
620.213 7.015
620.991 0.778
629.814 8.823
630.669 0.855
631.537 0.868
632.392 0.855
633.245 0.853
634.08 0.835
634.892 0.812
635.726 0.834
636.558 0.832
637.34 0.782
638.114 0.774
638.884 0.77
639.65 0.766
640.398 0.748
641.11 0.712
641.838 0.728
642.603 0.765
643.406 0.803
644.238 0.832
645.094 0.856
645.95 0.856
646.815 0.865
647.678 0.863
648.526 0.848
649.364 0.838
650.18 0.816
650.973 0.793
651.762 0.789
652.565 0.803
653.381 0.816
654.209 0.828
655.063 0.854
655.929 0.866
656.796 0.867
657.65 0.854
658.464 0.814
659.264 0.8
660.091 0.827
660.933 0.842
661.78 0.847
662.622 0.842
663.472 0.85
664.3 0.828
665.107 0.807
665.917 0.81
666.71 0.793
667.506 0.796
668.302 0.796
669.082 0.78
669.86 0.778
670.666 0.806
671.493 0.827
672.301 0.808
673.062 0.761
673.83 0.768
674.604 0.774
675.403 0.799
676.222 0.819
677.051 0.829
677.859 0.808
678.68 0.821
679.511 0.831
680.352 0.841
681.188 0.836
682.039 0.851
682.883 0.844
683.729 0.846
684.604 0.875
685.487 0.883
686.364 0.877
687.243 0.879
688.092 0.849
688.92 0.828
689.744 0.824
690.58 0.836
691.413 0.833
692.243 0.83
693.05 0.807
693.834 0.784
694.626 0.792
695.425 0.799
696.243 0.818
697.035 0.792
697.83 0.795
698.648 0.818
699.494 0.846
700.334 0.84
701.191 0.857
702.029 0.838
702.851 0.822
703.676 0.825
704.487 0.811
705.278 0.791
706.066 0.788
706.833 0.767
707.59 0.757
708.348 0.758
709.098 0.75
709.852 0.754
710.603 0.751
711.368 0.765
712.133 0.765
712.896 0.763
713.685 0.789
714.472 0.787
715.265 0.793
716.084 0.819
716.878 0.794
717.674 0.796
718.452 0.778
719.21 0.758
719.961 0.751
720.711 0.75
721.452 0.741
722.232 0.78
723.051 0.819
723.899 0.848
724.718 0.819
725.481 0.763
726.208 0.727
726.926 0.718
727.646 0.72
728.363 0.717
729.1 0.737
729.855 0.755
730.628 0.773
731.417 0.789
732.216 0.799
733.026 0.81
733.844 0.818
734.655 0.811
735.459 0.804
736.246 0.787
737.069 0.823
737.919 0.85
738.761 0.842
739.551 0.79
740.295 0.744
741.019 0.724
741.733 0.714
742.433 0.7
743.131 0.698
743.829 0.698
744.542 0.713
745.29 0.748
746.088 0.798
746.923 0.835
747.784 0.861
748.656 0.872
749.526 0.87
750.372 0.846
751.196 0.824
752.013 0.817
752.796 0.783
753.591 0.795
754.358 0.767
755.13 0.772
755.864 0.734
756.597 0.733
757.347 0.75
758.109 0.762
758.868 0.759
759.651 0.783
760.443 0.792
761.236 0.793
762.031 0.795
762.831 0.8
763.612 0.781
764.407 0.795
765.216 0.809
766.001 0.785
766.793 0.792
767.562 0.769
768.342 0.78
775.989 7.647
776.768 0.779
777.552 0.784
778.324 0.772
779.108 0.784
779.877 0.769
780.651 0.774
781.414 0.763
782.209 0.795
783.018 0.809
783.829 0.811
784.643 0.814
785.465 0.822
786.261 0.796
787.055 0.794
787.841 0.786
788.61 0.769
789.369 0.759
790.137 0.768
790.923 0.786
791.71 0.787
792.486 0.776
793.263 0.777
794.036 0.773
794.821 0.785
795.606 0.785
796.384 0.778
797.143 0.759
797.922 0.779
798.679 0.757
799.423 0.744
800.162 0.739
800.88 0.718
801.573 0.693
802.252 0.679
802.942 0.69
803.638 0.696
804.347 0.709
805.08 0.733
805.826 0.746
806.557 0.731
807.3 0.743
808.039 0.739
808.783 0.744
809.533 0.75
810.276 0.743
811.025 0.749
811.776 0.751
812.529 0.753
813.272 0.743
814.031 0.759
814.805 0.774
815.581 0.776
816.369 0.788
817.179 0.81
818.004 0.825
818.826 0.822
819.642 0.816
820.431 0.789
821.214 0.783
822.005 0.791
822.797 0.792
823.588 0.791
824.397 0.809
825.215 0.818
826.036 0.821
826.836 0.8
827.626 0.79
828.416 0.79
829.197 0.781
829.967 0.77
830.742 0.775
831.522 0.78
832.313 0.791
833.109 0.796
833.894 0.785
834.679 0.785
835.457 0.778
836.237 0.78
837.039 0.802
837.87 0.831
838.695 0.825
839.516 0.821
840.311 0.795
841.076 0.765
841.829 0.753
842.571 0.742
843.298 0.727
844.017 0.719
844.734 0.717
845.506 0.772
846.338 0.832
847.182 0.844
848.036 0.854
848.881 0.845
849.719 0.838
850.568 0.849
851.429 0.861
852.278 0.849
853.108 0.83
853.904 0.796
854.675 0.771
855.46 0.785
856.266 0.806
857.11 0.844
857.943 0.833
858.781 0.838
859.622 0.841
860.427 0.805
861.248 0.821
862.063 0.815
862.878 0.815
863.675 0.797
864.479 0.804
865.289 0.81
866.077 0.788
866.888 0.811
867.701 0.813
868.521 0.82
869.342 0.821
870.168 0.826
870.961 0.793
871.765 0.804
872.563 0.798
873.355 0.792
874.148 0.793
874.962 0.814
875.786 0.824
876.615 0.829
877.422 0.807
878.237 0.815
879.049 0.812
879.856 0.807
880.659 0.803
881.459 0.8
882.25 0.791
883.031 0.781
883.799 0.768
884.582 0.783
885.358 0.776
886.143 0.785
886.921 0.778
887.694 0.773
888.454 0.76
889.211 0.757
889.964 0.753
890.744 0.78
891.525 0.781
892.303 0.778
893.082 0.779
893.849 0.767
894.632 0.783
895.448 0.816
896.251 0.803
897.047 0.796
897.821 0.774
898.575 0.754
899.329 0.754
900.075 0.746
900.839 0.764
901.629 0.79
902.412 0.783
903.193 0.781
903.97 0.777
904.759 0.789
905.558 0.799
906.351 0.793
907.141 0.79
907.915 0.774
908.667 0.752
909.402 0.735
910.128 0.726
910.831 0.703
911.536 0.705
912.263 0.727
913.019 0.756
913.784 0.765
914.575 0.791
915.394 0.819
916.206 0.812
917.039 0.833
917.893 0.854
918.749 0.856
919.583 0.834
920.392 0.809
921.183 0.791
921.953 0.77
922.71 0.757
923.473 0.763
924.234 0.761
924.984 0.75
925.74 0.756
926.506 0.766
927.312 0.806
928.145 0.833
929.001 0.856
929.863 0.862
930.703 0.84