0.000 0.847
0.847 0.847
1.672 0.825
2.497 0.825
3.255 0.758
4.01 0.755
4.753 0.743
5.533 0.78
6.402 0.869
7.4 0.998
8.392 0.992
9.379 0.987
10.358 0.979
11.286 0.928
12.217 0.931
13.085 0.868
14.022 0.937
14.978 0.956
15.912 0.934
21.999 6.087
22.924 0.925
23.851 0.927
24.771 0.92
25.69 0.919
26.606 0.916
27.491 0.885
28.31 0.819
29.159 0.849
30.086 0.927
31.069 0.983
32.017 0.948
32.927 0.91
33.789 0.862
34.604 0.815
35.42 0.816
36.266 0.846
37.168 0.902
38.132 0.964
39.135 1.003
40.182 1.047
41.119 0.937
42.043 0.924
42.938 0.895
43.807 0.869
44.654 0.847
45.496 0.842
46.352 0.856
47.243 0.891
48.183 0.94
49.193 1.01
50.224 1.031
51.113 0.889
52.062 0.949
53.017 0.955
53.956 0.939
54.855 0.899
55.802 0.947
56.762 0.96
57.705 0.943
58.662 0.957
59.607 0.945
60.568 0.961
61.517 0.949
62.496 0.979
63.465 0.969
64.433 0.968
65.364 0.931
66.34 0.976
67.321 0.981
68.294 0.973
69.259 0.965
70.184 0.925
71.074 0.89
72.013 0.939
73.004 0.991
73.943 0.939
74.847 0.904
75.644 0.797
76.405 0.761
77.208 0.803
78.073 0.865
79.015 0.942
79.973 0.958
80.922 0.949
81.793 0.871
82.708 0.915
83.675 0.967
84.691 1.016
85.703 1.012
86.652 0.949
87.594 0.942
88.539 0.945
89.494 0.955
90.437 0.943
91.352 0.915
92.315 0.963
93.323 1.008
94.253 0.93
95.205 0.952
96.194 0.989
97.1 0.906
98.044 0.944
99.002 0.958
99.904 0.902
100.811 0.907
101.751 0.94
102.683 0.932
103.606 0.923
104.542 0.936
105.472 0.93
106.397 0.925
107.266 0.869
108.19 0.924
109.122 0.932
110.058 0.936
110.992 0.934
111.919 0.927
112.817 0.898
113.741 0.924
114.678 0.937
115.558 0.88
116.43 0.872
117.266 0.836
118.116 0.85
118.901 0.785
119.655 0.754
120.43 0.775
121.264 0.834
122.143 0.879
123.029 0.886
123.87 0.841
124.705 0.835
125.538 0.833
126.34 0.802
127.137 0.797
128.02 0.883
129.061 1.041
130.128 1.067
131.178 1.05
132.07 0.892
132.985 0.915
133.932 0.947
134.873 0.941
135.807 0.934
136.721 0.914
137.657 0.936
138.609 0.952
139.536 0.927
140.426 0.89
141.337 0.911
142.214 0.877
143.141 0.927
144.087 0.946
145.037 0.95
145.974 0.937
146.901 0.927
147.776 0.875
148.656 0.88
149.571 0.915
150.519 0.948
151.471 0.952
152.4 0.929
153.279 0.879
154.188 0.909
155.123 0.935
156.048 0.925
156.944 0.896
157.819 0.875
158.729 0.91
159.638 0.909
160.463 0.825
161.25 0.787
161.977 0.727
162.768 0.791
163.633 0.865
164.579 0.946
165.468 0.889
166.38 0.912
167.31 0.93
168.208 0.898
169.104 0.896
170.002 0.898
170.909 0.907
171.774 0.865
172.227 0.453
172.56 0.333
173.304 0.744
174.072 0.768
174.865 0.793
175.9 1.035
176.911 1.011
177.918 1.007
178.88 0.962
179.755 0.875
180.613 0.858
181.501 0.888
182.438 0.937
183.476 1.038
184.432 0.956
185.382 0.95
186.296 0.914
187.237 0.941
188.175 0.938
189.089 0.914
190.014 0.925
190.941 0.927
191.855 0.914
192.776 0.921
193.718 0.942
194.601 0.883
195.52 0.919
196.456 0.936
197.396 0.94
198.337 0.941
199.268 0.931
200.199 0.931
201.125 0.926
202.063 0.938
203.021 0.958
203.958 0.937
204.904 0.946
205.83 0.926
206.721 0.891
207.669 0.948
208.613 0.944
209.587 0.974
210.548 0.961
211.471 0.923
212.441 0.97
213.413 0.972
214.381 0.968
215.312 0.931
216.27 0.958
217.21 0.94
218.128 0.918
219.075 0.947
219.984 0.909
220.918 0.934
221.854 0.936
222.798 0.944
223.752 0.954
224.692 0.94
225.575 0.883
226.492 0.917
227.347 0.855
228.242 0.895
229.175 0.933
230.121 0.946
231.007 0.886
231.875 0.868
232.73 0.855
233.59 0.86
234.475 0.885
235.327 0.852
236.167 0.84
237.018 0.851
237.887 0.869
238.765 0.878
239.638 0.873
240.478 0.84
241.311 0.833
242.09 0.779
242.836 0.746
243.591 0.755
244.349 0.758
245.165 0.816
246.013 0.848
246.921 0.908
247.77 0.849
248.648 0.878
249.5 0.852
250.273 0.773
251.057 0.784
251.893 0.836
252.834 0.941
253.791 0.957
254.805 1.014
255.857 1.052
256.827 0.97
257.733 0.906
258.654 0.921
259.576 0.922
260.399 0.823
261.251 0.852
262.209 0.958
263.213 1.004
264.096 0.883
264.953 0.857
265.815 0.862
266.677 0.862
267.539 0.862
268.334 0.795
269.061 0.727
269.774 0.713
270.485 0.711
271.284 0.799
272.267 0.983
273.201 0.934
274.164 0.963
275.139 0.975
276.105 0.966
277.009 0.904
277.898 0.889
278.806 0.908
279.732 0.926
280.6 0.868
281.499 0.899
282.404 0.905
283.304 0.9
284.163 0.859
285.059 0.896
285.979 0.92
286.913 0.934
287.797 0.884
288.688 0.891
289.58 0.892
290.474 0.894
291.322 0.848
292.202 0.88
293.16 0.958
294.078 0.918
294.95 0.872
295.86 0.91
296.765 0.905
297.627 0.862
298.448 0.821
299.2 0.752
299.946 0.746
300.775 0.829
301.695 0.92
302.564 0.869
303.482 0.918
304.409 0.927
305.33 0.921
306.163 0.833
307.007 0.844
307.888 0.881
308.799 0.911
309.671 0.872
310.55 0.879
311.449 0.899
312.357 0.908
313.186 0.829
314.025 0.839
314.893 0.868
315.796 0.903
316.661 0.865
317.472 0.811
318.299 0.827
319.157 0.858
320.031 0.874
320.883 0.852
321.707 0.824
322.591 0.884
323.475 0.884
324.361 0.886
325.226 0.865
326.105 0.879
326.994 0.889
327.322 0.328
327.791 0.469
328.529 0.738
328.902 0.373
329.238 0.336
329.939 0.701
330.634 0.695
331.33 0.696
332.099 0.769
333.034 0.935
333.991 0.957
334.918 0.927
335.854 0.936
336.776 0.922
337.695 0.919
338.639 0.944
339.556 0.917
340.47 0.914
341.391 0.921
342.341 0.95
343.286 0.945
344.204 0.918
345.116 0.912
346.025 0.909
346.94 0.915
347.826 0.886
348.725 0.899
349.621 0.896
350.471 0.85
351.3 0.829
352.159 0.859
353.029 0.87
353.897 0.868
354.72 0.823
355.557 0.837
356.427 0.87
357.322 0.895
358.196 0.874
359.072 0.876
359.969 0.897
360.9 0.931
361.815 0.915
362.691 0.876
363.548 0.857
364.398 0.85
365.257 0.859
366.083 0.826
366.915 0.832
367.776 0.861
368.615 0.839
369.528 0.913
370.516 0.988
371.506 0.99
372.423 0.917
373.334 0.911
374.238 0.904
375.14 0.902
376.056 0.916
376.972 0.916
377.892 0.92
378.772 0.88
379.673 0.901
380.592 0.919
381.517 0.925
382.44 0.923
383.366 0.926
384.281 0.915
385.199 0.918
386.099 0.9
387.012 0.913
387.918 0.906
388.803 0.885
389.602 0.799
390.398 0.796
391.241 0.843
392.014 0.773
392.742 0.728
393.449 0.707
394.147 0.698
394.855 0.708
395.686 0.831
396.652 0.966
397.533 0.881
398.484 0.951
399.532 1.048
400.557 1.025
401.479 0.922
402.4 0.921
403.335 0.935
404.25 0.915
404.801 0.551
405.105 0.304
405.983 0.878
406.905 0.922
407.826 0.921
408.742 0.916
409.235 0.493
409.617 0.382
410.53 0.913
411.441 0.911
412.331 0.89
413.202 0.871
414.098 0.896
415.007 0.909
415.923 0.916
416.818 0.895
417.746 0.928
418.674 0.928
419.573 0.899
420.483 0.91
421.395 0.912
422.297 0.902
423.224 0.927
424.165 0.941
425.114 0.949
426.016 0.902
426.954 0.938
427.872 0.918
428.754 0.882
429.658 0.904
430.585 0.927
431.499 0.914
432.4 0.901
433.329 0.929
434.261 0.932
434.566 0.305
434.837 0.271
435.136 0.299
436.021 0.885
436.956 0.935
437.871 0.915
438.791 0.92
439.725 0.934
440.649 0.924
441.589 0.94
442.533 0.944
443.482 0.949
444.419 0.937
445.326 0.907
446.257 0.931
447.194 0.937
448.113 0.919
449.044 0.931
449.973 0.929
450.908 0.935
451.824 0.916
452.749 0.925
453.676 0.927
454.578 0.902
455.492 0.914
456.408 0.916
457.314 0.906
458.238 0.924
459.149 0.911
460.056 0.907
460.968 0.912
461.848 0.88
462.111 0.263
462.687 0.576
463.462 0.775
464.301 0.839
465.201 0.9
465.981 0.78
466.77 0.789
467.491 0.721
468.24 0.749
468.997 0.757
469.763 0.766
470.597 0.834
471.537 0.94
472.476 0.939
473.362 0.886
474.279 0.917
475.175 0.896
476.055 0.88
476.967 0.912
477.892 0.925
478.766 0.874
479.684 0.918
480.61 0.926
481.487 0.877
482.322 0.835
483.161 0.839
484.017 0.856
484.852 0.835
485.737 0.885
486.588 0.851
487.458 0.87
488.338 0.88
489.206 0.868
490.028 0.822
490.893 0.865
491.739 0.846
492.526 0.787
493.36 0.834
494.262 0.902
496.003 1.741
496.854 0.851
497.691 0.837
498.089 0.398
498.368 0.279
499.308 0.94
500.137 0.829
500.9 0.763
501.73 0.83
502.622 0.892
503.515 0.893
504.197 0.682
505.271 1.074
506.181 0.91
507.05 0.869
507.42 0.37
507.711 0.291
508.79 1.079
509.691 0.901
510.661 0.97
511.584 0.923
512.477 0.893
513.366 0.889
514.263 0.897
515.133 0.87
516.035 0.902
516.916 0.881
517.763 0.847
518.65 0.887
519.332 0.682
519.726 0.394
520.138 0.412
520.44 0.302
521.323 0.883
522.223 0.9
523.117 0.894
523.996 0.879
524.891 0.895
525.766 0.875
526.62 0.854
527.46 0.84
528.372 0.912
529.252 0.88
530.152 0.9
531.053 0.901
531.958 0.905
532.818 0.86
533.718 0.9
534.617 0.899
535.494 0.877
536.389 0.895
537.305 0.916
538.226 0.921
539.118 0.892
540.034 0.916
540.961 0.927
541.861 0.9
542.744 0.883
543.652 0.908
544.541 0.889
545.421 0.88
546.34 0.919
547.26 0.92
548.02 0.76
548.297 0.277
548.59 0.293
549.061 0.471
549.892 0.831
550.15 0.258
550.654 0.504
556.992 6.338
558.767 1.775
559.679 0.912
559.936 0.257
560.387 0.451
562.792 2.405
563.182 0.39
564.081 0.899
564.993 0.912
565.887 0.894
566.19 0.303
566.757 0.567
567.652 0.895
568.552 0.9
569.416 0.864
570.3 0.884
571.209 0.909
572.112 0.903
573.0 0.888
573.882 0.882
574.769 0.887
575.662 0.893
576.571 0.909
577.463 0.892
578.355 0.892
579.264 0.909
580.167 0.903
581.067 0.9
581.975 0.908
582.912 0.937
583.771 0.859
584.652 0.881
585.552 0.9
586.463 0.911
587.355 0.892
588.242 0.887
589.134 0.892
589.988 0.854
590.781 0.793
591.538 0.757
592.36 0.822
593.285 0.925
594.27 0.985
595.182 0.912
596.043 0.861
596.927 0.884
597.847 0.92
598.772 0.925
599.675 0.903
600.546 0.871
601.457 0.911
602.365 0.908
603.283 0.918
604.162 0.879
605.089 0.927
605.987 0.898
606.85 0.863
607.673 0.823
608.437 0.764
609.193 0.756
609.97 0.777
610.772 0.802
611.743 0.971
612.772 1.029
613.814 1.042
614.788 0.974
615.714 0.926
616.641 0.927
617.51 0.869
618.421 0.911
619.312 0.891
620.178 0.866
621.001 0.823
621.901 0.9
622.865 0.964
623.798 0.933
624.67 0.872
625.588 0.918
626.531 0.943
627.448 0.917
628.323 0.875
629.237 0.914
630.147 0.91
631.021 0.874
631.886 0.865
632.757 0.871
633.593 0.836
634.456 0.863
635.339 0.883
636.22 0.881
637.174 0.954
638.141 0.967
639.08 0.939
640.024 0.944
640.863 0.839
641.636 0.773
642.41 0.774
643.197 0.787
643.997 0.8
644.758 0.761
645.569 0.811
646.444 0.875
647.369 0.925
648.184 0.815
648.926 0.742
649.642 0.716
650.395 0.753
651.143 0.748
651.954 0.811
652.834 0.88
653.698 0.864
654.556 0.858
655.42 0.864
656.347 0.927
657.375 1.028
658.322 0.947
659.22 0.898
660.115 0.895
661.018 0.903
661.92 0.902
662.816 0.896
663.721 0.905
664.625 0.904
665.53 0.905
666.436 0.906
667.342 0.906
668.233 0.891
669.147 0.914
670.041 0.894
670.946 0.905
671.861 0.915
672.751 0.89
673.649 0.898
674.547 0.898
675.448 0.901
676.313 0.865
677.22 0.907
678.086 0.866
678.852 0.766
679.621 0.769
680.443 0.822
681.344 0.901
682.166 0.822
683.026 0.86
683.91 0.884
684.762 0.852
685.649 0.887
686.549 0.9
687.397 0.848
688.245 0.848
689.119 0.874
690.034 0.915
690.878 0.844
691.729 0.851
692.571 0.842
693.474 0.903
694.474 1.0
695.508 1.034
696.429 0.921
697.358 0.929
698.297 0.939
699.197 0.9
700.056 0.859
700.928 0.872
701.758 0.83
702.597 0.839
703.477 0.88
704.346 0.869
705.239 0.893
706.114 0.875
707.02 0.906
707.934 0.914
708.866 0.932
709.787 0.921
710.676 0.889
711.572 0.896
712.465 0.893
713.36 0.895
714.254 0.894
715.167 0.913
716.064 0.897
716.951 0.887
717.851 0.9
718.754 0.903
719.655 0.901
720.55 0.895
721.466 0.916
722.371 0.905
723.263 0.892
724.184 0.921
725.086 0.902
725.973 0.887
726.877 0.904
727.759 0.882
728.609 0.85
729.407 0.798
730.229 0.822
731.059 0.83
731.885 0.826
732.839 0.954
733.774 0.935
734.714 0.94
735.671 0.957
736.562 0.891
737.455 0.893
738.426 0.971
739.297 0.871
740.168 0.871
741.052 0.884
741.966 0.914
742.858 0.892
743.761 0.903
744.662 0.901
745.559 0.897
746.442 0.883
747.345 0.903
748.267 0.922
749.152 0.885
750.015 0.863
750.786 0.771
751.588 0.802
752.412 0.824
753.231 0.819
754.124 0.893
755.094 0.97
756.09 0.996
756.968 0.878
757.873 0.905
758.777 0.904
759.625 0.848
760.386 0.761
761.116 0.73
761.914 0.798
762.662 0.748
763.5 0.838
764.392 0.892
765.304 0.912
766.222 0.918
767.136 0.914
768.016 0.88
768.898 0.882
769.759 0.861
770.577 0.818
771.41 0.833
772.257 0.847
773.061 0.804
773.938 0.877
774.892 0.954
775.858 0.966
776.854 0.996
777.855 1.001
778.806 0.951
779.703 0.897
780.604 0.901
781.499 0.895
782.409 0.91
783.317 0.908
784.225 0.908
785.099 0.874
785.991 0.892
786.889 0.898
787.794 0.905
793.989 6.195
794.884 0.895
795.738 0.854
796.571 0.833
797.4 0.829
798.157 0.757
798.884 0.727
799.647 0.763
800.42 0.773
801.227 0.807
802.01 0.783
802.808 0.798
803.626 0.818
804.437 0.811
805.297 0.86
806.163 0.866
806.975 0.812
807.772 0.797
808.566 0.794
809.346 0.78
810.151 0.805
810.986 0.835
811.859 0.873
812.747 0.888
813.637 0.89
814.539 0.902
815.4 0.861
816.237 0.837
817.086 0.849
817.929 0.843
818.779 0.85
819.922 1.143
820.864 0.942
821.767 0.903
822.657 0.89
823.568 0.911
824.463 0.895
825.331 0.868
826.211 0.88
827.096 0.885
827.999 0.903
828.858 0.859
829.745 0.887
830.642 0.897
831.498 0.856
832.39 0.892
833.297 0.907
834.175 0.878
835.056 0.881
835.947 0.891
836.825 0.878
837.684 0.859
838.576 0.892
839.475 0.899
840.337 0.862
841.232 0.895
842.101 0.869
842.965 0.864
843.846 0.881
844.705 0.859
845.581 0.876
846.473 0.892
847.321 0.848
848.203 0.882
849.098 0.895
849.957 0.859
850.855 0.898
851.75 0.895
852.603 0.853
853.442 0.839
854.254 0.812
855.003 0.749
855.736 0.733
856.468 0.732
857.232 0.764
858.001 0.769
858.786 0.785
859.636 0.85
860.527 0.891
861.42 0.893
862.323 0.903
863.255 0.932
864.143 0.888
865.07 0.927
865.923 0.853
866.77 0.847
867.629 0.859
868.494 0.865
869.347 0.853
870.181 0.834
870.966 0.785
871.749 0.783
872.534 0.785
873.355 0.821
874.235 0.88
875.159 0.924
876.091 0.932
877.027 0.936
877.977 0.95
878.87 0.893
879.761 0.891
880.652 0.891
881.516 0.864
882.33 0.814
883.17 0.84
884.089 0.919
885.063 0.974
885.945 0.882
886.854 0.909
887.767 0.913
888.658 0.891
889.554 0.896
890.468 0.914
891.364 0.896
892.266 0.902
893.189 0.923
894.054 0.865
894.942 0.888
895.85 0.908
896.746 0.896
897.649 0.903
898.571 0.922
899.469 0.898
900.355 0.886
901.27 0.915
902.129 0.859
903.003 0.874
903.788 0.785
904.581 0.793
905.39 0.809
906.245 0.855
907.112 0.867
908.005 0.893
908.928 0.923
909.84 0.912
910.732 0.892
916.133 5.401
916.987 0.854
917.856 0.869
918.702 0.846
919.602 0.9
920.563 0.961
921.527 0.964
922.402 0.875
923.322 0.92
924.24 0.918
925.122 0.882
926.003 0.881
926.891 0.888
927.775 0.884
928.648 0.873
929.548 0.9
930.441 0.893
931.309 0.868
932.209 0.9
933.122 0.913
933.984 0.862
934.877 0.893
935.784 0.907
936.646 0.862
937.514 0.868
938.415 0.901
939.293 0.878
940.197 0.904
941.11 0.913
941.989 0.879
942.888 0.899
943.786 0.898
944.645 0.859
945.529 0.884
946.43 0.901
947.297 0.867
948.198 0.901
949.12 0.922
950.01 0.89
950.915 0.905
951.833 0.918
952.703 0.87
953.599 0.896
954.494 0.895
955.363 0.869
956.272 0.909
957.155 0.883
958.027 0.872
958.934 0.907
959.841 0.907
960.721 0.88
961.616 0.895
962.522 0.906
963.445 0.923
964.325 0.88
965.169 0.844
966.05 0.881
966.859 0.809
967.661 0.802
968.447 0.786
969.288 0.841
970.167 0.879
971.022 0.855
971.925 0.903
972.821 0.896
973.615 0.794
974.336 0.721
975.064 0.728
975.79 0.726
976.524 0.734
977.277 0.753
978.075 0.798
978.902 0.827
979.717 0.815
980.53 0.813
981.349 0.819
982.157 0.808
982.966 0.809
983.826 0.86
984.701 0.875
985.609 0.908
986.538 0.929
987.484 0.946
988.386 0.902
989.264 0.878
990.084 0.82
990.885 0.801
991.644 0.759
992.428 0.784
993.263 0.835
994.103 0.84
994.921 0.818
995.774 0.853
996.635 0.861
997.439 0.804
998.224 0.785
999.076 0.852
999.948 0.872
1000.799 0.851
1001.699 0.9
1002.563 0.864
1003.383 0.82
1004.201 0.818
1005.029 0.828
1005.853 0.824
1006.724 0.871
1007.599 0.875
1008.49 0.891
1009.382 0.892
1010.243 0.861
1011.116 0.873
1012.005 0.889
1012.845 0.84
1013.704 0.859
1014.588 0.884
1015.408 0.82
1016.246 0.838
1017.051 0.805
1017.879 0.828
1018.713 0.834
1019.533 0.82
1020.326 0.793
1021.131 0.805
1021.889 0.758
1022.687 0.798
1023.531 0.844
1024.429 0.898
1025.32 0.891
1026.205 0.885
1027.105 0.9
1027.976 0.871
1028.798 0.822
1029.581 0.783
1030.381 0.8
1031.25 0.869
1032.169 0.919
1032.983 0.814
1033.782 0.799
1034.583 0.801
1035.378 0.795
1036.184 0.806
1037.033 0.849
1037.872 0.839
1038.734 0.862
1039.581 0.847
1040.441 0.86
1041.293 0.852
1042.126 0.833
1042.944 0.818
1043.73 0.786
1044.503 0.773
1045.314 0.811
1046.144 0.83
1046.913 0.769
1047.724 0.811
1048.578 0.854
1049.468 0.89
1050.322 0.854
1051.191 0.869
1052.05 0.859
1052.895 0.845
1053.716 0.821
1054.491 0.775
1055.291 0.8
1056.175 0.884
1057.07 0.895
1057.893 0.823
1058.766 0.873
1059.674 0.908
1060.579 0.905
1061.456 0.877
1062.335 0.879
1063.257 0.922
1064.177 0.92
1065.036 0.859
1065.911 0.875
1066.79 0.879
1067.622 0.832
1068.487 0.865
1069.385 0.898
1070.323 0.938
1071.229 0.906
1072.152 0.923
1073.042 0.89
1073.901 0.859
1074.798 0.897
1075.7 0.902
1076.6 0.9
1077.464 0.864
1078.338 0.874
1079.227 0.889
1080.129 0.902
1081.016 0.887
1081.904 0.888
1082.816 0.912
1083.71 0.894
1084.591 0.881
1085.493 0.902
1086.417 0.924
1087.285 0.868
1088.161 0.876
1089.068 0.907
1089.968 0.9
1090.858 0.89
1091.758 0.9
1092.654 0.896
1093.528 0.874
1094.43 0.902
1095.321 0.891
1096.126 0.805
1096.938 0.812
1097.764 0.826
1098.571 0.807
1099.397 0.826
1100.24 0.843
1101.132 0.892
1101.982 0.85
1102.826 0.844
1103.691 0.865
1104.571 0.88
1105.397 0.826
1106.25 0.853
1107.129 0.879
1107.993 0.864
1108.819 0.826
1109.658 0.839
1110.516 0.858
1111.412 0.896
1112.264 0.852
1113.063 0.799
1113.893 0.83
1114.776 0.883
1115.685 0.909
1116.574 0.889
1117.504 0.93
1118.448 0.944
1119.371 0.923
1120.261 0.89
1121.159 0.898
1122.048 0.889
1122.913 0.865
1123.751 0.838
1124.6 0.849
1125.48 0.88
1126.376 0.896
1127.27 0.894
1128.186 0.916
1129.065 0.879
1129.939 0.874
1130.841 0.902
1131.731 0.89
1132.634 0.903
1133.545 0.911
1134.434 0.889
1135.323 0.889
1136.236 0.913
1137.149 0.913
1138.039 0.89
1138.889 0.85
1139.763 0.874
1140.654 0.891
1141.525 0.871
1142.392 0.867
1143.3 0.908
1144.177 0.877
1145.068 0.891
1145.971 0.903
1146.856 0.885
1147.777 0.921
1148.683 0.906
1149.564 0.881
1150.439 0.875
1151.199 0.76
1151.964 0.765
1152.731 0.767
1153.478 0.747
1154.222 0.744
1155.028 0.806
1155.91 0.882
1156.812 0.902
1157.735 0.923
1158.606 0.871
1159.417 0.811
1160.249 0.832
1161.107 0.858
1162.017 0.91
1162.886 0.869
1163.802 0.916
1164.764 0.962
1165.741 0.977
1166.661 0.92
1167.594 0.933
1168.505 0.911
1169.399 0.894
1170.283 0.884
1171.193 0.91
1172.096 0.903
1172.975 0.879
1173.876 0.901
1174.796 0.92
1175.704 0.908
1176.588 0.884
1177.497 0.909
1178.405 0.908
1179.272 0.867
1180.169 0.897
1181.085 0.916
1181.971 0.886
1182.882 0.911
1183.809 0.927
1184.703 0.894
1185.617 0.914
1186.542 0.925
1187.468 0.926
1188.336 0.868
1189.233 0.897
1190.142 0.909
1191.015 0.873
1191.898 0.883
1192.813 0.915
1193.747 0.934
1194.683 0.936
1195.599 0.916
1196.516 0.917
1197.439 0.923
1198.327 0.888
1199.24 0.913
1200.142 0.902
1200.943 0.801
1201.663 0.72
1202.408 0.745
1203.108 0.7
1203.821 0.713
1204.536 0.715
1205.288 0.752
1206.2 0.912
1207.184 0.984
1208.154 0.97
1209.114 0.96
1210.027 0.913
1210.889 0.862
1211.734 0.845
1212.587 0.853
1213.512 0.925
1214.474 0.962
1215.439 0.965
1216.397 0.958
1217.301 0.904
1218.192 0.891
1219.067 0.875
1219.897 0.83
1220.767 0.87
1221.694 0.927
1222.627 0.933
1223.543 0.916
1224.456 0.913
1225.377 0.921
1226.279 0.902
1227.165 0.886
1228.087 0.922
1229.05 0.963
1229.963 0.913
1230.871 0.908
1231.78 0.909
1232.643 0.863
1233.516 0.873
1234.396 0.88
1235.231 0.835
1236.077 0.846
1236.964 0.887
1237.898 0.934
1238.807 0.909
1239.721 0.914
1240.575 0.854
1241.363 0.788
1242.123 0.76
1242.874 0.751
1243.62 0.746
1244.402 0.782
1245.209 0.807
1246.045 0.836
1246.971 0.926
1247.906 0.935
1248.78 0.874
1249.654 0.874
1250.545 0.891
1251.432 0.887
1252.293 0.861
1253.136 0.843
1253.985 0.849
1254.885 0.9
1255.869 0.984
1256.894 1.025
1257.837 0.943
1258.758 0.921
1259.666 0.908
1260.555 0.889
1261.409 0.854
1262.304 0.895
1263.214 0.91
1264.114 0.9
1264.976 0.862
1265.741 0.765
1266.481 0.74
1267.188 0.707
1267.893 0.705
1268.604 0.711
1269.377 0.773
1270.208 0.831
1271.011 0.803
1271.862 0.851
1272.773 0.911
1273.74 0.967
1274.647 0.907
1275.567 0.92
1276.458 0.891
1277.325 0.867
1278.208 0.883
1279.142 0.934
1280.089 0.947
1280.989 0.9
1281.898 0.909
1282.835 0.937
1283.75 0.915
1284.618 0.868
1285.509 0.891
1286.423 0.914
1287.339 0.916
1288.215 0.876
1289.122 0.907
1290.051 0.929
1290.973 0.922
1291.848 0.875
1292.757 0.909
1293.67 0.913
1294.58 0.91
1295.44 0.86
1296.328 0.888
1297.197 0.869
1298.056 0.859
1298.898 0.842
1299.752 0.854
1300.633 0.881
1301.466 0.833
1302.311 0.845
1303.213 0.902
1304.156 0.943
1305.057 0.901
1305.982 0.925
1306.913 0.931
1307.834 0.921
1308.731 0.897
1309.596 0.865
1310.353 0.757
1311.082 0.729
1311.812 0.73
1312.601 0.789
1313.514 0.913
1314.427 0.913
1315.349 0.922
1316.324 0.975
1317.294 0.97
1318.181 0.887
1319.106 0.925
1320.027 0.921
1320.946 0.919
1321.834 0.888
1322.745 0.911
1323.683 0.938
1324.609 0.926
1325.513 0.904
1326.449 0.936
1327.374 0.925
1328.262 0.888
1329.189 0.927
1330.131 0.942
1331.058 0.927
1331.973 0.915
1332.919 0.946
1333.872 0.953
1334.772 0.9
1335.717 0.945
1336.674 0.957
1337.574 0.9
1338.478 0.904
1339.404 0.926
1340.319 0.915
1341.221 0.902
1342.111 0.89
1343.011 0.9
1343.86 0.849
1344.714 0.854
1345.581 0.867
1346.456 0.875
1347.301 0.845
1348.174 0.873
1349.09 0.916
1350.042 0.952
1350.955 0.913
1351.889 0.934
1352.781 0.892
1353.639 0.858
1354.496 0.857
1355.359 0.863
1356.268 0.909
1357.146 0.878
1357.967 0.821
1358.749 0.782
1359.523 0.774
1360.335 0.812
1361.192 0.857
1362.041 0.849
1362.941 0.9
1363.862 0.921
1364.74 0.878
1365.605 0.865
1366.465 0.86
1367.325 0.86
1368.153 0.828
1369.0 0.847
1369.802 0.802
1370.584 0.782
1371.427 0.843
1372.258 0.831
1373.048 0.79
1373.774 0.726
1374.492 0.718
1375.195 0.703
1375.926 0.731
1376.679 0.753
1377.45 0.771
1378.235 0.785
1378.967 0.732
1379.748 0.781
1380.58 0.832
1381.487 0.907
1382.384 0.897
1383.196 0.812
1384.027 0.831
1384.878 0.851
1385.741 0.863
1386.582 0.841
1387.465 0.883
1388.396 0.931
1389.337 0.941
1390.215 0.878
1391.075 0.86
1391.911 0.836
1392.737 0.826
1393.591 0.854
1394.492 0.901
1395.483 0.991
1396.427 0.944
1397.357 0.93
1398.29 0.933
1399.183 0.893
1400.083 0.9
1401.01 0.927
1401.932 0.922
1402.783 0.851
1403.68 0.897
1404.587 0.907
1405.5 0.913
1406.372 0.872
1407.262 0.89
1408.166 0.904
1409.046 0.88
1409.864 0.818
1410.725 0.861
1411.64 0.915
1412.521 0.881
1413.434 0.913
1414.371 0.937
1415.306 0.935
1416.173 0.867
1417.05 0.877
1417.93 0.88
1418.789 0.859
1419.624 0.835
1420.501 0.877
1421.4 0.899
1422.281 0.881
1423.222 0.941
1424.151 0.929
1425.036 0.885
1425.935 0.899
1426.826 0.891
1427.67 0.844
1428.468 0.798
1429.301 0.833
1430.203 0.902
1431.104 0.901
1432.094 0.99
1433.095 1.001
1433.977 0.882
1434.775 0.798
1435.531 0.756
1436.3 0.769
1437.075 0.775
1437.915 0.84
1438.83 0.915
1439.762 0.932
1440.646 0.884
1441.452 0.806
1442.226 0.774
1442.97 0.744
1443.704 0.734
1444.463 0.759
1445.229 0.766
1446.013 0.784
1446.821 0.808
1447.638 0.817
1448.444 0.806
1449.184 0.74
1449.914 0.73
1450.638 0.724
1451.376 0.738
1452.165 0.789
1453.091 0.926
1454.062 0.971
1454.951 0.889
1455.829 0.878
1456.738 0.909
1467.894 0.914
1468.802 0.908
1469.712 0.91
1470.621 0.909
1471.53 0.909
1472.447 0.917
1473.382 0.935
1474.332 0.95
1475.239 0.907
1476.106 0.867
1477.006 0.9
1477.938 0.932
1478.867 0.929
1479.719 0.852
1480.574 0.855
1481.456 0.882
1482.325 0.869
1483.114 0.789
1483.86 0.746
1484.607 0.747
1485.391 0.784
1486.27 0.879
1487.137 0.867
1487.964 0.827
1488.84 0.876
1489.717 0.877
1490.536 0.819
1491.334 0.798
1492.138 0.804
1492.972 0.834
1493.767 0.795
1494.587 0.82
1495.4 0.813
1496.213 0.813
1497.031 0.818
1497.931 0.9
1498.862 0.931
1499.796 0.934
1500.735 0.939
1501.653 0.918
1502.58 0.927
1503.439 0.859
1504.304 0.865
1505.172 0.868
1506.016 0.844
1506.863 0.847
1507.728 0.865
1508.525 0.797
1509.332 0.807
1510.179 0.847
1511.025 0.846
1511.901 0.876
1512.715 0.814
1513.518 0.803
1514.281 0.763
1515.034 0.753
1515.776 0.742
1516.537 0.761
1517.377 0.84
1518.317 0.94
1519.187 0.87
1520.011 0.824
1520.888 0.877
1521.877 0.989
1522.915 1.038
1523.871 0.956
1524.757 0.886
1525.649 0.892
1526.604 0.955
1527.549 0.945
1528.482 0.933
1529.427 0.945
1530.313 0.886
1531.177 0.864
1532.0 0.823
1532.754 0.754
1533.541 0.787
1534.391 0.85
1535.325 0.934
1536.201 0.876
1536.998 0.797
1537.816 0.818
1538.679 0.863
1539.613 0.934
1540.534 0.921
1541.445 0.911
1542.327 0.882
1543.186 0.859
1544.029 0.843
1544.799 0.77
1545.505 0.706
1546.212 0.707
1546.908 0.696
1547.573 0.665
1548.224 0.651
1548.89 0.666
1549.672 0.782
1550.646 0.974
1551.602 0.956
1552.541 0.939
1553.454 0.913
1554.355 0.901
1555.209 0.854