0.000 0.865
0.865 0.865
6.999 6.134
8.04 1.041
9.042 1.002
9.914 0.872
10.833 0.919
11.73 0.897
12.585 0.855
13.427 0.842
14.259 0.832
15.058 0.799
15.803 0.745
16.593 0.79
17.416 0.823
18.266 0.85
19.136 0.87
19.957 0.821
20.76 0.803
21.427 0.667
21.7 0.273
22.001 0.301
22.366 0.365
23.117 0.751
23.5 0.383
23.86 0.36
24.116 0.256
24.567 0.451
25.255 0.688
25.94 0.685
26.362 0.422
26.652 0.29
27.265 0.613
27.958 0.693
28.358 0.4
28.798 0.44
29.671 0.873
30.585 0.914
31.419 0.834
31.722 0.303
32.297 0.575
32.601 0.304
33.177 0.576
34.069 0.892
34.91 0.841
35.749 0.839
36.74 0.991
37.8 1.06
38.753 0.953
39.789 1.036
40.861 1.072
41.818 0.957
42.697 0.879
43.61 0.913
44.554 0.944
45.43 0.876
46.32 0.89
47.282 0.962
48.18 0.898
49.039 0.859
49.963 0.924
50.867 0.904
51.701 0.834
52.602 0.901
53.587 0.985
54.483 0.896
55.359 0.876
56.315 0.956
57.311 0.996
58.254 0.943
59.157 0.903
60.109 0.952
61.017 0.908
61.864 0.847
62.694 0.83
63.566 0.872
64.493 0.927
65.409 0.916
66.261 0.852
67.171 0.91
68.08 0.909
68.954 0.874
69.806 0.852
70.712 0.906
71.627 0.915
72.463 0.836
73.329 0.866
74.23 0.901
75.088 0.858
75.974 0.886
76.903 0.929
77.795 0.892
78.613 0.818
79.478 0.865
80.354 0.876
81.167 0.813
82.033 0.866
82.92 0.887
83.769 0.849
84.595 0.826
85.443 0.848
86.281 0.838
87.086 0.805
87.886 0.8
88.722 0.836
89.556 0.834
90.332 0.776
91.157 0.825
92.015 0.858
92.85 0.835
93.631 0.781
94.442 0.811
95.286 0.844
96.127 0.841
96.918 0.791
97.732 0.814
98.595 0.863
99.425 0.83
100.215 0.79
101.055 0.84
101.895 0.84
102.692 0.797
103.46 0.768
104.264 0.804
105.128 0.864
106.008 0.88
106.798 0.79
107.606 0.808
108.47 0.864
109.356 0.886
110.181 0.825
111.052 0.871
111.952 0.9
112.824 0.872
113.664 0.84
114.558 0.894
115.45 0.892
116.289 0.839
117.217 0.928
118.178 0.961
119.052 0.874
119.961 0.909
120.877 0.916
121.748 0.871
122.554 0.806
123.395 0.841
124.249 0.854
125.06 0.811
125.919 0.859
126.803 0.884
127.628 0.825
128.482 0.854
129.393 0.911
130.282 0.889
131.122 0.84
131.988 0.866
132.866 0.878
133.673 0.807
134.437 0.764
134.907 0.47
135.243 0.336
136.059 0.816
136.839 0.78
137.615 0.776
138.431 0.816
139.272 0.841
140.056 0.784
140.856 0.8
141.695 0.839
142.564 0.869
143.36 0.796
144.164 0.804
145.007 0.843
145.857 0.85
146.67 0.813
147.552 0.882
148.493 0.941
149.387 0.894
150.201 0.814
151.075 0.874
151.952 0.877
152.766 0.814
153.634 0.868
154.599 0.965
155.469 0.87
156.295 0.826
157.126 0.831
157.941 0.815
158.708 0.767
159.484 0.776
160.321 0.837
161.152 0.831
161.939 0.787
162.8 0.861
163.685 0.885
164.489 0.804
165.308 0.819
166.138 0.83
166.972 0.834
167.735 0.763
168.537 0.802
169.364 0.827
170.201 0.837
170.988 0.787
171.813 0.825
172.653 0.84
173.446 0.793
174.264 0.818
175.138 0.874
176.068 0.93
176.909 0.841
177.803 0.894
178.712 0.909
179.55 0.838
180.38 0.83
181.246 0.866
182.102 0.856
182.896 0.794
183.741 0.845
184.573 0.832
185.369 0.796
186.169 0.8
187.005 0.836
187.88 0.875
188.72 0.84
189.565 0.845
190.457 0.892
191.335 0.878
192.158 0.823
192.998 0.84
193.818 0.82
194.59 0.772
195.403 0.813
196.223 0.82
197.043 0.82
197.848 0.805
198.711 0.863
199.612 0.901
200.449 0.837
201.315 0.866
202.205 0.89
203.045 0.84
203.913 0.868
204.779 0.866
205.598 0.819
206.392 0.794
207.235 0.843
208.071 0.836
208.883 0.812
209.668 0.785
210.506 0.838
211.369 0.863
212.177 0.808
213.03 0.853
213.926 0.896
214.781 0.855
215.578 0.797
216.412 0.834
217.262 0.85
218.062 0.8
218.876 0.814
219.743 0.867
220.628 0.885
221.436 0.808
222.324 0.888
223.216 0.892
224.04 0.824
224.896 0.856
225.786 0.89
226.647 0.861
227.454 0.807
228.311 0.857
229.206 0.895
230.092 0.886
230.899 0.807
231.719 0.82
232.545 0.826
233.346 0.801
234.136 0.79
234.973 0.837
235.777 0.804
236.538 0.761
237.309 0.771
238.132 0.823
238.983 0.851
239.811 0.828
240.592 0.781
241.374 0.782
242.157 0.783
242.919 0.762
243.655 0.736
244.398 0.743
245.15 0.752
245.89 0.74
246.665 0.775
247.458 0.793
248.265 0.807
249.038 0.773
249.838 0.8
250.681 0.843
251.508 0.827
252.29 0.782
253.09 0.8
253.884 0.794
254.646 0.762
255.395 0.749
256.198 0.803
257.045 0.847
257.864 0.819
258.662 0.798
259.547 0.885
260.45 0.903
261.284 0.834
262.14 0.856
263.045 0.905
263.987 0.942
264.85 0.863
265.716 0.866
266.602 0.886
267.477 0.875
268.356 0.879
269.276 0.92
270.161 0.885
270.997 0.836
271.878 0.881
272.776 0.898
273.623 0.847
274.475 0.852
275.35 0.875
276.221 0.871
277.037 0.816
277.89 0.853
278.759 0.869
279.602 0.843
280.421 0.819
281.296 0.875
282.167 0.871
282.985 0.818
283.794 0.809
284.612 0.818
285.428 0.816
286.217 0.789
287.014 0.797
287.867 0.853
288.718 0.851
289.58 0.862
290.375 0.795
291.162 0.787
291.957 0.795
292.76 0.803
293.534 0.774
294.326 0.792
295.155 0.829
295.977 0.822
296.787 0.81
297.65 0.863
298.509 0.859
299.306 0.797
300.129 0.823
300.942 0.813
301.728 0.786
302.501 0.773
303.314 0.813
304.158 0.844
304.971 0.813
305.765 0.794
306.611 0.846
307.509 0.898
308.393 0.884
309.195 0.802
310.022 0.827
310.897 0.875
311.789 0.892
312.607 0.818
313.481 0.874
314.364 0.883
315.227 0.863
316.068 0.841
316.951 0.883
317.81 0.859
318.608 0.798
319.434 0.826
320.268 0.834
321.087 0.819
321.886 0.799
322.718 0.832
323.54 0.822
324.318 0.778
325.115 0.797
325.925 0.81
326.75 0.825
327.476 0.726
328.204 0.728
328.922 0.718
329.606 0.684
330.305 0.699
331.029 0.724
331.783 0.754
332.575 0.792
333.362 0.787
334.091 0.729
334.83 0.739
335.533 0.703
336.236 0.703
336.914 0.678
337.604 0.69
338.279 0.675
338.955 0.676
339.662 0.707
340.365 0.703
341.093 0.728
341.898 0.805
342.77 0.872
343.525 0.755
344.318 0.793
345.074 0.756
345.793 0.719
346.485 0.692
347.186 0.701
347.874 0.688
348.59 0.716
349.337 0.747
350.059 0.722
350.852 0.793
351.654 0.802
352.436 0.782
353.341 0.905
354.289 0.948
355.12 0.831
356.043 0.923
356.978 0.935
357.841 0.863
358.77 0.929
359.611 0.841
360.546 0.935
361.41 0.864
362.305 0.895
363.206 0.901
364.02 0.814
364.877 0.857
365.723 0.846
366.509 0.786
366.812 0.303
367.114 0.302
367.621 0.507
367.998 0.377
368.994 0.996
369.797 0.803
370.419 0.622
370.768 0.349
371.199 0.431
371.883 0.684
372.207 0.324
372.786 0.579
373.509 0.723
373.856 0.347
374.411 0.555
375.12 0.709
375.818 0.698
376.503 0.685
377.171 0.668
377.861 0.69
378.547 0.686
379.246 0.699
379.933 0.687
380.643 0.71
381.39 0.747
381.676 0.286
382.238 0.562
383.146 0.908
383.958 0.812
384.22 0.262
384.795 0.575
385.099 0.304
385.536 0.437
386.319 0.783
387.176 0.857
387.985 0.809
388.784 0.799
389.631 0.847
390.116 0.485
390.368 0.252
390.872 0.504
391.217 0.345
391.64 0.423
392.111 0.471
392.953 0.842
393.716 0.763
394.51 0.794
395.376 0.866
395.634 0.258
396.29 0.656
397.191 0.901
397.489 0.298
398.146 0.657
399.081 0.935
399.611 0.53
400.034 0.423
400.705 0.671
401.778 1.073
402.299 0.521
402.559 0.26
403.541 0.982
404.414 0.873
404.673 0.259
405.317 0.644
406.14 0.823
407.025 0.885
407.871 0.846
408.665 0.794
408.925 0.26
409.38 0.455
410.131 0.751
410.862 0.731
411.56 0.698
412.253 0.693
412.945 0.692
413.296 0.351
413.616 0.32
413.878 0.262
414.187 0.309
414.564 0.377
414.862 0.298
415.152 0.29
415.702 0.55
416.131 0.429
416.43 0.299
417.185 0.755
417.441 0.256
417.708 0.267
418.312 0.604
418.867 0.555
419.502 0.635
420.52 1.018
421.165 0.645
421.42 0.255
422.262 0.842
422.822 0.56
423.082 0.26
423.778 0.696
424.559 0.781
425.324 0.765
426.082 0.758
426.808 0.726
427.653 0.845
428.517 0.864
429.399 0.882
430.346 0.947
431.164 0.818
432.006 0.842
432.877 0.871
433.726 0.849
434.629 0.903
435.541 0.912
436.358 0.817
437.28 0.922
437.689 0.409
438.216 0.527
439.061 0.845
439.967 0.906
440.84 0.873
441.639 0.799
442.504 0.865
443.502 0.998
444.473 0.971
445.387 0.914
446.328 0.941
447.187 0.859
448.13 0.943
449.053 0.923
449.894 0.841
450.829 0.935
451.719 0.89
452.545 0.826
453.39 0.845
454.35 0.96
455.16 0.81
456.042 0.882
456.879 0.837
457.663 0.784
458.407 0.744
459.15 0.743
459.889 0.739
460.691 0.802
461.605 0.914
462.526 0.921
463.42 0.894
464.431 1.011
465.368 0.937
466.24 0.872
467.224 0.984
468.217 0.993
469.1 0.883
470.141 1.041
471.162 1.021
472.038 0.876
473.041 1.003
474.06 1.019
475.109 1.049
476.253 1.144
477.148 0.895
478.141 0.993
479.175 1.034
480.035 0.86
480.912 0.877
481.822 0.91
482.718 0.896
483.593 0.875
484.567 0.974
485.494 0.927
486.321 0.827
487.289 0.968
488.284 0.995
489.129 0.845
489.952 0.823
490.817 0.865
491.739 0.922
499.992 8.253
501.037 1.045
501.936 0.899
502.926 0.99
503.911 0.985
504.764 0.853
505.656 0.892
506.605 0.949
507.488 0.883
508.415 0.927
509.51 1.095
510.105 0.595
510.451 0.346
511.289 0.838
512.06 0.771
512.831 0.771
513.605 0.774
514.425 0.82
515.341 0.916
516.145 0.804
517.062 0.917
518.048 0.986
518.921 0.873
519.752 0.831
520.673 0.921
521.54 0.867
522.371 0.831
523.354 0.983
524.403 1.049
525.304 0.901
526.25 0.946
527.207 0.957
528.076 0.869
529.0 0.924
529.904 0.904
530.715 0.811
531.571 0.856
532.484 0.913
533.323 0.839
534.237 0.914
535.049 0.812
535.84 0.791
536.71 0.87
537.682 0.972
538.499 0.817
539.365 0.866
540.27 0.905
541.056 0.786
541.893 0.837
542.791 0.898
543.59 0.799
544.509 0.919
545.481 0.972
546.357 0.876
547.295 0.938
548.23 0.935
549.036 0.806
549.888 0.852
550.766 0.878
551.689 0.923
552.505 0.816
553.43 0.925
554.388 0.958
555.258 0.87
556.199 0.941
557.141 0.942
558.011 0.87
558.827 0.816
559.789 0.962
560.649 0.86
561.499 0.85
562.429 0.93
563.267 0.838
564.077 0.81
564.953 0.876
565.953 1.0
566.882 0.929
567.744 0.862
568.677 0.933
569.585 0.908
570.408 0.823
571.326 0.918
572.242 0.916
573.127 0.885
573.953 0.826
574.849 0.896
575.74 0.891
576.571 0.831
577.456 0.885
578.356 0.9
579.182 0.826
580.136 0.954
581.081 0.945
581.91 0.829
582.799 0.889
583.684 0.885
584.508 0.824
585.343 0.835
586.277 0.934
587.231 0.954
588.102 0.871
589.021 0.919
589.948 0.927
590.779 0.831
591.575 0.796
592.413 0.838
593.293 0.88
594.154 0.861
594.746 0.592
595.378 0.632
595.819 0.441
596.415 0.596
597.2 0.785
597.459 0.259
597.991 0.532
598.262 0.271
599.074 0.812
599.361 0.287
599.85 0.489
600.741 0.891
601.595 0.854
602.561 0.966
603.381 0.82
604.26 0.879
605.161 0.901
605.979 0.818
606.845 0.866
607.732 0.887
608.558 0.826
609.518 0.96
610.47 0.952
611.329 0.859
612.23 0.901
613.091 0.861
613.969 0.878
614.861 0.892
615.774 0.913
616.628 0.854
617.531 0.903
618.402 0.871
619.222 0.82
620.019 0.797
620.893 0.874
621.293 0.4
621.826 0.533
622.697 0.871
623.557 0.86
623.822 0.265
624.456 0.634
625.156 0.7
626.105 0.949
626.478 0.373
626.941 0.463
627.784 0.843
628.623 0.839
629.404 0.781
630.467 1.063
631.289 0.822
632.218 0.929
633.15 0.932
633.984 0.834
634.901 0.917
635.863 0.962
636.729 0.866
637.625 0.896
638.523 0.898
639.394 0.871
639.814 0.42
640.199 0.385
641.048 0.849
641.95 0.902
642.86 0.91
643.652 0.792
644.466 0.814
645.299 0.833
646.074 0.775
646.878 0.804
647.782 0.904
648.672 0.89
649.527 0.855
649.799 0.272
650.463 0.664
651.37 0.907
652.179 0.809
653.015 0.836
653.852 0.837
654.635 0.783
655.429 0.794
656.253 0.824
657.11 0.857
657.938 0.828
658.808 0.87
659.672 0.864
660.481 0.809
661.326 0.845
662.185 0.859
662.994 0.809
663.866 0.872
664.668 0.802
665.397 0.729
666.169 0.772
666.93 0.761
667.648 0.718
668.407 0.759
669.196 0.789
669.987 0.791
670.765 0.778
671.562 0.797
672.371 0.809
673.147 0.776
673.921 0.774
674.752 0.831
675.671 0.919
676.486 0.815
677.31 0.824
678.193 0.883
679.04 0.847
679.887 0.847
680.784 0.897
681.598 0.814
682.413 0.815
683.246 0.833
684.066 0.82
684.875 0.809
685.714 0.839
686.535 0.821
687.333 0.798
688.145 0.812
688.997 0.852
689.895 0.898
690.741 0.846
691.629 0.888
692.529 0.9
693.338 0.809
694.192 0.854
695.065 0.873
695.876 0.811
696.721 0.845
697.62 0.899
698.51 0.89
699.356 0.846
700.274 0.918
701.173 0.899
702.006 0.833
702.871 0.865
703.769 0.898
704.575 0.806
705.394 0.819
706.276 0.882
707.062 0.786
707.323 0.261
707.874 0.551
708.622 0.748
709.299 0.677
709.551 0.252
710.013 0.462
710.781 0.768
711.247 0.466
711.609 0.362
711.891 0.282
712.162 0.271
712.841 0.679
713.551 0.71
714.281 0.73
715.069 0.788
715.872 0.803
716.622 0.75
717.407 0.785
718.192 0.785
718.951 0.759
719.823 0.872
720.768 0.945
721.676 0.908
722.668 0.992
723.668 1.0
724.629 0.961
725.654 1.025
726.605 0.951
727.503 0.898
728.429 0.926
729.326 0.897
730.221 0.895
731.137 0.916
731.954 0.817
732.777 0.823
733.052 0.275
733.587 0.535
733.912 0.325
734.361 0.449
735.111 0.75
735.53 0.419
735.898 0.368
736.224 0.326
736.672 0.448
737.465 0.793
738.273 0.808
739.067 0.794
739.338 0.271
739.763 0.425
740.497 0.734
741.227 0.73
741.935 0.708
742.634 0.699
743.35 0.716
744.061 0.711
744.81 0.749
745.595 0.785
746.397 0.802
747.272 0.875
748.121 0.849
748.939 0.818
749.823 0.884
750.708 0.885
751.554 0.846
752.514 0.96
753.514 1.0
754.492 0.978
755.521 1.029
756.473 0.952
757.399 0.926
758.34 0.941
759.21 0.87
760.084 0.874
761.005 0.921
761.961 0.956
762.89 0.929
763.821 0.931
764.633 0.812
770.988 6.355
771.859 0.871
772.743 0.884
773.545 0.802
774.413 0.868
775.291 0.878
776.119 0.828
777.036 0.917
777.92 0.884
778.733 0.813
779.589 0.856
780.476 0.887
781.321 0.845
782.179 0.858
783.096 0.917
783.927 0.831
784.771 0.844
785.672 0.901
786.151 0.479
786.482 0.331
787.296 0.814
788.161 0.865
789.024 0.863
789.859 0.835
790.776 0.917
791.652 0.876
791.983 0.331
792.441 0.458
793.237 0.796
794.077 0.84
794.911 0.834
795.686 0.775
796.5 0.814
797.318 0.818
798.089 0.771
798.879 0.79
799.679 0.8
800.501 0.822
801.338 0.837
802.252 0.914
803.136 0.884
803.962 0.826
804.813 0.851
805.706 0.893
806.541 0.835
807.37 0.829
808.207 0.837
808.982 0.775
809.799 0.817
810.66 0.861
811.524 0.864
812.406 0.882
813.328 0.922
814.155 0.827
815.02 0.865
815.906 0.886
816.735 0.829
817.59 0.855
818.437 0.847
819.241 0.804
820.083 0.842
820.941 0.858
821.742 0.801
822.583 0.841
823.495 0.912
824.32 0.825
825.156 0.836
826.012 0.856
826.811 0.799
827.611 0.8
828.465 0.854
829.328 0.863
830.191 0.863
831.108 0.917
831.947 0.839
832.803 0.856
833.666 0.863
834.347 0.681
835.177 0.83
835.93 0.753
836.677 0.747
837.401 0.724
837.988 0.587
838.407 0.419
838.728 0.321
839.631 0.903
840.363 0.732
841.074 0.711
841.79 0.716
842.518 0.728
843.289 0.771
844.063 0.774
844.825 0.762
845.63 0.805
846.446 0.816
847.295 0.849
848.12 0.825
848.995 0.875
849.894 0.899
850.738 0.844
851.613 0.875
852.475 0.862
853.306 0.831
854.125 0.819
854.954 0.829
855.759 0.805
856.572 0.813
857.4 0.828
858.21 0.81
859.009 0.799
859.832 0.823
860.661 0.829
861.488 0.827
862.346 0.858
863.159 0.813
863.992 0.833
864.848 0.856
865.662 0.814
866.449 0.787
867.276 0.827
868.117 0.841
868.911 0.794
869.712 0.801
870.57 0.858
871.474 0.904
872.338 0.864
873.185 0.847
874.052 0.867
874.884 0.832
875.703 0.819
876.548 0.845
877.389 0.841
878.14 0.751
878.952 0.812
879.902 0.95
880.551 0.649
881.543 0.992
882.326 0.783
883.065 0.739
883.783 0.718
884.073 0.29
884.518 0.445
885.295 0.777
886.14 0.845
886.781 0.641
895.525 8.744
896.246 0.721
896.957 0.711
897.819 0.862
898.755 0.936
899.609 0.854
900.452 0.843
901.235 0.783
902.017 0.782
902.781 0.764
903.513 0.732
904.291 0.778
905.11 0.819
905.91 0.8
906.695 0.785
907.527 0.832
908.367 0.84
909.149 0.782
909.896 0.747
910.644 0.748
911.449 0.805
912.308 0.859
913.099 0.791
913.955 0.856
914.863 0.908
915.661 0.798
916.448 0.787
917.263 0.815
918.072 0.809
918.834 0.762
919.543 0.709
920.273 0.73
921.014 0.741
921.279 0.265
921.817 0.538
922.627 0.81
923.438 0.811
924.308 0.87
925.091 0.783
925.926 0.835
926.73 0.804
927.556 0.826
928.309 0.753
929.058 0.749
929.817 0.759
930.607 0.79
931.433 0.826
932.218 0.785
933.051 0.833
933.908 0.857
934.745 0.837
935.56 0.815
936.409 0.849
937.273 0.864
938.082 0.809
938.899 0.817
939.716 0.817
940.616 0.9
941.473 0.857
942.237 0.764
942.996 0.759
943.755 0.759
944.523 0.768
945.278 0.755
946.009 0.731
946.748 0.739
947.497 0.749
948.249 0.752
949.005 0.756
949.774 0.769
950.55 0.776
951.324 0.774
952.085 0.761
952.666 0.581
953.611 0.945
954.334 0.723
955.045 0.711
955.758 0.713
956.555 0.797
957.402 0.847
958.195 0.793
958.99 0.795
959.79 0.8
960.59 0.8
961.409 0.819
962.174 0.765
962.955 0.781
963.773 0.818
964.649 0.876
965.444 0.795
966.275 0.831
967.138 0.863
967.962 0.824
968.734 0.772
969.568 0.834
970.442 0.874
971.249 0.807
972.083 0.834
972.97 0.887
973.791 0.821
974.611 0.82
975.458 0.847
976.252 0.794
977.028 0.776
977.82 0.792
978.889 1.069
979.693 0.804
980.476 0.783
981.24 0.764
981.977 0.737
982.677 0.7
983.383 0.706
984.082 0.699
984.782 0.7
985.484 0.702
986.216 0.732
986.587 0.371
986.949 0.362
987.307 0.358
987.66 0.353
988.348 0.688
989.02 0.672
989.683 0.663
990.349 0.666
990.995 0.646
991.631 0.636
992.262 0.631
992.897 0.635
993.551 0.654
994.227 0.676
994.931 0.704
995.737 0.806
996.58 0.843
997.457 0.877
998.366 0.909
999.259 0.893
1000.081 0.822
1000.931 0.85
1001.763 0.832
1002.56 0.797
1003.403 0.843
1004.222 0.819
1004.964 0.742
1005.686 0.722
1005.958 0.272
1006.405 0.447
1007.127 0.722
1007.849 0.722
1008.603 0.754
1009.356 0.753
1010.081 0.725
1010.822 0.741
1011.549 0.727
1012.285 0.736
1013.015 0.73
1013.754 0.739
1014.524 0.77
1015.303 0.779
1016.062 0.759
1016.833 0.771
1017.601 0.768
1018.384 0.783
1019.143 0.759
1019.898 0.755
1020.659 0.761
1021.487 0.828
1022.336 0.849
1023.213 0.877
1024.118 0.905
1024.697 0.579
1025.726 1.029
1026.511 0.785
1027.313 0.802
1028.157 0.844
1029.028 0.871
1029.921 0.893
1030.904 0.983
1031.844 0.94
1032.689 0.845
1033.616 0.927
1034.539 0.923
1035.393 0.854
1036.242 0.849
1037.142 0.9
1038.109 0.967
1038.949 0.84
1039.782 0.833
1040.616 0.834
1041.437 0.821
1042.281 0.844
1043.163 0.882
1044.014 0.851
1044.826 0.812
1045.683 0.857
1046.526 0.843
1047.309 0.783
1048.043 0.734
1048.852 0.809
1049.678 0.826
1050.523 0.845
1051.316 0.793
1052.14 0.824
1052.961 0.821
1053.764 0.803
1054.548 0.784
1055.364 0.816
1056.156 0.792
1056.881 0.725
1057.623 0.742
1058.39 0.767
1059.163 0.773
1059.949 0.786
1060.679 0.73
1061.412 0.733
1062.171 0.759
1063.0 0.829
1063.824 0.824
1064.594 0.77
1065.351 0.757
1066.115 0.764
1066.399 0.284
1066.899 0.5
1067.658 0.759
1068.383 0.725
1069.159 0.776
1069.987 0.828
1070.895 0.908
1071.819 0.924
1072.673 0.854
1073.546 0.873
1074.441 0.895
1075.368 0.927
1076.3 0.932
1077.287 0.987
1078.283 0.996
1079.147 0.864
1080.053 0.906
1080.967 0.914
1081.872 0.905
1082.78 0.908
1083.619 0.839
1084.442 0.823
1085.332 0.89
1086.281 0.949
1087.099 0.818
1087.935 0.836
1088.881 0.946
1089.794 0.913
1090.653 0.859
1091.525 0.872
1092.362 0.837
1093.232 0.87
1094.135 0.903
1095.004 0.869
1095.803 0.799
1096.627 0.824
1097.542 0.915
1098.502 0.96
1099.363 0.861
1100.304 0.941
1101.201 0.897
1102.048 0.847
1102.978 0.93
1103.961 0.983
1104.742 0.781
1105.63 0.888
1106.435 0.805
1107.182 0.747
1107.979 0.797
1108.766 0.787
1109.55 0.784
1110.341 0.791
1111.117 0.776
1111.872 0.755
1112.588 0.716
1120.301 7.713
1120.983 0.682
1121.666 0.683
1122.422 0.756
1123.21 0.788
1123.98 0.77
1124.781 0.801
1125.652 0.871
1126.542 0.89
1127.374 0.832
1128.281 0.907
1129.165 0.884
1129.986 0.821
1130.817 0.831
1131.704 0.887
1132.572 0.868
1133.39 0.818
1134.253 0.863
1135.098 0.845
1135.894 0.796
1136.733 0.839
1137.575 0.842
1138.418 0.843
1139.217 0.799
1140.059 0.842
1140.916 0.857
1141.718 0.802
1142.556 0.838
1143.48 0.924
1144.269 0.789
1145.068 0.799
1145.909 0.841
1146.698 0.789
1147.487 0.789
1148.378 0.891
1149.275 0.897
1150.101 0.826
1151.025 0.924
1151.91 0.885
1152.741 0.831
1153.669 0.928
1154.559 0.89
1155.367 0.808
1156.205 0.838
1157.105 0.9
1157.966 0.861
1158.832 0.866
1159.859 1.027
1160.777 0.918
1161.598 0.821
1162.456 0.858
1163.404 0.948
1164.354 0.95
1165.139 0.785
1165.928 0.789
1166.704 0.776
1167.43 0.726
1168.187 0.757
1168.516 0.329
1168.942 0.426
1169.726 0.784
1170.578 0.852
1171.301 0.723
1172.165 0.864
1172.925 0.76
1173.692 0.767
1174.472 0.78
1175.246 0.774
1176.002 0.756
1176.759 0.757
1177.491 0.732
1178.206 0.715
1178.909 0.703
1179.615 0.706
1180.351 0.736
1181.074 0.723
1181.833 0.759
1182.715 0.882
1183.633 0.918
1184.515 0.882
1185.403 0.888
1186.316 0.913
1187.17 0.854
1187.996 0.826
1188.79 0.794
1189.665 0.875
1190.575 0.91
1191.439 0.864
1192.358 0.919
1193.256 0.898
1194.064 0.808
1194.93 0.866
1195.848 0.918
1196.684 0.836
1197.564 0.88
1198.469 0.905
1199.3 0.831
1200.115 0.815
1200.996 0.881
1201.836 0.84
1202.701 0.865
1203.466 0.765
1204.238 0.772
1204.986 0.748
1205.766 0.78
1206.565 0.799
1207.401 0.836
1208.213 0.812
1208.965 0.752
1209.744 0.779
1210.518 0.774
1211.3 0.782
1212.08 0.78
1212.847 0.767
1213.688 0.841
1214.58 0.892
1215.517 0.937
1216.376 0.859
1217.186 0.81
1218.021 0.835
1218.9 0.879
1219.774 0.874
1220.632 0.858
1221.559 0.927
1222.499 0.94
1223.341 0.842
1224.2 0.859
1225.074 0.874
1225.97 0.896
1226.858 0.888
1227.729 0.871
1228.502 0.773
1229.312 0.81
1230.106 0.794
1230.897 0.791
1231.739 0.842
1232.589 0.85
1233.395 0.806
1234.178 0.783
1234.99 0.812
1235.825 0.835
1236.688 0.863
1237.519 0.831
1238.378 0.859
1239.288 0.91
1240.142 0.854
1240.926 0.784
1241.745 0.819
1242.588 0.843
1243.396 0.808
1244.164 0.768
1244.949 0.785
1245.788 0.839
1246.72 0.932
1247.608 0.888
1248.428 0.82
1249.254 0.826
1250.026 0.772
1250.759 0.733
1251.481 0.722
1252.193 0.712
1252.923 0.73
1253.649 0.726
1254.389 0.74
1255.192 0.803
1256.057 0.865
1257.003 0.946
1257.906 0.903
1258.755 0.849
1259.66 0.905
1263.981 4.321
1264.822 0.841
1265.629 0.807
1266.403 0.774
1267.224 0.821
1268.076 0.852
1268.928 0.852
1269.74 0.812
1270.571 0.831
1271.395 0.824
1272.172 0.777
1272.959 0.787
1273.676 0.717
1274.46 0.784
1275.247 0.787
1276.041 0.794
1276.794 0.753
1277.557 0.763
1278.349 0.792
1279.086 0.737
1279.83 0.744
1280.612 0.782
1281.381 0.769
1282.161 0.78
1282.921 0.76
1283.718 0.797
1284.539 0.821
1285.31 0.771
1286.107 0.797
1286.936 0.829
1287.754 0.818
1288.639 0.885
1289.532 0.893
1290.329 0.797
1291.142 0.813
1292.048 0.906
1292.934 0.886
1293.82 0.886
1294.716 0.896
1295.531 0.815
1296.379 0.848
1297.356 0.977
1298.353 0.997
1299.321 0.968
1300.323 1.002
1301.372 1.049
1302.367 0.995
1303.361 0.994
1304.331 0.97
1305.162 0.831
1305.98 0.818
1306.81 0.83
1307.768 0.958
1308.876 1.108
1309.889 1.013
1310.912 1.023
1311.937 1.025
1312.928 0.991
1313.822 0.894
1314.646 0.824
1315.407 0.761
1316.153 0.746
1316.921 0.768
1324.78 0.8
1325.686 0.906
1326.691 1.005
1327.651 0.96
1328.619 0.968
1329.589 0.97
1330.521 0.932
1331.4 0.879
1332.221 0.821
1332.978 0.757
1333.727 0.749
1334.472 0.745
1335.252 0.78
1336.138 0.886
1337.076 0.938
1337.995 0.919
1338.898 0.903
1339.836 0.938
1340.716 0.88
1341.561 0.845
1342.372 0.811
1343.151 0.779
1343.935 0.784
1344.743 0.808
1345.593 0.85
1346.493 0.9
1347.447 0.954
1348.346 0.899
1349.236 0.89
1350.099 0.863
1350.942 0.843
1351.765 0.823
1352.532 0.767
1353.285 0.753
1354.026 0.741
1354.766 0.74
1355.527 0.761
1356.348 0.821
1357.207 0.859
1358.091 0.884
1358.958 0.867
1359.818 0.86
1360.647 0.829
1361.463 0.816
1362.258 0.795
1363.011 0.753
1363.74 0.729
1364.489 0.749
1365.241 0.752
1366.032 0.791
1366.888 0.856
1367.777 0.889
1368.658 0.881
1369.555 0.897
1370.448 0.893
1371.303 0.855
1372.124 0.821
1372.901 0.777
1373.669 0.768
1374.444 0.775
1375.231 0.787
1376.055 0.824
1376.922 0.867
1377.807 0.885
1378.705 0.898
1379.592 0.887
1380.479 0.887
1381.321 0.842
1382.146 0.825
1382.915 0.769
1383.669 0.754
1384.421 0.752
1385.184 0.763
1386.027 0.843
1386.949 0.922
1387.865 0.916
1388.725 0.86
1389.594 0.869
1390.434 0.84
1391.234 0.8
1392.02 0.786
1392.766 0.746
1393.496 0.73
1394.223 0.727
1394.953 0.73
1395.718 0.765
1396.527 0.809
1397.399 0.872
1398.294 0.895
1399.198 0.904
1400.072 0.874
1400.908 0.836
1401.722 0.814
1402.505 0.783
1403.246 0.741
1403.983 0.737
1404.729 0.746
1405.528 0.799
1406.417 0.889
1407.291 0.874
1408.15 0.859
1408.996 0.846
1409.806 0.81
1410.608 0.802
1411.394 0.786
1412.22 0.826
1412.994 0.774
1413.767 0.773
1414.545 0.778
1415.347 0.802
1416.203 0.856
1417.093 0.89
1417.958 0.865
1418.815 0.857
1419.649 0.834
1420.444 0.795
1421.218 0.774
1421.975 0.757
1422.703 0.728
1423.431 0.728
1424.164 0.733
1424.917 0.753
1425.711 0.794
1426.536 0.825
1427.392 0.856
1428.24 0.848
1429.101 0.861
1429.93 0.829
1430.737 0.807
1431.541 0.804
1432.339 0.798
1433.079 0.74
1433.815 0.736
1434.56 0.745
1435.31 0.75
1436.096 0.786
1436.982 0.886
1437.884 0.902
1438.779 0.895
1439.651 0.872
1440.496 0.845
1441.328 0.832
1442.117 0.789
1442.873 0.756
1443.624 0.751
1444.366 0.742
1445.126 0.76
1445.929 0.803
1446.807 0.878
1447.67 0.863
1448.542 0.872
1449.398 0.856
1450.226 0.828
1451.029 0.803
1451.829 0.8
1452.584 0.755
1453.312 0.728
1454.036 0.724
1454.777 0.741
1455.549 0.772
1456.347 0.798
1457.196 0.849
1458.055 0.859
1458.911 0.856
1459.741 0.83
1460.546 0.805
1461.317 0.771
1462.048 0.731
1462.775 0.727
1463.509 0.734
1464.278 0.769
1465.091 0.813
1465.938 0.847
1466.795 0.857
1467.639 0.844
1468.455 0.816
1469.266 0.811
1470.048 0.782
1470.808 0.76
1471.552 0.744
1472.301 0.749
1473.061 0.76
1473.826 0.765
1474.606 0.78
1475.448 0.842
1476.312 0.864
1477.236 0.924
1478.095 0.859
1478.916 0.821
1479.708 0.792
1480.473 0.765
1481.224 0.751
1481.944 0.72
1482.667 0.723
1483.408 0.741
1484.181 0.773
1485.006 0.825
1485.867 0.861
1486.764 0.897
1487.651 0.887
1488.524 0.873
1489.385 0.861
1490.198 0.813
1491.0 0.802
1491.779 0.779
1492.532 0.753
1493.276 0.744
1494.041 0.765
1494.848 0.807
1495.717 0.869
1496.609 0.892
1497.49 0.881
1498.371 0.881
1499.222 0.851
1500.043 0.821
1500.847 0.804
1501.627 0.78
1502.359 0.732
1503.088 0.729
1503.813 0.725
1504.553 0.74
1505.344 0.791
1506.184 0.84
1507.039 0.855
1507.902 0.863
1508.747 0.845
1509.58 0.833
1510.469 0.889
1511.326 0.857
1512.115 0.789
1512.892 0.777
1513.674 0.782
1514.475 0.801
1515.317 0.842
1516.228 0.911
1517.137 0.909
1518.081 0.944
1519.017 0.936
1519.899 0.882
1520.745 0.846
1521.57 0.825
1522.334 0.764
1523.083 0.749
1523.823 0.74
1524.599 0.776
1525.451 0.852
1526.331 0.88
1527.197 0.866
1528.121 0.924
1529.028 0.907
1529.931 0.903
1530.768 0.837
1531.564 0.796
1532.317 0.753
1533.054 0.737
1533.797 0.743
1534.552 0.755
1535.357 0.805
1536.204 0.847
1537.071 0.867
1537.939 0.868
1538.812 0.873
1539.652 0.84
1540.469 0.817
1541.255 0.786
1541.988 0.733
1542.699 0.711
1543.399 0.7
1544.103 0.704
1544.859 0.756
1545.799 0.94
1546.644 0.845
1547.51 0.866
1548.388 0.878
1549.258 0.87
1550.117 0.859
1550.953 0.836
1551.746 0.793
1552.508 0.762
1553.272 0.764
1554.04 0.768
1554.836 0.796
1555.688 0.852
1556.539 0.851
1557.4 0.861
1558.263 0.863
1559.122 0.859
1559.942 0.82
1560.742 0.8
1561.519 0.777
1562.318 0.799
1563.167 0.849
1564.011 0.844
1564.784 0.773
1565.568 0.784
1566.375 0.807
1567.189 0.814
1567.999 0.81
1568.783 0.784
1569.511 0.728
1570.248 0.737
1570.975 0.727
1571.684 0.709
1572.37 0.686
1573.08 0.71
1573.807 0.727
1574.53 0.723
1575.247 0.717
1575.951 0.704
1576.654 0.703
1577.346 0.692
1578.044 0.698
1578.755 0.711
1579.479 0.724
1580.212 0.733
1580.961 0.749
1581.706 0.745
1582.433 0.727
1583.151 0.718
1583.884 0.733
1584.606 0.722
1585.344 0.738
1586.104 0.76
1586.951 0.847
1587.816 0.865