0.000 1.159
1.159 1.159
2.106 0.947
3.078 0.972
3.982 0.904
4.928 0.946
5.993 1.065
7.089 1.096
8.274 1.185
9.374 1.1
10.422 1.048
11.471 1.049
12.528 1.057
13.544 1.016
14.507 0.963
15.45 0.943
16.405 0.955
17.41 1.005
18.461 1.051
19.513 1.052
20.538 1.025
21.537 0.999
22.516 0.979
23.435 0.919
24.281 0.846
25.096 0.815
25.885 0.789
26.383 0.498
27.331 0.948
28.068 0.737
28.86 0.792
35.914 0.915
36.877 0.963
37.864 0.987
38.824 0.96
39.727 0.903
40.566 0.839
41.365 0.799
42.146 0.781
42.851 0.705
43.59 0.739
44.36 0.77
45.249 0.889
46.094 0.845
47.044 0.95
48.182 1.138
49.471 1.289
50.687 1.216
51.789 1.102
52.829 1.04
53.77 0.941
54.572 0.802
55.331 0.759
56.062 0.731
56.828 0.766
57.642 0.814
58.459 0.817
59.241 0.782
59.994 0.753
60.73 0.736
61.54 0.81
62.469 0.929
63.481 1.012
64.47 0.989
65.445 0.975
66.516 1.071
67.65 1.134
68.746 1.096
69.768 1.022
70.761 0.993
71.71 0.949
72.626 0.916
73.52 0.894
74.344 0.824
75.115 0.771
75.903 0.788
76.812 0.909
77.82 1.008
79.016 1.196
80.181 1.165
81.302 1.121
82.345 1.043
83.384 1.039
84.338 0.954
85.243 0.905
86.152 0.909
87.064 0.912
87.999 0.935
88.924 0.925
89.689 0.765
90.198 0.509
90.457 0.259
91.698 1.241
92.954 1.256
94.174 1.22
95.368 1.194
96.531 1.163
97.616 1.085
98.673 1.057
99.722 1.049
100.725 1.003
101.707 0.982
102.767 1.06
103.822 1.055
104.89 1.068
105.995 1.105
107.144 1.149
108.294 1.15
109.385 1.091
110.471 1.086
111.54 1.069
112.595 1.055
113.612 1.017
114.642 1.03
115.659 1.017
116.655 0.996
117.617 0.962
118.52 0.903
119.365 0.845
120.192 0.827
121.003 0.811
121.782 0.779
122.598 0.816
123.423 0.825
124.21 0.787
124.951 0.741
125.738 0.787
126.641 0.903
127.64 0.999
128.622 0.982
129.601 0.979
130.558 0.957
131.449 0.891
132.271 0.822
133.024 0.753
133.815 0.791
134.681 0.866
135.708 1.027
136.805 1.097
137.906 1.101
138.935 1.029
139.853 0.918
140.674 0.821
141.45 0.776
142.153 0.703
142.879 0.726
143.602 0.723
144.398 0.796
145.222 0.824
145.997 0.775
146.822 0.825
147.7 0.878
148.59 0.89
149.443 0.853
150.267 0.824
151.049 0.782
151.785 0.736
152.482 0.697
153.155 0.673
153.422 0.267
153.812 0.39
154.466 0.654
155.155 0.689
155.913 0.758
156.82 0.907
157.744 0.924
158.868 1.124
159.957 1.089
161.022 1.065
162.082 1.06
163.075 0.993
164.081 1.006
165.004 0.923
165.871 0.867
166.72 0.849
167.56 0.84
168.389 0.829
169.207 0.818
170.002 0.795
170.799 0.797
171.617 0.818
172.488 0.871
173.365 0.877
174.265 0.9
175.158 0.893
175.996 0.838
176.783 0.787
177.614 0.831
178.561 0.947
179.58 1.019
180.685 1.105
181.78 1.095
182.85 1.07
183.849 0.999
184.765 0.916
185.606 0.841
186.386 0.78
187.128 0.742
187.87 0.742
188.611 0.741
189.37 0.759
190.188 0.818
191.02 0.832
191.826 0.806
192.619 0.793
193.371 0.752
194.119 0.748
194.827 0.708
195.514 0.687
196.182 0.668
196.817 0.635
197.467 0.65
198.155 0.688
198.89 0.735
199.756 0.866
200.676 0.92
201.636 0.96
202.569 0.933
203.394 0.825
204.171 0.777
204.923 0.752
205.754 0.831
206.684 0.93
207.607 0.923
208.501 0.894
209.369 0.868
210.191 0.822
210.988 0.797
211.739 0.751
212.472 0.733
213.233 0.761
214.097 0.864
215.066 0.969
216.068 1.002
217.072 1.004
218.004 0.932
218.855 0.851
219.626 0.771
220.411 0.785
221.239 0.828
222.099 0.86
223.613 1.514
224.301 0.688
225.008 0.707
225.702 0.694
226.474 0.772
227.343 0.869
228.282 0.939
229.127 0.845
230.025 0.898
231.11 1.085
232.368 1.258
233.511 1.143
234.599 1.088
235.695 1.096
236.729 1.034
237.734 1.005
238.655 0.921
239.551 0.896
240.524 0.973
241.536 1.012
242.514 0.978
243.436 0.922
244.302 0.866
245.128 0.826
245.918 0.79
246.708 0.79
247.592 0.884
248.53 0.938
249.401 0.871
250.332 0.931
251.349 1.017
252.59 1.241
253.788 1.198
254.97 1.182
256.131 1.161
257.216 1.085
258.269 1.053
259.338 1.069
260.399 1.061
261.482 1.083
262.613 1.131
263.683 1.07
264.73 1.047
265.693 0.963
266.71 1.017
267.743 1.033
268.801 1.058
269.775 0.974
270.688 0.913
271.581 0.893
272.45 0.869
273.345 0.895
274.302 0.957
275.317 1.015
276.321 1.004
277.278 0.957
278.145 0.867
278.992 0.847
279.823 0.831
280.645 0.822
281.441 0.796
282.224 0.783
282.981 0.757
283.789 0.808
284.635 0.846
285.687 1.052
286.879 1.192
288.106 1.227
289.249 1.143
290.339 1.09
291.334 0.995
292.29 0.956
293.229 0.939
294.222 0.993
295.227 1.005
296.248 1.021
297.352 1.104
298.556 1.204
299.748 1.192
300.939 1.191
302.076 1.137
303.213 1.137
304.377 1.164
305.535 1.158
306.654 1.119
307.846 1.192
309.071 1.225
310.319 1.248
311.505 1.186
312.658 1.153
313.779 1.121
314.843 1.064
315.932 1.089
316.999 1.067
318.073 1.074
319.171 1.098
320.185 1.014
321.146 0.961
322.103 0.957
323.055 0.952
323.944 0.889
324.829 0.885
325.226 0.397
325.48 0.254
325.77 0.29
326.042 0.272
326.546 0.504
327.441 0.895
328.361 0.92
328.644 0.283
328.958 0.314
329.239 0.281
330.085 0.846
331.006 0.921
331.958 0.952
332.843 0.885
333.777 0.934
334.68 0.903
335.598 0.918
336.523 0.925
337.48 0.957
338.4 0.92
339.218 0.818
340.026 0.808
340.83 0.804
341.648 0.818
342.51 0.862
343.355 0.845
344.238 0.883
345.166 0.928
345.642 0.476
346.005 0.363
347.155 1.15
348.145 0.99
349.094 0.949
350.062 0.968
351.032 0.97
352.042 1.01
353.136 1.094
354.214 1.078
355.298 1.084
356.375 1.077
357.411 1.036
358.406 0.995
359.345 0.939
360.186 0.841
361.013 0.827
361.895 0.882
362.891 0.996
363.976 1.085
365.086 1.11
366.085 0.999
367.028 0.943
367.689 0.661
368.038 0.349
368.337 0.299
368.608 0.271
368.867 0.259
369.594 0.727
370.484 0.89
371.529 1.045
372.654 1.125
373.778 1.124
374.871 1.093
375.95 1.079
377.002 1.052
377.959 0.957
379.004 1.045
380.102 1.098
381.186 1.084
382.254 1.068
383.354 1.1
384.363 1.009
385.4 1.037
386.416 1.016
387.351 0.935
388.349 0.998
389.461 1.112
390.458 0.997
391.521 1.063
392.587 1.066
393.643 1.056
394.706 1.063
395.695 0.989
396.775 1.08
397.843 1.068
398.824 0.981
399.805 0.981
400.767 0.962
401.705 0.938
402.703 0.998
403.657 0.954
404.61 0.953
405.566 0.956
406.432 0.866
407.357 0.925
408.325 0.968
409.222 0.897
410.189 0.967
411.136 0.947
411.434 0.298
412.0 0.566
412.969 0.969
413.939 0.97
414.825 0.886
415.726 0.901
416.711 0.985
417.63 0.919
418.525 0.895
419.489 0.964
420.396 0.907
421.3 0.904
422.202 0.902
423.09 0.888
423.951 0.861
424.932 0.981
425.847 0.915
426.81 0.963
427.777 0.967
428.671 0.894
429.57 0.899
430.471 0.901
431.315 0.844
432.263 0.948
433.224 0.961
434.087 0.863
435.042 0.955
435.99 0.948
436.379 0.389
436.877 0.498
437.804 0.927
438.752 0.948
439.759 1.007
440.768 1.009
441.718 0.95
442.74 1.022
443.744 1.004
444.643 0.899
445.598 0.955
446.577 0.979
447.574 0.997
448.656 1.082
449.758 1.102
450.838 1.08
451.929 1.091
452.958 1.029
453.936 0.978
454.948 1.012
456.001 1.053
457.006 1.005
458.096 1.09
459.177 1.081
460.153 0.976
461.147 0.994
462.192 1.045
463.244 1.052
464.269 1.025
465.373 1.104
466.404 1.031
467.463 1.059
468.581 1.118
469.658 1.077
470.693 1.035
471.778 1.085
472.926 1.148
474.066 1.14
475.106 1.04
476.168 1.062
477.253 1.085
478.302 1.049
479.359 1.057
480.466 1.107
481.476 1.01
482.561 1.085
483.665 1.104
484.687 1.022
485.681 0.994
486.752 1.071
487.866 1.114
488.976 1.11
489.96 0.984
490.924 0.964
491.944 1.02
493.081 1.137
494.17 1.089
495.205 1.035
496.315 1.11
497.472 1.157
498.518 1.046
499.575 1.057
500.668 1.093
501.764 1.096
502.804 1.04
503.922 1.118
505.054 1.132
506.096 1.042
507.165 1.069
508.266 1.101
509.315 1.049
510.353 1.038
511.428 1.075
512.476 1.048
513.561 1.085
514.708 1.147
515.787 1.079
516.791 1.004
517.809 1.018
518.827 1.018
519.885 1.058
520.883 0.998
522.046 1.163
523.219 1.173
524.295 1.076
525.42 1.125
526.578 1.158
527.671 1.093
528.686 1.015
529.734 1.048
530.889 1.155
531.939 1.05
532.992 1.053
534.136 1.144
535.188 1.052
536.221 1.033
537.347 1.126
538.437 1.09
539.477 1.04
540.56 1.083
541.651 1.091
542.67 1.019
543.736 1.066
544.746 1.01
545.694 0.948
546.695 1.001
547.823 1.128
548.906 1.083
550.009 1.103
551.132 1.123
552.143 1.011
553.178 1.035
554.253 1.075
555.272 1.019
556.254 0.982
557.292 1.038
558.362 1.07
559.412 1.05
560.412 1.0
561.519 1.107
562.59 1.071
562.863 0.273
563.518 0.655
564.385 0.867
565.276 0.891
566.212 0.936
567.203 0.991
568.133 0.93
569.007 0.874
569.907 0.9
570.871 0.964
571.909 1.038
572.847 0.938
573.811 0.964
574.796 0.985
575.703 0.907
576.659 0.956
577.649 0.99
578.613 0.964
579.54 0.927
580.554 1.014
581.55 0.996
582.484 0.934
583.378 0.894
584.343 0.965
585.354 1.011
586.404 1.05
587.408 1.004
588.498 1.09
589.617 1.119
590.662 1.045
591.75 1.088
592.791 1.041
593.786 0.995
594.799 1.013
595.74 0.941
596.645 0.905
597.601 0.956
598.608 1.007
599.694 1.086
600.712 1.018
601.73 1.018
602.821 1.091
603.925 1.104
604.969 1.044
606.004 1.035
607.057 1.053
608.108 1.051
609.116 1.008
610.197 1.081
611.27 1.073
612.246 0.976
613.245 0.999
614.306 1.061
615.339 1.033
616.344 1.005
617.398 1.054
618.391 0.993
619.423 1.032
620.533 1.11
621.541 1.008
622.511 0.97
623.497 0.986
624.444 0.947
625.387 0.943
626.392 1.005
627.537 1.145
628.698 1.161
629.728 1.03
630.754 1.026
631.809 1.055
632.86 1.051
633.836 0.976
634.8 0.964
635.795 0.995
636.837 1.042
637.83 0.993
638.832 1.002
639.892 1.06
640.926 1.034
641.86 0.934
642.821 0.961
643.803 0.982
644.839 1.036
645.785 0.946
646.778 0.993
647.855 1.077
648.919 1.064
649.922 1.003
650.947 1.025
651.997 1.05
652.959 0.962
653.94 0.981
654.954 1.014
655.935 0.981
656.902 0.967
657.899 0.997
658.95 1.051
659.979 1.029
660.94 0.961
661.963 1.023
663.002 1.039
663.957 0.955
664.907 0.95
665.902 0.995
666.879 0.977
667.802 0.923
668.77 0.968
669.812 1.042
670.824 1.012
671.81 0.986
672.811 1.001
673.81 0.999
674.738 0.928
675.719 0.981
676.745 1.026
677.768 1.023
678.771 1.003
679.714 0.943
680.563 0.849
681.342 0.779
682.32 0.978
683.485 1.165
684.498 1.013
685.401 0.903
686.238 0.837
687.039 0.801
687.824 0.785
688.663 0.839
689.528 0.865
690.413 0.885
691.283 0.87
692.171 0.888
693.024 0.853
693.881 0.857
694.726 0.845
695.57 0.844
696.444 0.874
697.302 0.858
698.2 0.898
699.139 0.939
700.059 0.92
700.952 0.893
701.834 0.882
702.726 0.892
703.599 0.873
704.455 0.856
705.321 0.866
706.227 0.906
707.115 0.888
707.967 0.852
708.808 0.841
709.619 0.811
710.42 0.801
711.215 0.795
712.03 0.815
712.801 0.771
713.519 0.718
714.253 0.734
714.994 0.741
715.802 0.808
716.648 0.846
717.502 0.854
718.372 0.87
719.297 0.925
720.221 0.924
721.165 0.944
722.109 0.944
722.996 0.887
723.895 0.899
724.753 0.858
725.575 0.822
726.368 0.793
727.125 0.757
727.83 0.705
728.543 0.713
729.217 0.674
729.852 0.635
730.514 0.662
731.21 0.696
731.931 0.721
732.713 0.782
733.592 0.879
734.654 1.062
735.75 1.096
736.84 1.09
737.907 1.067
738.945 1.038
739.994 1.049
741.038 1.044
742.075 1.037
743.084 1.009
744.062 0.978
745.011 0.949
746.033 1.022
747.127 1.094
748.248 1.121
749.312 1.064
750.345 1.033
751.37 1.025
752.38 1.01
753.374 0.994
754.339 0.965
755.347 1.008
756.351 1.004
757.36 1.009
758.379 1.019
759.401 1.022
760.381 0.98
761.355 0.974
762.313 0.958
763.277 0.964
764.302 1.025
765.294 0.992
766.242 0.948
767.231 0.989
768.252 1.021
769.228 0.976
770.247 1.019
771.286 1.039
772.286 1.0
773.322 1.036
774.37 1.048
775.341 0.971
776.349 1.008
777.359 1.01
778.269 0.91
779.211 0.942
780.179 0.968
781.107 0.928
782.121 1.014
783.118 0.997
784.059 0.941
785.054 0.995
786.078 1.024
787.03 0.952
788.033 1.003
789.025 0.992
789.969 0.944
790.945 0.976
791.924 0.979
792.864 0.94
793.851 0.987
794.899 1.048
795.861 0.962
796.87 1.009
797.852 0.982
798.775 0.923
799.749 0.974
800.721 0.972
801.64 0.919
802.582 0.942
803.488 0.906
804.391 0.903
805.346 0.955
806.257 0.911
807.119 0.862
808.018 0.899
808.915 0.897
809.812 0.897
810.8 0.988
811.754 0.954
812.701 0.947
813.651 0.95
814.563 0.912
815.497 0.934
816.432 0.935
817.323 0.891
818.2 0.877
819.125 0.925
820.054 0.929
820.93 0.876
821.842 0.912
822.79 0.948
823.675 0.885
824.592 0.917
825.533 0.941
826.413 0.88
827.327 0.914
828.27 0.943
829.194 0.924
830.17 0.976
831.136 0.966
832.098 0.962
833.097 0.999
834.055 0.958
834.952 0.897
835.86 0.908
836.74 0.88
837.595 0.855
838.527 0.932
839.539 1.012
840.53 0.991
841.611 1.081
842.652 1.041
843.679 1.027
844.756 1.077
845.758 1.002
846.743 0.985
847.775 1.032
848.777 1.002
849.694 0.917
850.678 0.984
851.687 1.009
852.659 0.972
853.664 1.005
854.647 0.983
855.603 0.956
856.589 0.986
857.546 0.957
858.487 0.941
859.451 0.964
860.374 0.923
861.309 0.935
862.255 0.946
863.188 0.933
864.142 0.954
865.126 0.984
866.057 0.931
867.017 0.96
867.996 0.979
868.915 0.919
869.835 0.92
870.796 0.961
871.694 0.898
872.599 0.905
873.559 0.96
874.499 0.94
875.417 0.918
876.413 0.996
877.458 1.045
878.444 0.986
879.427 0.983
880.41 0.983
881.343 0.933
882.318 0.975
883.329 1.011
884.292 0.963
885.257 0.965
886.26 1.003
887.239 0.979
888.231 0.992
889.262 1.031
890.228 0.966
891.228 1.0
892.208 0.98
893.173 0.965
894.159 0.986
895.092 0.933
896.084 0.992
897.095 1.011
898.044 0.949
899.045 1.001
900.082 1.037
901.042 0.96
902.048 1.006
903.061 1.013
903.989 0.928
904.958 0.969
905.92 0.962
906.812 0.892
907.727 0.915
908.689 0.962
909.627 0.938
910.624 0.997
911.697 1.073
912.715 1.018
913.773 1.058
914.824 1.051
915.801 0.977
916.805 1.004
917.818 1.013
918.766 0.948
919.797 1.031
920.796 0.999
921.752 0.956
922.773 1.021
923.774 1.001
924.715 0.941
925.691 0.976
926.723 1.032
927.729 1.006
928.752 1.023
929.829 1.077
930.844 1.015
931.848 1.004
932.851 1.003
933.772 0.921
934.699 0.927
935.685 0.986
936.654 0.969
937.589 0.935
938.595 1.006
939.646 1.051
940.641 0.995
941.661 1.02
942.653 0.992
943.621 0.968
944.653 1.032
945.641 0.988
946.626 0.985
947.606 0.98
948.518 0.912
949.503 0.985
950.485 0.982
951.353 0.868
952.182 0.829
953.003 0.821
953.839 0.836
956.046 2.207
956.722 0.676
957.391 0.669
958.047 0.656
958.681 0.634
959.347 0.666
960.118 0.771
961.001 0.883
961.885 0.884
962.705 0.82
963.492 0.787
964.252 0.76
964.967 0.715
965.697 0.73
966.487 0.79
967.338 0.851
968.218 0.88
969.161 0.943
970.153 0.992
971.052 0.899
971.902 0.85
972.762 0.86
973.635 0.873
974.599 0.964
975.624 1.025
976.717 1.093
977.759 1.042
978.782 1.023
979.816 1.034
980.842 1.026
981.927 1.085
983.005 1.078
984.069 1.064
985.046 0.977
986.005 0.959
986.936 0.931
987.89 0.954
988.915 1.025
989.945 1.03
991.033 1.088
992.204 1.171
993.419 1.215
994.578 1.159
995.615 1.037
996.673 1.058
997.771 1.098
998.926 1.155
999.971 1.045
1001.085 1.114
1002.255 1.17
1003.446 1.191
1004.6 1.154
1005.675 1.075
1006.767 1.092
1007.841 1.074
1008.906 1.065
1009.871 0.965
1010.856 0.985
1012.027 1.171
1013.204 1.177
1014.297 1.093
1015.443 1.146
1016.538 1.095
1017.552 1.014
1018.523 0.971
1019.527 1.004
1020.585 1.058
1021.623 1.038
1022.604 0.981
1023.595 0.991
1024.623 1.028
1025.728 1.105
1026.8 1.072
1027.844 1.044
1028.958 1.114
1030.1 1.142
1031.213 1.113
1032.293 1.08
1033.413 1.12
1034.541 1.128
1035.637 1.096
1036.615 0.978
1037.715 1.1
1038.904 1.189
1040.081 1.177
1041.098 1.017
1042.106 1.008
1043.155 1.049
1044.226 1.071
1045.255 1.029
1046.363 1.108
1047.461 1.098
1048.532 1.071
1049.712 1.18
1050.678 0.966
1051.567 0.889
1052.554 0.987
1053.61 1.056
1054.708 1.098
1055.696 0.988
1056.644 0.948
1057.577 0.933
1058.473 0.896
1059.477 1.004
1060.629 1.152
1061.772 1.143
1062.906 1.134
1063.965 1.059
1064.956 0.991
1065.941 0.985
1066.949 1.008
1067.887 0.938
1068.912 1.025
1070.026 1.114
1071.045 1.019
1072.085 1.04
1073.093 1.008
1074.038 0.945
1075.025 0.987
1076.033 1.008
1077.014 0.981
1078.045 1.031
1079.101 1.056
1080.076 0.975
1081.077 1.001
1082.122 1.045
1083.142 1.02
1084.117 0.975
1085.136 1.019
1086.138 1.002
1087.072 0.934
1087.986 0.914
1088.951 0.965
1089.927 0.976
1090.875 0.948
1091.891 1.016
1093.044 1.153
1094.136 1.092
1095.157 1.021
1096.2 1.043
1097.284 1.084
1098.377 1.093
1099.436 1.059
1100.547 1.111
1101.623 1.076
1102.566 0.943
1103.482 0.916
1104.343 0.861
1105.16 0.817
1105.911 0.751
1106.641 0.73
1107.391 0.75
1108.145 0.754
1108.911 0.766
1109.637 0.726
1110.341 0.704
1111.041 0.7
1111.74 0.699
1112.433 0.693
1113.119 0.686
1113.805 0.686
1114.479 0.674
1115.118 0.639
1115.758 0.64
1116.413 0.655
1117.149 0.736
1117.956 0.807
1118.783 0.827
1119.608 0.825
1120.428 0.82
1121.234 0.806
1122.016 0.782
1122.776 0.76
1123.515 0.739
1124.184 0.669
1124.865 0.681
1125.54 0.675
1126.316 0.776
1127.49 1.174
1128.523 1.033
1129.521 0.998
1130.488 0.967
1131.385 0.897
1132.232 0.847
1132.966 0.734
1133.664 0.698
1134.329 0.665
1134.972 0.643
1135.585 0.613
1136.22 0.635
1136.87 0.65
1137.696 0.826
1138.672 0.976
1139.648 0.976
1140.65 1.002
1141.648 0.998
1142.591 0.943
1143.486 0.895
1144.372 0.886
1145.244 0.872
1146.128 0.884
1146.981 0.853
1147.816 0.835
1148.631 0.815
1149.42 0.789
1150.208 0.788
1150.997 0.789
1151.829 0.832
1152.676 0.847
1153.522 0.846
1154.308 0.786
1155.18 0.872
1156.147 0.967
1157.186 1.039
1158.223 1.037
1159.242 1.019
1160.246 1.004
1161.188 0.942
1162.054 0.866
1162.851 0.797
1163.641 0.79
1164.499 0.858
1165.601 1.102
1166.765 1.164
1167.976 1.211
1169.124 1.148
1170.21 1.086
1171.207 0.997
1172.077 0.87
1172.925 0.848
1173.999 1.074
1175.251 1.252
1176.606 1.355
1177.873 1.267
1179.11 1.237
1180.324 1.214
1181.409 1.085
1182.388 0.979
1183.302 0.914
1184.269 0.967
1185.396 1.127
1186.644 1.248
1187.858 1.214
1189.025 1.167
1190.206 1.181
1191.292 1.086
1192.255 0.963
1193.125 0.87
1193.966 0.841
1194.852 0.886
1196.027 1.175
1197.266 1.239
1198.422 1.156
1199.542 1.12
1200.618 1.076
1201.584 0.966
1202.444 0.86
1203.264 0.82
1204.157 0.893
1205.237 1.08
1206.472 1.235
1207.657 1.185
1208.796 1.139
1209.903 1.107
1210.971 1.068
1211.901 0.93
1212.721 0.82
1213.486 0.765
1214.246 0.76
1215.081 0.835
1216.317 1.236
1217.525 1.208
1218.661 1.136
1219.759 1.098
1220.806 1.047
1221.748 0.942
1222.575 0.827
1223.336 0.761
1224.091 0.755
1224.936 0.845
1226.207 1.271
1227.432 1.225
1228.589 1.157
1229.679 1.09
1230.729 1.05
1231.689 0.96
1232.549 0.86
1233.348 0.799
1234.145 0.797
1235.047 0.902
1236.309 1.262
1237.51 1.201
1238.634 1.124
1239.729 1.095
1240.776 1.047
1241.701 0.925
1242.502 0.801
1243.245 0.743
1243.994 0.749
1244.824 0.83
1246.123 1.299
1247.342 1.219
1248.496 1.154
1249.588 1.092
1250.636 1.048
1251.577 0.941
1252.393 0.816
1253.145 0.752
1253.907 0.762
1254.734 0.827
1255.938 1.204
1257.154 1.216
1258.294 1.14
1259.384 1.09
1260.425 1.041
1261.395 0.97
1262.26 0.865
1263.036 0.776
1263.788 0.752
1264.576 0.788
1265.523 0.947
1266.739 1.216
1267.868 1.129
1268.972 1.104
1270.03 1.058
1271.026 0.996
1271.896 0.87
1272.67 0.774
1273.418 0.748
1274.162 0.744
1274.955 0.793
1276.175 1.22
1277.408 1.233
1278.585 1.177
1279.725 1.14
1280.79 1.065
1281.744 0.954
1282.578 0.834
1283.333 0.755
1284.074 0.741
1284.831 0.757
1285.751 0.92
1286.966 1.215
1288.09 1.124
1289.173 1.083
1290.235 1.062
1291.231 0.996
1292.066 0.835
1292.808 0.742
1293.527 0.719
1294.249 0.722
1295.147 0.898
1296.453 1.306
1297.617 1.164
1298.794 1.177
1299.909 1.115
1300.902 0.993
1301.766 0.864
1302.527 0.761
1303.255 0.728
1303.984 0.729
1304.794 0.81
1305.941 1.147
1307.117 1.176
1308.256 1.139
1309.313 1.057
1310.317 1.004
1311.24 0.923
1312.05 0.81
1312.79 0.74
1313.518 0.728
1314.251 0.733
1315.085 0.834
1316.324 1.239
1317.498 1.174
1318.614 1.116
1319.679 1.065
1320.675 0.996
1321.543 0.868
1322.291 0.748
1323.005 0.714
1323.702 0.697
1324.432 0.73
1325.458 1.026
1326.692 1.234
1327.812 1.12
1328.926 1.114
1329.983 1.057
1330.966 0.983
1331.832 0.866
1332.596 0.764
1333.316 0.72
1334.025 0.709
1334.749 0.724
1335.615 0.866
1336.885 1.27
1338.029 1.144
1339.137 1.108
1340.198 1.061
1341.168 0.97
1342.013 0.845
1342.773 0.76
1343.501 0.728
1344.221 0.72
1344.99 0.769
1345.958 0.968
1347.12 1.162
1348.249 1.129
1349.337 1.088
1350.373 1.036
1351.294 0.921
1352.09 0.796
1352.82 0.73
1353.53 0.71
1354.234 0.704
1354.993 0.759
1355.982 0.989
1357.163 1.181
1358.311 1.148
1359.414 1.103
1360.447 1.033
1361.394 0.947
1362.2 0.806
1362.929 0.729
1363.641 0.712
1364.358 0.717
1365.169 0.811
1366.452 1.283
1367.622 1.17
1368.77 1.148
1369.826 1.056
1370.806 0.98
1371.674 0.868
1372.46 0.786
1373.195 0.735
1373.919 0.724
1374.653 0.734
1375.49 0.837
1376.66 1.17
1377.814 1.154
1378.947 1.133
1379.996 1.049
1380.978 0.982
1381.833 0.855
1382.595 0.762
1383.318 0.723
1384.029 0.711
1384.769 0.74
1385.609 0.84
1386.784 1.175
1387.93 1.146
1389.055 1.125
1390.102 1.047
1391.062 0.96
1391.901 0.839
1392.644 0.743
1393.367 0.723
1394.088 0.721
1394.886 0.798
1396.118 1.232
1397.312 1.194
1398.494 1.182
1399.592 1.098
1400.606 1.014
1401.501 0.895
1402.284 0.783
1403.015 0.731
1403.735 0.72
1404.487 0.752
1405.346 0.859
1406.524 1.178
1407.667 1.143
1408.749 1.082
1409.791 1.042
1410.772 0.981
1411.635 0.863
1412.408 0.773
1413.131 0.723
1413.844 0.713
1414.582 0.738
1415.456 0.874
1416.725 1.269
1417.887 1.162
1419.0 1.113
1420.049 1.049
1421.001 0.952
1421.805 0.804
1422.528 0.723
1423.23 0.702
1423.929 0.699
1424.688 0.759
1425.848 1.16
1427.068 1.22
1428.268 1.2
1429.404 1.136
1430.433 1.029
1431.355 0.922
1432.15 0.795
1432.88 0.73
1433.586 0.706
1434.296 0.71
1435.091 0.795
1436.286 1.195
1437.478 1.192
1438.65 1.172
1439.767 1.117
1440.776 1.009
1441.653 0.877
1442.425 0.772
1443.145 0.72
1443.847 0.702
1444.556 0.709
1445.352 0.796
1446.554 1.202
1447.675 1.121
1448.751 1.076
1449.78 1.029
1450.751 0.971
1451.615 0.864
1452.38 0.765
1453.098 0.718
1453.801 0.703
1454.518 0.717
1455.307 0.789
1456.376 1.069
1457.448 1.072
1458.505 1.057
1459.521 1.016
1460.47 0.949
1461.341 0.871
1462.181 0.84
1462.991 0.81
1463.783 0.792
1464.537 0.754
1465.272 0.735
1465.993 0.721
1466.706 0.713
1467.438 0.732
1468.215 0.777
1469.014 0.799
1469.783 0.769
1470.568 0.785
1471.348 0.78
1472.076 0.728
1472.772 0.696
1473.449 0.677
1474.12 0.671
1474.811 0.691
1475.544 0.733
1476.319 0.775
1477.093 0.774
1477.882 0.789
1478.622 0.74
1479.281 0.659
1479.959 0.678
1480.613 0.654
1481.264 0.651
1481.973 0.709
1482.688 0.715
1483.372 0.684
1484.077 0.705
1484.761 0.684
1485.408 0.647
1486.082 0.674
1486.733 0.651
1487.382 0.649