0.000 0.472
0.472 0.472
1.373 0.901
2.273 0.9
2.54 0.267
3.867 1.327
4.548 0.681
5.478 0.93
6.307 0.829
7.13 0.823
7.938 0.808
8.786 0.848
9.169 0.383
9.488 0.319
9.895 0.407
10.185 0.29
11.152 0.967
12.0 0.848
12.308 0.308
12.615 0.307
13.241 0.626
13.494 0.253
14.186 0.692
14.699 0.513
14.978 0.279
15.867 0.889
16.766 0.899
17.602 0.836
18.409 0.807
18.723 0.314
19.219 0.496
19.482 0.263
20.055 0.573
20.903 0.848
21.71 0.807
22.532 0.822
22.797 0.265
23.376 0.579
24.28 0.904
24.97 0.69
25.981 1.011
26.772 0.791
27.118 0.346
27.43 0.312
28.946 1.516
29.83 0.884
30.309 0.479
30.602 0.293
30.886 0.284
31.15 0.264
31.413 0.263
43.999 12.586
46.797 2.798
47.586 0.789
48.355 0.769
49.118 0.763
49.878 0.76
50.631 0.753
51.361 0.73
52.093 0.732
52.833 0.74
53.641 0.808
54.481 0.84
55.28 0.799
56.127 0.847
56.995 0.868
57.792 0.797
58.589 0.797
59.369 0.78
60.109 0.74
60.84 0.731
61.581 0.741
62.39 0.809
63.206 0.816
64.011 0.805
64.826 0.815
65.655 0.829
66.427 0.772
67.216 0.789
67.993 0.777
68.762 0.769
69.498 0.736
70.252 0.754
70.998 0.746
71.734 0.736
72.457 0.723
73.209 0.752
73.992 0.783
74.802 0.81
75.559 0.757
76.352 0.793
77.155 0.803
77.951 0.796
78.7 0.749
79.469 0.769
80.248 0.779
81.055 0.807
81.813 0.758
82.59 0.777
83.37 0.78
84.214 0.844
85.037 0.823
85.851 0.814
86.696 0.845
87.562 0.866
88.395 0.833
89.249 0.854
90.118 0.869
90.957 0.839
91.821 0.864
92.71 0.889
93.638 0.928
94.509 0.871
95.376 0.867
96.266 0.89
97.149 0.883
98.008 0.859
98.855 0.847
99.641 0.786
100.414 0.773
101.198 0.784
101.965 0.767
102.471 0.506
102.745 0.274
103.015 0.27
103.486 0.471
104.364 0.878
105.181 0.817
105.987 0.806
106.787 0.8
107.593 0.806
108.707 1.114
109.2 0.493
109.963 0.763
110.705 0.742
111.433 0.728
111.959 0.526
112.94 0.981
113.29 0.35
113.752 0.462
114.113 0.361
114.579 0.466
114.929 0.35
115.424 0.495
116.218 0.794
117.034 0.816
117.86 0.826
118.731 0.871
119.649 0.918
120.504 0.855
121.379 0.875
122.272 0.893
123.162 0.89
124.026 0.864
124.89 0.864
125.697 0.807
126.483 0.786
127.242 0.759
127.969 0.727
128.68 0.711
129.381 0.701
130.065 0.684
130.765 0.7
131.513 0.748
132.144 0.631
133.111 0.967
133.908 0.797
134.676 0.768
135.408 0.732
136.129 0.721
136.848 0.719
137.589 0.741
138.364 0.775
139.119 0.755
139.901 0.782
140.699 0.798
141.542 0.843
142.352 0.81
143.189 0.837
144.024 0.835
144.861 0.837
145.647 0.786
146.408 0.761
147.118 0.71
147.795 0.677
148.487 0.692
149.155 0.668
149.896 0.741
150.726 0.83
151.524 0.798
152.352 0.828
153.182 0.83
154.021 0.839
154.817 0.796
155.611 0.794
156.389 0.778
157.172 0.783
157.939 0.767
158.675 0.736
159.421 0.746
160.155 0.734
160.91 0.755
161.641 0.731
162.416 0.775
163.195 0.779
164.005 0.81
164.806 0.801
165.552 0.746
166.302 0.75
167.028 0.726
167.764 0.736
168.473 0.709
169.204 0.731
169.928 0.724
170.673 0.745
171.403 0.73
172.152 0.749
172.917 0.765
173.698 0.781
174.48 0.782
175.217 0.737
175.97 0.753
176.707 0.737
177.437 0.73
178.139 0.702
178.87 0.731
179.615 0.745
180.389 0.774
181.136 0.747
181.914 0.778
182.693 0.779
183.463 0.77
184.191 0.728
184.935 0.744
185.66 0.725
186.368 0.708
187.064 0.696
187.773 0.709
188.499 0.726
189.253 0.754
190.06 0.807
190.873 0.813
191.634 0.761
192.41 0.776
193.148 0.738
193.885 0.737
194.618 0.733
195.366 0.748
196.075 0.709
196.804 0.729
197.578 0.774
198.335 0.757
198.611 0.276
199.131 0.52
199.939 0.808
200.687 0.748
201.395 0.708
202.115 0.72
202.833 0.718
203.516 0.683
203.8 0.284
204.07 0.27
204.349 0.279
204.681 0.332
205.517 0.836
206.205 0.688
206.937 0.732
207.685 0.748
208.402 0.717
209.086 0.684
209.756 0.67
210.424 0.668
211.105 0.681
211.797 0.692
212.538 0.741
213.3 0.762
214.07 0.77
214.856 0.786
215.669 0.813
216.509 0.84
217.356 0.847
218.191 0.835
218.982 0.791
219.758 0.776
220.543 0.785
221.369 0.826
222.184 0.815
223.027 0.843
223.902 0.875
224.821 0.919
225.657 0.836
226.498 0.841
227.317 0.819
228.134 0.817
228.882 0.748
229.646 0.764
230.443 0.797
231.283 0.84
232.121 0.838
232.983 0.862
233.861 0.878
234.671 0.81
235.495 0.824
236.309 0.814
237.084 0.775
237.871 0.787
238.654 0.783
239.456 0.802
240.265 0.809
241.072 0.807
241.864 0.792
242.606 0.742
243.364 0.758
244.129 0.765
244.9 0.771
245.672 0.772
246.457 0.785
247.272 0.815
248.039 0.767
248.82 0.781
249.6 0.78
250.389 0.789
251.126 0.737
251.875 0.749
252.609 0.734
253.349 0.74
254.053 0.704
254.771 0.718
255.502 0.731
256.27 0.768
257.007 0.737
257.737 0.73
258.459 0.722
259.162 0.703
259.845 0.683
260.536 0.691
261.225 0.689
261.922 0.697
262.629 0.707
263.326 0.697
264.016 0.69
264.683 0.667
265.361 0.678
266.039 0.678
266.754 0.715
267.467 0.713
268.185 0.718
268.905 0.72
269.64 0.735
270.382 0.742
271.1 0.718
271.83 0.73
272.551 0.721
273.24 0.689
273.943 0.703
274.632 0.689
275.325 0.693
276.031 0.706
276.713 0.682
277.416 0.703
278.118 0.702
278.851 0.733
279.596 0.745
280.32 0.724
281.064 0.744
281.809 0.745
282.557 0.748
283.268 0.711
283.999 0.731
284.719 0.72
285.461 0.742
286.218 0.757
286.952 0.734
287.706 0.754
288.47 0.764
289.241 0.771
289.972 0.731
290.72 0.748
291.461 0.741
292.201 0.74
292.909 0.708
293.649 0.74
294.401 0.752
295.136 0.735
295.874 0.738
296.641 0.767
297.403 0.762
298.125 0.722
298.385 0.26
298.891 0.506
299.622 0.731
300.352 0.73
301.069 0.717
301.782 0.713
302.483 0.701
303.174 0.691
303.855 0.681
304.532 0.677
305.206 0.674
305.885 0.679
306.568 0.683
307.262 0.694
307.956 0.694
308.266 0.31
308.661 0.395
309.371 0.71
310.101 0.73
310.849 0.748
311.615 0.766
312.398 0.783
313.2 0.802
314.01 0.81
314.841 0.831
315.667 0.826
316.478 0.811
317.079 0.601
317.361 0.282
317.741 0.38
318.108 0.367
318.944 0.836
319.795 0.851
320.596 0.801
321.428 0.832
322.253 0.825
323.089 0.836
323.918 0.829
324.722 0.804
325.523 0.801
326.289 0.766
327.031 0.742
327.773 0.742
328.502 0.729
328.816 0.314
329.122 0.306
329.408 0.286
330.014 0.606
330.739 0.725
331.523 0.784
332.282 0.759
333.054 0.772
333.84 0.786
334.65 0.81
335.457 0.807
336.28 0.823
337.093 0.813
337.902 0.809
338.737 0.835
339.606 0.869
340.432 0.826
341.271 0.839
342.109 0.838
342.953 0.844
343.763 0.81
344.592 0.829
345.408 0.816
346.207 0.799
346.966 0.759
347.76 0.794
348.463 0.703
349.329 0.866
350.091 0.762
350.873 0.782
351.66 0.787
352.441 0.781
353.272 0.831
354.107 0.835
354.937 0.83
355.718 0.781
356.516 0.798
357.322 0.806
358.102 0.78
358.914 0.812
359.739 0.825
360.02 0.281
360.585 0.565
361.433 0.848
362.283 0.85
363.108 0.825
363.888 0.78
364.661 0.773
365.422 0.761
366.19 0.768
366.94 0.75
367.752 0.812
368.591 0.839
369.406 0.815
369.965 0.559
370.236 0.271
371.077 0.841
371.921 0.844
372.748 0.827
373.568 0.82
374.389 0.821
375.2 0.811
376.001 0.801
376.774 0.773
377.527 0.753
378.277 0.75
379.02 0.743
379.768 0.748
380.535 0.767
381.328 0.793
382.145 0.817
382.94 0.795
383.758 0.818
384.6 0.842
385.466 0.866
386.348 0.882
387.204 0.856
388.064 0.86
388.925 0.861
389.753 0.828
390.592 0.839
391.442 0.85
392.278 0.836
393.106 0.828
393.929 0.823
394.739 0.81
395.538 0.799
396.35 0.812
397.155 0.805
397.972 0.817
398.809 0.837
399.637 0.828
400.428 0.791
401.241 0.813
402.045 0.804
402.807 0.762
403.565 0.758
404.307 0.742
405.074 0.767
405.831 0.757
406.632 0.801
407.458 0.826
408.269 0.811
409.081 0.812
409.907 0.826
410.753 0.846
411.544 0.791
412.349 0.805
413.159 0.81
413.968 0.809
414.728 0.76
415.522 0.794
416.337 0.815
417.134 0.797
417.962 0.828
418.806 0.844
419.622 0.816
420.437 0.815
421.278 0.841
422.135 0.857
422.959 0.824
423.763 0.804
424.6 0.837
425.438 0.838
426.267 0.829
427.068 0.801
427.908 0.84
428.752 0.844
429.609 0.857
430.442 0.833
431.266 0.824
432.084 0.818
432.911 0.827
433.684 0.773
434.429 0.745
435.15 0.721
435.857 0.707
436.536 0.679
437.209 0.673
437.895 0.686
438.634 0.739
439.424 0.79
440.211 0.787
441.002 0.791
441.777 0.775
442.549 0.772
443.344 0.795
444.159 0.815
444.969 0.81
445.764 0.795
446.547 0.783
447.315 0.768
448.116 0.801
448.944 0.828
449.76 0.816
450.571 0.811
451.42 0.849
452.291 0.871
453.145 0.854
453.943 0.798
454.744 0.801
455.565 0.821
456.37 0.805
457.158 0.788
457.994 0.836
458.853 0.859
459.669 0.816
460.49 0.821
461.32 0.83
462.165 0.845
462.966 0.801
463.749 0.783
464.506 0.757
465.257 0.751
466.017 0.76
466.777 0.76
467.556 0.779
468.366 0.81
469.204 0.838
470.061 0.857
470.854 0.793
471.667 0.813
472.493 0.826
473.327 0.834
474.117 0.79
474.911 0.794
475.73 0.819
476.568 0.838
477.408 0.84
478.252 0.844
479.071 0.819
479.854 0.783
480.616 0.762
481.368 0.752
482.098 0.73
482.823 0.725
483.557 0.734
484.268 0.711
485.003 0.735
485.705 0.702
486.428 0.723
487.168 0.74
487.92 0.752
488.665 0.745
489.424 0.759
490.175 0.751
490.902 0.727
491.642 0.74
492.395 0.753
493.181 0.786
493.949 0.768
494.694 0.745
495.47 0.776
496.272 0.802
497.048 0.776
497.846 0.798
498.695 0.849
499.509 0.814
500.317 0.808
501.165 0.848
501.975 0.81
502.778 0.803
503.61 0.832
504.417 0.807
505.226 0.809
506.048 0.822
506.862 0.814
507.663 0.801
508.507 0.844
509.339 0.832
510.147 0.808
511.011 0.864
511.875 0.864
512.715 0.84
513.576 0.861
514.39 0.814
515.23 0.84
516.094 0.864
516.917 0.823
517.777 0.86
518.667 0.89
519.509 0.842
520.357 0.848
521.241 0.884
522.102 0.861
522.957 0.855
523.823 0.866
524.657 0.834
525.476 0.819
526.332 0.856
527.178 0.846
528.012 0.834
528.884 0.872
529.746 0.862
530.593 0.847
531.456 0.863
532.286 0.83
533.114 0.828
533.972 0.858
534.833 0.861
535.682 0.849
536.549 0.867
537.341 0.792
538.139 0.798
538.947 0.808
539.728 0.781
540.534 0.806
541.356 0.822
542.157 0.801
542.946 0.789
543.77 0.824
544.612 0.842
545.43 0.818
546.24 0.81
547.042 0.802
547.813 0.771
548.59 0.777
549.418 0.828
550.313 0.895
551.191 0.878
552.066 0.875
552.965 0.899
553.865 0.9
554.714 0.849
555.547 0.833
556.349 0.802
557.215 0.866
558.123 0.908
558.988 0.865
559.853 0.865
560.749 0.896
561.649 0.9
569.8 0.809
570.615 0.815
571.571 0.956
572.467 0.896
573.391 0.924
574.323 0.932
575.225 0.902
576.124 0.899
577.024 0.9
577.915 0.891
578.753 0.838
579.618 0.865
580.465 0.847
581.328 0.863
582.212 0.884
583.072 0.86
583.908 0.836
584.791 0.883
585.712 0.921
586.593 0.881
587.442 0.849
588.3 0.858
589.154 0.854
589.974 0.82
590.821 0.847
591.672 0.851
592.529 0.857
593.345 0.816
594.183 0.838
595.018 0.835
595.818 0.8
596.637 0.819
597.494 0.857
598.369 0.875
599.206 0.837
600.039 0.833
600.862 0.823
601.658 0.796
602.459 0.801
603.279 0.82
604.121 0.842
604.915 0.794
605.722 0.807
606.501 0.779
607.279 0.778
608.106 0.827
608.976 0.87
609.813 0.837
610.596 0.783
611.379 0.783
612.153 0.774
612.894 0.741
613.624 0.73
614.358 0.734
615.097 0.739
615.842 0.745
616.62 0.778
617.436 0.816
618.275 0.839
619.057 0.782
619.89 0.833
620.759 0.869
621.606 0.847
622.428 0.822
623.276 0.848
624.149 0.873
624.972 0.823
625.844 0.872
626.694 0.85
627.523 0.829
628.361 0.838
629.162 0.801
629.983 0.821
630.829 0.846
631.707 0.878
632.526 0.819
633.35 0.824
634.196 0.846
635.027 0.831
635.86 0.833
636.742 0.882
637.611 0.869
638.477 0.866
639.37 0.893
640.211 0.841
641.056 0.845
641.889 0.833
642.644 0.755
643.411 0.767
644.15 0.739
644.869 0.719
645.596 0.727
646.313 0.717
647.064 0.751
647.847 0.783
648.668 0.821
649.462 0.794
650.292 0.83
651.139 0.847
651.939 0.8
652.784 0.845
653.634 0.85
654.455 0.821
655.258 0.803
656.083 0.825
656.915 0.832
657.715 0.8
658.554 0.839
659.428 0.874
660.299 0.871
661.16 0.861
662.033 0.873
662.877 0.844
663.723 0.846
664.581 0.858
665.41 0.829
666.259 0.849
667.148 0.889
667.994 0.846
668.807 0.813
669.662 0.855
670.533 0.871
671.371 0.838
672.214 0.843
673.089 0.875
673.969 0.88
674.803 0.834
675.673 0.87
676.548 0.875
677.378 0.83
678.216 0.838
679.087 0.871
679.974 0.887
680.817 0.843
681.677 0.86
682.569 0.892
683.427 0.858
684.269 0.842
685.124 0.855
685.998 0.874
686.833 0.835
687.679 0.846
688.553 0.874
689.426 0.873
690.26 0.834
691.127 0.867
692.014 0.887
692.889 0.875
693.725 0.836
694.591 0.866
695.455 0.864
696.276 0.821
697.146 0.87
698.045 0.899
698.882 0.837
699.738 0.856
700.618 0.88
701.504 0.886
702.318 0.814
703.122 0.804
703.905 0.783
704.664 0.759
705.405 0.741
706.172 0.767
706.959 0.787
707.726 0.767
708.486 0.76
709.288 0.802
710.144 0.856
710.975 0.831
711.835 0.86
712.739 0.904
713.616 0.877
714.515 0.899
715.384 0.869
716.202 0.818
717.016 0.814
717.809 0.793
718.564 0.755
719.304 0.74
720.023 0.719
720.735 0.712
721.449 0.714
722.169 0.72
722.903 0.734
723.633 0.73
724.349 0.716
725.093 0.744
725.879 0.786
726.725 0.846
727.542 0.817
728.374 0.832
729.227 0.853
730.056 0.829
730.86 0.804
731.675 0.815
732.488 0.813
733.291 0.803
734.09 0.799
734.929 0.839
735.783 0.854
736.641 0.858
737.457 0.816
738.25 0.793
739.024 0.774
739.795 0.771
740.542 0.747
741.294 0.752
742.036 0.742
742.788 0.752
743.542 0.754
744.316 0.774
745.13 0.814
745.969 0.839
746.782 0.813
747.603 0.821
748.448 0.845
749.271 0.823
750.13 0.859
750.973 0.843
751.781 0.808
752.571 0.79
753.359 0.788
754.129 0.77
754.902 0.773
755.681 0.779
756.472 0.791
757.291 0.819
758.097 0.806
758.878 0.781
759.678 0.8
760.475 0.797
761.278 0.803
762.11 0.832
762.975 0.865
763.834 0.859
764.689 0.855
765.53 0.841
766.338 0.808
767.16 0.822
768.002 0.842
768.837 0.835
769.647 0.81
770.465 0.818
771.284 0.819
772.065 0.781
772.885 0.82
773.74 0.855
774.615 0.875
775.439 0.824
776.262 0.823
777.123 0.861
778.031 0.908
778.886 0.855
779.753 0.867
780.566 0.813
781.387 0.821
782.214 0.827
783.012 0.798
783.822 0.81
784.675 0.853
785.543 0.868
786.395 0.852
787.276 0.881
788.171 0.895
788.995 0.824
789.827 0.832
790.657 0.83
791.436 0.779
792.242 0.806
793.076 0.834
793.943 0.867
794.787 0.844
795.699 0.912
796.611 0.912
797.475 0.864
798.356 0.881
799.26 0.904
800.117 0.857
800.992 0.875
801.896 0.904
802.756 0.86
803.592 0.836
804.444 0.852
805.289 0.845
806.114 0.825
806.958 0.844
807.791 0.833
808.609 0.818
809.438 0.829
810.253 0.815
811.036 0.783
811.858 0.822
812.678 0.82
813.477 0.799
814.29 0.813
815.116 0.826
815.936 0.82
816.722 0.786
817.523 0.801
818.327 0.804
819.096 0.769
819.889 0.793
820.698 0.809
821.479 0.781
822.279 0.8
823.093 0.814
823.888 0.795
824.665 0.777
825.476 0.811
826.268 0.792
827.052 0.784
827.864 0.812
828.664 0.8
829.439 0.775
830.249 0.81
831.065 0.816
831.86 0.795
832.694 0.834
833.537 0.843
834.342 0.805
835.144 0.802
835.937 0.793
836.691 0.754
837.468 0.777
838.257 0.789
839.061 0.804
839.862 0.801
840.703 0.841
841.571 0.868
842.405 0.834
843.238 0.833
844.054 0.816
844.839 0.785
845.636 0.797
846.432 0.796
847.211 0.779
848.015 0.804
848.831 0.816
849.635 0.804
850.441 0.806
851.25 0.809
852.05 0.8
852.813 0.763
853.591 0.778
854.377 0.786
855.13 0.753
855.876 0.746
856.643 0.767
857.42 0.777
858.179 0.759
858.963 0.784
859.768 0.805
860.576 0.808
861.362 0.786
862.152 0.79
862.966 0.814
863.733 0.767
864.506 0.773
865.29 0.784
866.06 0.77
866.827 0.767
867.615 0.788
868.405 0.79
869.165 0.76
869.948 0.783
870.731 0.783
871.481 0.75
872.25 0.769
873.015 0.765
873.774 0.759
874.537 0.763
875.33 0.793
876.144 0.814
876.926 0.782
877.73 0.804
878.537 0.807
879.334 0.797
880.11 0.776
880.915 0.805
881.717 0.802
882.514 0.797
883.295 0.781
884.053 0.758
884.79 0.737
885.501 0.711
886.214 0.713
886.927 0.713
887.658 0.731
888.43 0.772
889.205 0.775
889.984 0.779
890.796 0.812
891.618 0.822
892.454 0.836
893.254 0.8
894.075 0.821
894.885 0.81
895.687 0.802
896.47 0.783
897.274 0.804
898.084 0.81
898.853 0.769
899.603 0.75
900.342 0.739
901.092 0.75
901.843 0.751
902.601 0.758
903.357 0.756
904.149 0.792
904.935 0.786
905.745 0.81
906.578 0.833
907.383 0.805
908.199 0.816
909.029 0.83
909.814 0.785
910.611 0.797
911.42 0.809
912.187 0.767
912.969 0.782
913.788 0.819
914.588 0.8
915.398 0.81
916.247 0.849
917.063 0.816
917.897 0.834
918.748 0.851
919.598 0.85
920.434 0.836
921.219 0.785
922.004 0.785
922.795 0.791
923.609 0.814
924.4 0.791
925.23 0.83
926.058 0.828
926.842 0.784
927.66 0.818
928.531 0.871
929.379 0.848
930.227 0.848
931.104 0.877
931.94 0.836
932.791 0.851
933.646 0.855
934.449 0.803
935.249 0.8
936.076 0.827
936.892 0.816
937.735 0.843
938.606 0.871
939.444 0.838
940.295 0.851
941.146 0.851
941.975 0.829
942.832 0.857
943.682 0.85
944.506 0.824
945.335 0.829
946.174 0.839
947.003 0.829
947.826 0.823
948.668 0.842
949.512 0.844
950.345 0.833
951.166 0.821
951.995 0.829
952.833 0.838
953.649 0.816
954.458 0.809
955.3 0.842
956.159 0.859
956.967 0.808
957.819 0.852
958.684 0.865
959.532 0.848
960.363 0.831
961.259 0.896
962.158 0.899
962.987 0.829
963.841 0.854
964.698 0.857
965.535 0.837
966.383 0.848
967.239 0.856
968.079 0.84
968.934 0.855
969.797 0.863
970.641 0.844
971.459 0.818
972.295 0.836
973.129 0.834
973.917 0.788
974.745 0.828
975.594 0.849
976.399 0.805
977.228 0.829
978.083 0.855
978.894 0.811
979.718 0.824
980.548 0.83
981.348 0.8
982.139 0.791
982.959 0.82
983.796 0.837
984.617 0.821
985.461 0.844
986.31 0.849
987.112 0.802
987.931 0.819
988.769 0.838
989.591 0.822
990.408 0.817
991.256 0.848
992.107 0.851
992.926 0.819
993.738 0.812
994.562 0.824
995.382 0.82
996.173 0.791
996.986 0.813
997.787 0.801
998.568 0.781
999.4 0.832
1000.264 0.864
1001.126 0.862
1001.984 0.858
1002.858 0.874
1003.715 0.857
1004.509 0.794
1005.283 0.774
1006.084 0.801
1006.908 0.824
1007.76 0.852
1008.601 0.841
1009.433 0.832
1010.256 0.823
1011.054 0.798
1011.803 0.749
1012.535 0.732
1013.248 0.713
1013.938 0.69
1014.589 0.651
1015.239 0.65
1015.563 0.324
1015.9 0.337
1016.338 0.438
1016.664 0.326
1017.156 0.492
1017.764 0.608
1018.364 0.6
1018.949 0.585
1019.522 0.573
1020.008 0.486
1020.682 0.674
1021.27 0.588
1021.872 0.602
1022.502 0.63
1023.161 0.659
1023.869 0.708
1024.626 0.757
1025.412 0.786
1026.206 0.794
1026.988 0.782
1027.762 0.774
1028.543 0.781
1029.346 0.803
1030.128 0.782
1030.938 0.81
1031.781 0.843
1032.634 0.853
1033.463 0.829
1034.239 0.776
1034.997 0.758
1035.757 0.76
1036.566 0.809
1037.377 0.811
1038.198 0.821
1039.024 0.826
1039.892 0.868
1040.702 0.81
1041.535 0.833
1042.359 0.824
1043.174 0.815
1043.955 0.781
1044.756 0.801
1045.583 0.827
1046.469 0.886
1047.334 0.865
1048.266 0.932
1049.184 0.918
1050.117 0.933
1051.074 0.957
1051.968 0.894
1052.903 0.935
1053.853 0.95
1054.753 0.9
1055.686 0.933
1056.652 0.966
1057.647 0.995
1058.571 0.924
1059.503 0.932
1060.442 0.939
1061.423 0.981
1062.34 0.917
1063.286 0.946
1064.239 0.953
1065.199 0.96
1066.083 0.884
1066.965 0.882
1067.853 0.888
1068.78 0.927
1069.647 0.867
1070.574 0.927
1071.527 0.953
1072.496 0.969
1073.383 0.887
1074.291 0.908
1075.202 0.911
1076.07 0.868
1076.931 0.861
1077.826 0.895
1078.772 0.946
1079.673 0.901
1080.616 0.943
1081.578 0.962
1082.497 0.919
1083.421 0.924
1084.366 0.945
1085.325 0.959
1086.209 0.884
1087.104 0.895
1087.994 0.89
1088.932 0.938
1089.817 0.885
1090.781 0.964
1091.763 0.982
1092.7 0.937
1093.638 0.938
1094.617 0.979
1095.607 0.99
1096.506 0.899
1097.406 0.9
1098.31 0.904
1099.192 0.882
1100.08 0.888
1101.014 0.934
1101.999 0.985
1102.9 0.901
1103.81 0.91
1104.746 0.936
1105.699 0.953
1106.582 0.883
1107.468 0.886
1108.377 0.909
1109.372 0.995
1110.305 0.933
1111.274 0.969
1112.27 0.996
1113.27 1.0
1114.26 0.99
1115.224 0.964
1116.178 0.954
1117.052 0.874
1117.95 0.898
1118.846 0.896
1119.806 0.96
1120.798 0.992
1121.751 0.953
1122.646 0.895
1123.453 0.807
1124.274 0.821
1125.104 0.83
1125.981 0.877
1126.914 0.933
1127.881 0.967
1128.791 0.91
1129.755 0.964
1130.733 0.978
1131.686 0.953
1132.617 0.931
1133.57 0.953
1134.52 0.95
1135.411 0.891
1136.334 0.923
1137.294 0.96
1138.221 0.927
1139.053 0.832
1139.43 0.377
1139.9 0.47
1140.325 0.425
1140.75 0.425
1141.07 0.32
1141.628 0.558
1142.547 0.919
1143.484 0.937
1144.35 0.866
1145.236 0.886
1146.14 0.904
1146.997 0.857
1147.875 0.878
1148.702 0.827
1149.508 0.806
1150.349 0.841
1151.218 0.869
1152.025 0.807
1152.868 0.843
1153.722 0.854
1154.596 0.874
1155.421 0.825
1156.264 0.843
1157.132 0.868
1158.045 0.913
1158.914 0.869
1159.787 0.873
1160.072 0.285
1160.568 0.496
1160.949 0.381
1161.538 0.589
1162.451 0.913
1163.331 0.88
1164.246 0.915
1165.204 0.958
1166.117 0.913
1167.036 0.919
1167.988 0.952
1168.951 0.963
1169.877 0.926
1170.77 0.893
1171.698 0.928
1171.959 0.261
1172.672 0.713
1173.636 0.964
1174.534 0.898
1175.108 0.574
1175.463 0.355
1176.414 0.951
1177.425 1.011
1178.361 0.936
1179.275 0.914
1180.225 0.95
1181.222 0.997
1182.197 0.975
1183.11 0.913
1184.066 0.956
1185.126 1.06
1186.079 0.953
1186.956 0.877
1187.257 0.301
1187.937 0.68
1188.848 0.911
1189.696 0.848
1190.559 0.863
1191.43 0.871
1192.306 0.876
1193.143 0.837
1194.015 0.872
1194.934 0.919
1195.803 0.869
1196.71 0.907
1197.206 0.496
1197.556 0.35
1198.478 0.922
1199.341 0.863
1200.229 0.888
1200.558 0.329
1201.003 0.445
1201.339 0.336
1202.677 1.338
1203.351 0.674
1204.018 0.667
1204.787 0.769
1205.465 0.678
1205.968 0.503
1206.613 0.645
1207.596 0.983
1208.087 0.491
1208.37 0.283
1209.16 0.79
1210.016 0.856
1210.844 0.828
1211.683 0.839
1212.525 0.842
1213.359 0.834
1214.151 0.792
1214.987 0.836
1215.854 0.867
1216.732 0.878
1217.613 0.881
1218.521 0.908
1219.458 0.937
1220.343 0.885
1221.267 0.924
1222.2 0.933
1223.083 0.883
1223.9 0.817
1224.289 0.389
1224.733 0.444
1225.571 0.838
1226.463 0.892
1227.413 0.95
1228.372 0.959
1229.274 0.902
1230.168 0.894
1231.061 0.893
1231.976 0.915
1232.854 0.878
1233.713 0.859
1234.589 0.876
1235.497 0.908
1236.377 0.88
1237.324 0.947
1238.291 0.967
1239.238 0.947
1240.146 0.908
1241.06 0.914
1241.972 0.912
1242.859 0.887
1243.773 0.914
1244.726 0.953
1245.62 0.894
1246.542 0.922
1247.484 0.942
1248.437 0.953
1249.351 0.914
1250.25 0.899
1251.131 0.881
1251.991 0.86
1252.791 0.8
1253.575 0.784
1254.332 0.757
1255.047 0.715
1255.741 0.694
1256.417 0.676
1257.085 0.668
1257.741 0.656
1258.405 0.664
1259.076 0.671
1259.8 0.724
1260.566 0.766
1261.366 0.8
1262.185 0.819
1263.046 0.861
1263.965 0.919
1264.824 0.859
1265.648 0.824
1266.465 0.817
1267.337 0.872
1267.947 0.61
1268.296 0.349
1268.55 0.254
1269.197 0.647
1269.494 0.297
1269.806 0.312
1270.18 0.374
1271.261 1.081
1272.298 1.037
1273.315 1.017
1274.259 0.944
1275.14 0.881
1275.99 0.85
1276.785 0.795
1277.58 0.795
1278.374 0.794
1279.23 0.856
1279.486 0.256
1279.77 0.284
1280.088 0.318
1281.085 0.997
1281.97 0.885
1282.818 0.848
1283.671 0.853
1284.539 0.868
1285.468 0.929
1286.486 1.018
1287.519 1.033
1288.575 1.056
1289.642 1.067
1290.718 1.076
1291.768 1.05
1292.802 1.034
1293.793 0.991
1294.73 0.937
1295.618 0.888
1296.479 0.861
1297.316 0.837
1298.132 0.816
1298.939 0.807
1299.747 0.808
1300.566 0.819
1301.371 0.805
1302.165 0.794
1302.921 0.756
1303.68 0.759
1304.425 0.745
1305.164 0.739
1305.907 0.743
1306.65 0.743
1307.391 0.741
1308.144 0.753
1308.897 0.753
1309.658 0.761
1310.424 0.766
1311.197 0.773
1311.979 0.782
1312.756 0.777
1313.526 0.77
1314.318 0.792
1315.123 0.805
1315.969 0.846
1316.843 0.874
1317.679 0.836
1318.506 0.827
1319.322 0.816
1320.143 0.821
1320.921 0.778
1321.673 0.752
1322.429 0.756
1323.204 0.775
1324.017 0.813
1324.942 0.925
1325.923 0.981
1326.919 0.996
1327.898 0.979
1328.832 0.934
1329.703 0.871
1330.502 0.799
1331.271 0.769
1332.017 0.746
1332.753 0.736
1333.509 0.756
1334.364 0.855
1335.34 0.976
1336.317 0.977
1337.293 0.976
1338.23 0.937
1339.112 0.882
1339.956 0.844
1340.753 0.797
1341.509 0.756
1342.249 0.74
1342.966 0.717
1343.667 0.701
1344.367 0.7
1345.078 0.711
1345.809 0.731
1346.66 0.851
1347.652 0.992
1348.67 1.018
1349.582 0.912
1350.461 0.879
1351.335 0.874
1352.217 0.882
1353.092 0.875
1353.975 0.883
1354.866 0.891
1355.732 0.866
1356.568 0.836
1357.374 0.806
1358.143 0.769
1358.868 0.725
1359.577 0.709
1360.257 0.68
1360.927 0.67
1361.608 0.681
1362.305 0.697
1363.036 0.731
1363.788 0.752
1364.577 0.789
1365.387 0.81
1366.265 0.878
1367.097 0.832
1367.909 0.812
1368.716 0.807
1369.542 0.826
1370.391 0.849
1371.261 0.87
1372.13 0.869
1372.976 0.846
1373.823 0.847
1374.664 0.841
1375.476 0.812
1376.277 0.801
1377.08 0.803
1377.907 0.827
1378.747 0.84
1379.531 0.784
1380.306 0.775
1381.092 0.786
1381.882 0.79
1382.684 0.802
1383.493 0.809
1384.301 0.808
1385.106 0.805
1385.895 0.789
1386.659 0.764
1387.388 0.729
1388.109 0.721
1388.828 0.719
1389.554 0.726
1390.313 0.759
1391.166 0.853
1392.148 0.982
1393.113 0.965
1394.051 0.938
1394.948 0.897
1395.782 0.834
1396.574 0.792
1397.337 0.763
1398.066 0.729
1398.779 0.713
1399.474 0.695
1400.162 0.688
1400.871 0.709
1401.632 0.761
1402.435 0.803
1403.24 0.805
1404.047 0.807
1404.827 0.78
1405.601 0.774
1406.365 0.764
1407.127 0.762
1407.882 0.755
1408.643 0.761
1409.426 0.783
1410.216 0.79
1411.009 0.793
1411.788 0.779
1412.551 0.763
1413.298 0.747
1414.03 0.732
1414.747 0.717
1415.456 0.709
1416.152 0.696
1416.833 0.681
1417.505 0.672
1418.173 0.668
1418.85 0.677
1419.55 0.7
1420.299 0.749
1421.171 0.872
1422.084 0.913
1422.985 0.901
1423.861 0.876
1424.702 0.841
1425.507 0.805
1426.261 0.754
1426.99 0.729
1427.692 0.702
1428.38 0.688
1429.075 0.695
1429.796 0.721
1430.548 0.752
1431.307 0.759
1432.072 0.765
1432.81 0.738
1433.527 0.717
1434.233 0.706
1434.942 0.709
1435.657 0.715
1436.409 0.752
1437.223 0.814
1438.063 0.84
1438.901 0.838
1439.693 0.792
1440.459 0.766
1441.223 0.764
1441.981 0.758
1442.742 0.761
1443.513 0.771
1444.301 0.788
1445.1 0.799
1445.874 0.774
1446.615 0.741
1447.345 0.73
1448.07 0.725
1448.784 0.714
1449.509 0.725
1450.277 0.768
1451.085 0.808
1451.918 0.833
1452.75 0.832
1453.553 0.803
1454.323 0.77
1455.082 0.759
1455.828 0.746
1456.562 0.734
1457.301 0.739
1458.051 0.75
1458.804 0.753
1459.538 0.734
1460.253 0.715
1460.958 0.705
1461.657 0.699
1462.372 0.715
1463.121 0.749
1463.569 0.448
1463.903 0.334
1464.718 0.815
1465.547 0.829
1466.401 0.854
1467.264 0.863
1468.127 0.863
1468.965 0.838
1469.778 0.813
1470.534 0.756
1471.258 0.724
1471.959 0.701
1472.649 0.69
1473.335 0.686
1474.044 0.709
1474.814 0.77
1475.647 0.833
1476.491 0.844
1477.316 0.825
1478.12 0.804
1478.886 0.766
1479.605 0.719
1480.304 0.699
1480.978 0.674
1481.64 0.662
1482.307 0.667
1483.042 0.735
1483.907 0.865
1484.787 0.88
1485.643 0.856
1486.471 0.828
1487.275 0.804
1488.053 0.778
1488.797 0.744
1489.496 0.699
1490.185 0.689
1490.863 0.678
1491.544 0.681
1492.231 0.687
1492.947 0.716
1493.691 0.744
1494.412 0.721
1495.12 0.708
1495.838 0.718
1496.551 0.713
1497.251 0.7
1497.923 0.672
1498.587 0.664
1499.244 0.657
1499.895 0.651
1500.557 0.662
1501.263 0.706
1502.02 0.757
1502.796 0.776
1503.579 0.783
1504.351 0.772
1505.116 0.765
1505.864 0.748
1506.57 0.706
1507.25 0.68
1507.92 0.67
1508.584 0.664
1509.253 0.669
1509.963 0.71
1510.758 0.795
1511.601 0.843
1512.441 0.84
1513.221 0.78
1513.975 0.754
1514.725 0.75
1515.462 0.737
1516.196 0.734
1516.936 0.74
1517.689 0.753
1518.443 0.754
1519.174 0.731
1519.873 0.699
1520.56 0.687
1521.231 0.671
1521.892 0.661
1522.563 0.671
1523.276 0.713
1524.07 0.794
1524.838 0.768
1525.604 0.766
1526.371 0.767
1527.167 0.796
1527.989 0.822
1528.846 0.857
1529.735 0.889
1530.652 0.917
1531.553 0.901
1532.417 0.864
1533.245 0.828
1534.047 0.802
1534.817 0.77
1535.564 0.747
1536.287 0.723
1537.001 0.714
1537.709 0.708
1538.412 0.703
1539.1 0.688
1539.776 0.676
1540.449 0.673
1541.109 0.66
1541.768 0.659
1542.426 0.658
1543.083 0.657
1543.748 0.665
1544.432 0.684
1544.724 0.292
1545.017 0.293
1545.32 0.303
1545.633 0.313
1545.891 0.258
1546.719 0.828
1547.524 0.805
1548.306 0.782
1549.094 0.788
1549.86 0.766
1550.578 0.718
1550.852 0.274
1551.273 0.421
1551.581 0.308
1551.861 0.28
1552.619 0.758
1553.101 0.482
1553.456 0.355
1553.819 0.363
1554.159 0.34
1554.681 0.522
1555.4 0.719
1556.134 0.734
1556.789 0.655
1557.109 0.32
1557.363 0.254