0.000 0.873
0.873 0.873
6.999 0.276
7.612 0.613
8.461 0.849
9.302 0.841
9.722 0.42
10.154 0.432
10.956 0.802
11.726 0.77
12.095 0.369
12.372 0.277
12.926 0.554
13.46 0.534
14.255 0.795
14.624 0.369
15.103 0.479
16.018 0.915
16.609 0.591
16.883 0.274
17.652 0.769
18.028 0.376
18.515 0.487
18.803 0.288
19.115 0.312
19.404 0.289
20.359 0.955
21.202 0.843
22.109 0.907
22.452 0.343
23.028 0.576
23.898 0.87
24.672 0.774
25.22 0.548
25.503 0.283
26.332 0.829
27.07 0.738
27.896 0.826
28.307 0.411
28.767 0.46
29.62 0.853
30.403 0.783
31.253 0.85
32.072 0.819
32.826 0.754
33.682 0.856
34.492 0.81
35.277 0.785
36.225 0.948
37.124 0.899
37.911 0.787
38.753 0.842
39.636 0.883
40.622 0.986
41.515 0.893
42.416 0.901
43.363 0.947
44.291 0.928
45.114 0.823
45.996 0.882
46.962 0.966
47.828 0.866
48.642 0.814
49.628 0.986
50.653 1.025
51.702 1.049
52.635 0.933
53.521 0.886
54.473 0.952
55.33 0.857
56.137 0.807
57.112 0.975
58.025 0.913
58.845 0.82
59.765 0.92
60.773 1.008
61.77 0.997
62.685 0.915
63.628 0.943
64.588 0.96
65.482 0.894
66.388 0.906
67.352 0.964
68.233 0.881
69.1 0.867
70.05 0.95
70.926 0.876
71.805 0.879
72.6 0.795
73.254 0.654
74.404 1.15
75.282 0.878
76.256 0.974
77.262 1.006
78.121 0.859
78.983 0.862
79.264 0.281
79.867 0.603
80.69 0.823
81.699 1.009
82.734 1.035
83.688 0.954
84.585 0.897
85.55 0.965
86.567 1.017
87.533 0.966
88.463 0.93
89.441 0.978
89.779 0.338
90.448 0.669
91.38 0.932
91.849 0.469
92.168 0.319
92.436 0.268
92.734 0.298
93.296 0.562
94.246 0.95
95.051 0.805
95.32 0.269
95.681 0.361
95.961 0.28
96.219 0.258
97.251 1.032
98.192 0.941
98.68 0.488
99.193 0.513
99.462 0.269
100.192 0.73
101.101 0.909
102.001 0.9
102.374 0.373
102.969 0.595
103.233 0.264
103.986 0.753
104.997 1.011
105.924 0.927
106.33 0.406
106.903 0.573
107.295 0.392
107.913 0.618
108.865 0.952
109.797 0.932
110.225 0.428
110.48 0.255
110.787 0.307
111.069 0.282
111.732 0.663
112.002 0.27
112.6 0.598
113.474 0.874
113.811 0.337
114.063 0.252
114.57 0.507
115.197 0.627
115.467 0.27
116.01 0.543
117.003 0.993
117.543 0.54
117.901 0.358
118.226 0.325
118.606 0.38
118.859 0.253
119.777 0.918
120.647 0.87
121.046 0.399
121.37 0.324
121.682 0.312
122.532 0.85
123.506 0.974
124.419 0.913
125.082 0.663
125.365 0.283
125.872 0.507
126.34 0.468
127.339 0.999
128.201 0.862
129.25 1.049
129.657 0.407
130.215 0.558
130.489 0.274
131.189 0.7
131.446 0.257
132.119 0.673
133.035 0.916
133.432 0.397
133.736 0.304
133.991 0.255
134.278 0.287
134.727 0.449
135.857 1.13
136.745 0.888
137.68 0.935
137.947 0.267
138.533 0.586
139.532 0.999
140.454 0.922
140.916 0.462
141.187 0.271
141.605 0.418
142.145 0.54
142.419 0.274
143.324 0.905
143.949 0.625
144.242 0.293
144.516 0.274
145.192 0.676
146.135 0.943
147.039 0.904
147.979 0.94
148.348 0.369
148.947 0.599
149.841 0.894
150.762 0.921
151.291 0.529
151.714 0.423
151.989 0.275
152.24 0.251
152.506 0.266
152.777 0.271
153.614 0.837
154.511 0.897
155.143 0.632
155.587 0.444
155.954 0.367
156.406 0.452
156.731 0.325
157.344 0.613
158.245 0.901
159.114 0.869
159.391 0.277
159.736 0.345
160.007 0.271
161.064 1.057
161.96 0.896
162.224 0.264
162.599 0.375
162.89 0.291
163.167 0.277
163.835 0.668
164.143 0.308
164.658 0.515
165.669 1.011
166.385 0.716
166.738 0.353
166.998 0.26
167.42 0.422
168.305 0.885
169.128 0.823
169.981 0.853
170.271 0.29
170.609 0.338
170.873 0.264
171.722 0.849
172.506 0.784
173.302 0.796
173.678 0.376
173.983 0.305
174.634 0.651
175.082 0.448
175.931 0.849
176.925 0.994
177.659 0.734
178.312 0.653
178.754 0.442
179.205 0.451
179.636 0.431
180.397 0.761
180.717 0.32
181.178 0.461
181.47 0.292
182.361 0.891
183.232 0.871
183.626 0.394
183.927 0.301
184.178 0.251
184.754 0.576
185.041 0.287
185.604 0.563
185.959 0.355
186.82 0.861
187.196 0.376
187.719 0.523
188.657 0.938
189.551 0.894
190.413 0.862
191.266 0.853
191.531 0.265
191.854 0.323
192.123 0.269
192.949 0.826
193.777 0.828
194.19 0.413
194.495 0.305
195.028 0.533
195.594 0.566
196.528 0.934
197.393 0.865
198.325 0.932
198.663 0.338
199.269 0.606
200.174 0.905
201.078 0.904
202.035 0.957
203.007 0.972
203.901 0.894
204.784 0.883
205.69 0.906
206.6 0.91
207.468 0.868
208.376 0.908
209.327 0.951
210.253 0.926
211.132 0.879
212.048 0.916
212.993 0.945
213.876 0.883
214.763 0.887
215.689 0.926
216.627 0.938
217.521 0.894
218.378 0.857
219.261 0.883
220.116 0.855
220.935 0.819
221.735 0.8
222.524 0.789
223.372 0.848
224.295 0.923
225.269 0.974
226.219 0.95
227.144 0.925
228.012 0.868
228.87 0.858
229.764 0.894
230.665 0.901
231.53 0.865
232.4 0.87
233.315 0.915
234.229 0.914
235.1 0.871
236.023 0.923
236.984 0.961
237.939 0.955
238.843 0.904
239.776 0.933
240.702 0.926
241.552 0.85
242.399 0.847
243.267 0.868
244.149 0.882
244.968 0.819
245.672 0.704
245.955 0.283
246.412 0.457
249.467 3.055
250.432 0.965
251.367 0.935
252.246 0.879
253.154 0.908
254.054 0.9
254.916 0.862
255.788 0.872
256.712 0.924
257.624 0.912
258.472 0.848
259.307 0.835
260.16 0.853
261.054 0.894
261.898 0.844
262.78 0.882
263.673 0.893
264.578 0.905
265.451 0.873
266.353 0.902
267.273 0.92
268.22 0.947
268.558 0.338
269.102 0.544
269.629 0.527
269.988 0.359
270.297 0.309
270.978 0.681
271.336 0.358
271.933 0.597
272.843 0.91
273.753 0.91
274.05 0.297
274.688 0.638
275.614 0.926
276.482 0.868
277.381 0.899
278.321 0.94
278.59 0.269
279.047 0.457
279.319 0.272
280.156 0.837
281.089 0.933
281.874 0.785
283.049 1.175
283.957 0.908
284.892 0.935
285.848 0.956
286.809 0.961
287.707 0.898
288.339 0.632
288.636 0.297
288.924 0.288
289.254 0.33
289.606 0.352
290.577 0.971
291.477 0.9
292.424 0.947
293.338 0.914
293.697 0.359
294.188 0.491
294.574 0.386
295.085 0.511
296.031 0.946
296.984 0.953
297.856 0.872
298.77 0.914
299.727 0.957
300.674 0.947
301.559 0.885
302.476 0.917
303.409 0.933
303.669 0.26
304.367 0.698
305.254 0.887
306.172 0.918
307.132 0.96
308.086 0.954
308.69 0.604
308.973 0.283
309.866 0.893
310.685 0.819
311.118 0.433
311.664 0.546
312.42 0.756
313.485 1.065
314.397 0.912
315.336 0.939
316.284 0.948
317.169 0.885
318.078 0.909
318.973 0.895
319.834 0.861
320.64 0.806
321.434 0.794
322.2 0.766
322.961 0.761
323.711 0.75
324.502 0.791
325.129 0.627
326.216 1.087
327.022 0.806
327.869 0.847
328.248 0.379
328.585 0.337
329.527 0.942
329.829 0.302
330.12 0.291
330.489 0.369
330.805 0.316
331.127 0.322
331.97 0.843
332.759 0.789
333.536 0.777
333.889 0.353
334.158 0.269
334.436 0.278
334.883 0.447
335.329 0.446
335.885 0.556
336.496 0.611
336.912 0.416
337.229 0.317
338.486 1.257
339.403 0.917
339.681 0.278
340.059 0.378
340.428 0.369
340.695 0.267
341.013 0.318
341.787 0.774
343.107 1.32
343.687 0.58
344.652 0.965
346.896 2.244
347.469 0.573
347.771 0.302
348.401 0.63
348.703 0.302
348.985 0.282
349.583 0.598
349.852 0.269
350.92 1.068
351.29 0.37
352.297 1.007
352.6 0.303
353.057 0.457
353.443 0.386
355.179 1.736
356.066 0.887
356.487 0.421
356.781 0.294
357.216 0.435
357.961 0.745
358.237 0.276
358.612 0.375
358.98 0.368
359.248 0.268
359.794 0.546
360.73 0.936
360.986 0.256
361.688 0.702
362.648 0.96
363.541 0.893
364.075 0.534
364.473 0.398
364.761 0.288
365.438 0.677
366.282 0.844
366.61 0.328
367.262 0.652
367.845 0.583
368.167 0.322
368.424 0.257
369.116 0.692
369.376 0.26
369.796 0.42
370.079 0.283
370.46 0.381
370.724 0.264
371.006 0.282
371.783 0.777
372.172 0.389
372.433 0.261
372.752 0.319
373.115 0.363
373.611 0.496
373.908 0.297
374.294 0.386
374.651 0.357
375.558 0.907
375.849 0.291
376.489 0.64
377.4 0.911
378.558 1.158
378.829 0.271
379.145 0.316
379.457 0.312
379.746 0.289
380.067 0.321
380.418 0.351
381.016 0.598
384.111 3.095
384.363 0.252
385.567 1.204
386.593 1.026
388.131 1.538
388.997 0.866
390.137 1.14
391.1 0.963
392.666 1.566
393.482 0.816
393.862 0.38
394.289 0.427
394.818 0.529
395.116 0.298
395.975 0.859
396.872 0.897
397.81 0.938
398.244 0.434
398.634 0.39
399.503 0.869
400.084 0.581
400.389 0.305
401.301 0.912
402.137 0.836
403.077 0.94
403.633 0.556
403.928 0.295
404.313 0.385
404.777 0.464
405.204 0.427
405.623 0.419
406.442 0.819
407.114 0.672
407.545 0.431
408.242 0.697
408.523 0.281
409.18 0.657
410.096 0.916
410.877 0.781
411.347 0.47
411.958 0.611
412.227 0.269
412.929 0.702
413.477 0.548
413.899 0.422
414.805 0.906
415.504 0.699
415.945 0.441
416.7 0.755
417.562 0.862
418.557 0.995
419.464 0.907
420.381 0.917
421.321 0.94
422.205 0.884
423.115 0.91
424.046 0.931
424.974 0.928
425.841 0.867
426.769 0.928
427.061 0.292
427.7 0.639
428.591 0.891
429.452 0.861
430.362 0.91
431.257 0.895
432.113 0.856
433.011 0.898
433.608 0.597
433.923 0.315
434.834 0.911
435.699 0.865
436.62 0.921
437.547 0.927
438.461 0.914
439.303 0.842
440.193 0.89
441.075 0.882
441.926 0.851
442.788 0.862
443.683 0.895
444.616 0.933
445.52 0.904
446.4 0.88
447.28 0.88
448.178 0.898
449.04 0.862
449.921 0.881
450.818 0.897
451.726 0.908
452.576 0.85
453.446 0.87
454.351 0.905
455.239 0.888
456.095 0.856
456.989 0.894
457.914 0.925
458.807 0.893
459.649 0.842
460.522 0.873
460.797 0.275
461.385 0.588
462.264 0.879
463.085 0.821
463.93 0.845
464.774 0.844
465.616 0.842
466.479 0.863
467.383 0.904
468.32 0.937
469.23 0.91
470.11 0.88
470.514 0.404
471.004 0.49
471.909 0.905
472.778 0.869
473.64 0.862
474.522 0.882
475.38 0.858
476.189 0.809
477.004 0.815
477.83 0.826
478.664 0.834
479.476 0.812
480.323 0.847
481.18 0.857
482.002 0.822
482.858 0.856
483.73 0.872
484.624 0.894
485.471 0.847
485.992 0.521
486.266 0.274
486.589 0.323
486.905 0.316
487.451 0.546
487.776 0.325
489.355 1.579
489.845 0.49
490.769 0.924
491.504 0.735
492.293 0.789
493.107 0.814
493.95 0.843
494.766 0.816
495.051 0.285
495.675 0.624
496.043 0.368
496.343 0.3
496.779 0.436
497.463 0.684
498.331 0.868
499.194 0.863
499.703 0.509
500.071 0.368
500.516 0.445
500.922 0.406
501.742 0.82
502.033 0.291
502.301 0.268
502.6 0.299
503.468 0.868
503.869 0.401
504.286 0.417
504.951 0.665
505.247 0.296
505.711 0.464
505.977 0.266
506.779 0.802
507.732 0.953
508.246 0.514
508.517 0.271
508.841 0.324
509.367 0.526
510.403 1.036
511.296 0.893
512.231 0.935
512.568 0.337
513.159 0.591
513.837 0.678
514.205 0.368
514.725 0.52
515.075 0.35
515.732 0.657
516.438 0.706
516.703 0.265
517.094 0.391
517.489 0.395
517.782 0.293
518.086 0.304
518.417 0.331
518.734 0.317
519.169 0.435
520.194 1.025
520.933 0.739
521.227 0.294
521.748 0.521
522.078 0.33
522.515 0.437
523.062 0.547
523.651 0.589
523.992 0.341
524.859 0.867
525.657 0.798
526.484 0.827
527.468 0.984
528.205 0.737
529.194 0.989
529.451 0.257
530.061 0.61
530.909 0.848
531.8 0.891
532.737 0.937
533.676 0.939
534.53 0.854
535.385 0.855
535.937 0.552
536.221 0.284
536.481 0.26
537.146 0.665
537.992 0.846
538.822 0.83
539.276 0.454
539.557 0.281
539.812 0.255
540.219 0.407
540.572 0.353
540.923 0.351
541.477 0.554
542.315 0.838
543.204 0.889
543.57 0.366
544.101 0.531
544.979 0.878
545.803 0.824
546.651 0.848
546.913 0.262
547.515 0.602
547.903 0.388
548.343 0.44
549.16 0.817
549.52 0.36
550.031 0.511
550.3 0.269
550.567 0.267
550.923 0.356
551.803 0.88
552.667 0.864
553.11 0.443
553.444 0.334
554.49 1.046
555.398 0.908
556.284 0.886
557.227 0.943
557.589 0.362
557.941 0.352
558.999 1.058
559.857 0.858
560.12 0.263
560.375 0.255
560.718 0.343
561.551 0.833
562.34 0.789
562.956 0.616
564.06 1.104
564.895 0.835
565.72 0.825
566.535 0.815
567.47 0.935
568.348 0.878
569.151 0.803
570.006 0.855
570.265 0.259
570.862 0.597
571.683 0.821
572.514 0.831
573.391 0.877
574.284 0.893
575.12 0.836
576.115 0.995
576.395 0.28
576.868 0.473
577.742 0.874
578.538 0.796
578.824 0.286
579.257 0.433
580.292 1.035
581.1 0.808
581.9 0.8
582.653 0.753
583.439 0.786
584.23 0.791
585.04 0.81
585.597 0.557
585.919 0.322
586.761 0.842
587.572 0.811
588.122 0.55
588.404 0.282
588.675 0.271
588.957 0.282
589.234 0.277
589.662 0.428
589.969 0.307
590.623 0.654
590.911 0.288
591.606 0.695
591.913 0.307
592.42 0.507
592.846 0.426
593.21 0.364
594.088 0.878
594.343 0.255
594.985 0.642
595.914 0.929
596.768 0.854
597.035 0.267
597.358 0.323
597.628 0.27
598.48 0.852
599.292 0.812
599.626 0.334
600.139 0.513
600.996 0.857
601.262 0.266
601.633 0.371
601.897 0.264
602.733 0.836
603.04 0.307
603.552 0.512
603.86 0.308
604.112 0.252
604.393 0.281
604.829 0.436
607.313 2.484
608.243 0.93
609.206 0.963
610.133 0.927
611.065 0.932
611.331 0.266
612.006 0.675
612.565 0.559
612.851 0.286
613.139 0.288
613.724 0.585
614.354 0.63
614.623 0.269
614.893 0.27
615.401 0.508
616.207 0.806
616.578 0.371
616.829 0.251
617.353 0.524
617.775 0.422
619.0 1.225
619.405 0.405
619.981 0.576
620.806 0.825
621.621 0.815
622.411 0.79
623.268 0.857
624.193 0.925
625.141 0.948
626.067 0.926
626.844 0.777
627.103 0.259
627.939 0.836
628.917 0.978
629.83 0.913
630.174 0.344
630.725 0.551
631.511 0.786
631.999 0.488
632.321 0.322
632.616 0.295
632.877 0.261
633.162 0.285
633.413 0.251
633.714 0.301
635.735 2.021
636.714 0.979
637.575 0.861
638.124 0.549
638.439 0.315
638.694 0.255
639.396 0.702
639.668 0.272
640.356 0.688
641.25 0.894
642.188 0.938
642.683 0.495
643.114 0.431
643.984 0.87
644.837 0.853
645.704 0.867
646.576 0.872
647.47 0.894
648.335 0.865
649.212 0.877
650.129 0.917
651.071 0.942
651.974 0.903
652.829 0.855
653.701 0.872
654.569 0.868
655.436 0.867
656.267 0.831
657.103 0.836
657.971 0.868
658.836 0.865
659.682 0.846
660.515 0.833
661.369 0.854
662.228 0.859
663.105 0.877
663.942 0.837
664.767 0.825
665.593 0.826
666.387 0.794
667.171 0.784
668.004 0.833
668.863 0.859
669.73 0.867
670.621 0.891
671.453 0.832
672.332 0.879
673.222 0.89
674.087 0.865
674.922 0.835
675.774 0.852
676.596 0.822
677.387 0.791
678.144 0.757
678.903 0.759
679.653 0.75
680.387 0.734
681.128 0.741
681.861 0.733
682.63 0.769
683.445 0.815
684.33 0.885
685.168 0.838
685.983 0.815
686.841 0.858
687.737 0.896
688.636 0.899
689.489 0.853
690.389 0.9
691.323 0.934
692.222 0.899
693.072 0.85
693.941 0.869
694.801 0.86
695.624 0.823
696.002 0.378
696.444 0.442
696.828 0.384
697.242 0.414
697.993 0.751
698.785 0.792
699.616 0.831
700.509 0.893
700.8 0.291
701.2 0.4
701.489 0.289
701.997 0.508
702.458 0.461
702.949 0.491
703.458 0.509
703.765 0.307
704.451 0.686
704.866 0.415
705.414 0.548
705.674 0.26
706.057 0.383
707.0 0.943
707.805 0.805
708.358 0.553
708.642 0.284
708.951 0.309
709.291 0.34
710.372 1.081
711.197 0.825
711.633 0.436
712.052 0.419
712.523 0.471
712.903 0.38
713.155 0.252
714.551 1.396
714.832 0.281
715.191 0.359
715.544 0.353
715.951 0.407
716.212 0.261
717.845 1.633
718.333 0.488
718.662 0.329
718.937 0.275
719.369 0.432
720.386 1.017
720.983 0.597
721.253 0.27
722.08 0.827
722.93 0.85
723.789 0.859
724.627 0.838
725.418 0.791
726.134 0.716
726.423 0.289
726.674 0.251
727.05 0.376
727.919 0.869
728.764 0.845
729.573 0.809
729.871 0.298
730.137 0.266
730.42 0.283
731.247 0.827
732.047 0.8
732.825 0.778
733.604 0.779
734.024 0.42
734.444 0.42
734.715 0.271
735.321 0.606
735.761 0.44
736.203 0.442
737.015 0.812
737.289 0.274
737.859 0.57
738.221 0.362
738.614 0.393
738.921 0.307
739.184 0.263
739.452 0.268
740.253 0.801
740.953 0.7
741.223 0.27
741.491 0.268
741.87 0.379
742.656 0.786
742.94 0.284
743.23 0.29
743.538 0.308
744.403 0.865
744.653 0.25
745.236 0.583
746.115 0.879
747.02 0.905
747.939 0.919
748.196 0.257
748.811 0.615
749.629 0.818
750.457 0.828
750.762 0.305
751.262 0.5
752.049 0.787
752.874 0.825
753.701 0.827
754.529 0.828
755.349 0.82
756.203 0.854
757.057 0.854
757.939 0.882
758.77 0.831
759.636 0.866
760.525 0.889
761.4 0.875
762.234 0.834
763.102 0.868
763.998 0.896
764.893 0.895
765.727 0.834
766.583 0.856
767.451 0.868
768.333 0.882
769.159 0.826
770.036 0.877
770.932 0.896
771.823 0.891
772.684 0.861
773.574 0.89
774.458 0.884
775.292 0.834
776.111 0.819
776.969 0.858
777.8 0.831
778.601 0.801
779.433 0.832
780.293 0.86
781.168 0.875
782.023 0.855
782.876 0.853
783.751 0.875
784.606 0.855
785.485 0.879
786.366 0.881
787.248 0.882
788.095 0.847
788.934 0.839
789.789 0.855
790.663 0.874
791.508 0.845
792.347 0.839
793.207 0.86
794.035 0.828
794.895 0.86
795.761 0.866
796.616 0.855
797.426 0.81
798.285 0.859
799.16 0.875
800.014 0.854
800.807 0.793
801.64 0.833
802.485 0.845
803.281 0.796
804.096 0.815
804.96 0.864
805.858 0.898
806.67 0.812
807.493 0.823
808.317 0.824
809.129 0.812
809.914 0.785
810.707 0.793
811.561 0.854
812.378 0.817
813.151 0.773
813.932 0.781
814.766 0.834
815.589 0.823
816.389 0.8
817.216 0.827
818.029 0.813
818.811 0.782
819.602 0.791
820.364 0.762
821.133 0.769
821.915 0.782
822.657 0.742
823.407 0.75
824.2 0.793
824.949 0.749
825.71 0.761
826.515 0.805
827.298 0.783
828.091 0.793
828.886 0.795
829.651 0.765
830.429 0.778
831.177 0.748
831.929 0.752
832.43 0.501
832.705 0.275
833.516 0.811
834.299 0.783
835.12 0.821
835.9 0.78
836.653 0.753
837.412 0.759
838.213 0.801
838.994 0.781
839.739 0.745
840.507 0.768
841.34 0.833
842.131 0.791
842.898 0.767
843.706 0.808
844.544 0.838
845.357 0.813
846.147 0.79
846.985 0.838
847.846 0.861
848.697 0.851
849.565 0.868
850.49 0.925
851.434 0.944
852.319 0.885
853.145 0.826
854.007 0.862
854.85 0.843
855.674 0.824
856.472 0.798
857.279 0.807
858.126 0.847
858.931 0.805
859.731 0.8
860.588 0.857
861.476 0.888
862.31 0.834
863.166 0.856
863.993 0.827
864.817 0.824
865.629 0.812
866.485 0.856
867.375 0.89
868.284 0.909
869.15 0.866
870.07 0.92
871.015 0.945
871.96 0.945
872.842 0.882
873.748 0.906
874.623 0.875
875.452 0.829
876.298 0.846
877.157 0.859
878.076 0.919
878.945 0.869
879.767 0.822
880.627 0.86
881.483 0.856
882.368 0.885
883.209 0.841
884.106 0.897
884.994 0.888
885.884 0.89
886.736 0.852
887.591 0.855
888.468 0.877
889.339 0.871
890.152 0.813
891.016 0.864
891.934 0.918
892.805 0.871
893.633 0.828
894.502 0.869
895.365 0.863
896.221 0.856
897.087 0.866
897.995 0.908
898.947 0.952
899.831 0.884
900.678 0.847
901.557 0.879
902.419 0.862
903.279 0.86
904.108 0.829
905.008 0.9
905.884 0.876
906.792 0.908
907.652 0.86
908.536 0.884
909.437 0.901
910.313 0.876
911.181 0.868
912.088 0.907
913.03 0.942
913.977 0.947
914.876 0.899
915.756 0.88
916.621 0.865
917.448 0.827
918.279 0.831
919.103 0.824
919.936 0.833
920.747 0.811
921.574 0.827
922.424 0.85
923.282 0.858
924.093 0.811
924.922 0.829
925.774 0.852
926.58 0.806
927.409 0.829
928.288 0.879
929.19 0.902
930.026 0.836
930.867 0.841
931.742 0.875
932.628 0.886
933.495 0.867
934.392 0.897
935.32 0.928
936.187 0.867
937.023 0.836
937.822 0.799
938.603 0.781
939.385 0.782
940.17 0.785
940.961 0.791
941.734 0.773
942.541 0.807
943.372 0.831
944.236 0.864
945.091 0.855
945.9 0.809
946.784 0.884
947.706 0.922
948.582 0.876
949.422 0.84
950.27 0.848
951.177 0.907
952.078 0.901
952.883 0.805
953.717 0.834
954.543 0.826
955.403 0.86
956.224 0.821
957.093 0.869
957.949 0.856
958.787 0.838
959.617 0.83
960.492 0.875
961.399 0.907
962.272 0.873
963.099 0.827
963.965 0.866
964.8 0.835
965.59 0.79
966.379 0.789
967.202 0.823
968.068 0.866
968.884 0.816
969.694 0.81
970.547 0.853
971.432 0.885
972.3 0.868
973.168 0.868
974.06 0.892
974.606 0.546
974.927 0.321
975.191 0.264
975.503 0.312
975.763 0.26
976.1 0.337
976.523 0.423
976.865 0.342
977.136 0.271
977.475 0.339
977.854 0.379
978.133 0.279
978.474 0.341
979.467 0.993
983.047 3.58
983.364 0.317
984.096 0.732
984.803 0.707
985.235 0.432
985.498 0.263
985.916 0.418
986.179 0.263
986.448 0.269
986.844 0.396
987.165 0.321
987.505 0.34
987.797 0.292
988.163 0.366
988.49 0.327
988.831 0.341
989.537 0.706
989.829 0.292
990.175 0.346
990.48 0.305
990.969 0.489
991.276 0.307
991.696 0.42
991.978 0.282
993.218 1.24
993.914 0.696
994.61 0.696
994.915 0.305
995.326 0.411
995.581 0.255
995.96 0.379
996.424 0.464
997.438 1.014
998.162 0.724
998.929 0.767
999.737 0.808
1000.005 0.268
1000.591 0.586
1001.498 0.907
1002.428 0.93
1003.344 0.916
1004.246 0.902
1004.528 0.282
1005.149 0.621
1006.073 0.924
1006.996 0.923
1007.93 0.934
1008.395 0.465
1008.822 0.427
1009.702 0.88
1010.568 0.866
1011.556 0.988
1012.501 0.945
1012.861 0.36
1013.348 0.487
1014.182 0.834
1014.757 0.575
1015.064 0.307
1015.346 0.282
1015.971 0.625
1016.878 0.907
1017.715 0.837
1018.566 0.851
1019.475 0.909
1020.074 0.599
1020.384 0.31
1021.233 0.849
1022.024 0.791
1022.596 0.572
1023.678 1.082
1023.964 0.286
1024.578 0.614
1025.485 0.907
1026.37 0.885
1027.309 0.939
1028.247 0.938
1029.185 0.938
1030.047 0.862
1030.917 0.87
1031.832 0.915
1032.759 0.927
1033.679 0.92
1034.539 0.86
1035.432 0.893
1036.364 0.932
1037.291 0.927
1038.146 0.855
1039.019 0.873
1039.93 0.911
1040.869 0.939
1041.708 0.839
1042.546 0.838
1043.444 0.898
1044.39 0.946
1045.347 0.957
1046.215 0.868
1047.143 0.928
1048.11 0.967
1049.073 0.963
1049.983 0.91
1050.898 0.915
1051.863 0.965
1052.845 0.982
1053.836 0.991
1054.789 0.953
1055.799 1.01
1056.802 1.003
1057.818 1.016
1058.802 0.984
1059.786 0.984
1060.809 1.023
1061.841 1.032
1062.863 1.022
1063.788 0.925
1064.729 0.941
1065.685 0.956
1066.654 0.969
1067.562 0.908
1068.462 0.9
1069.391 0.929
1070.338 0.947
1071.213 0.875
1072.037 0.824
1072.921 0.884
1073.858 0.937
1074.772 0.914
1075.656 0.884
1076.634 0.978
1077.648 1.014
1078.635 0.987
1079.558 0.923
1080.506 0.948
1081.48 0.974
1082.413 0.933
1083.26 0.847
1084.112 0.852
1084.936 0.824
1085.709 0.773
1086.478 0.769
1087.282 0.804
1088.079 0.797
1088.856 0.777
1089.683 0.827
1090.523 0.84
1091.344 0.821
1092.255 0.911
1093.205 0.95
1094.168 0.963
1095.066 0.898
1095.991 0.925
1096.942 0.951
1097.901 0.959
1098.835 0.934
1099.702 0.867
1100.624 0.922
1101.555 0.931
1102.502 0.947
1103.396 0.894
1104.33 0.934
1105.306 0.976
1106.265 0.959
1107.169 0.904
1108.075 0.906
1108.983 0.908
1109.901 0.918
1110.734 0.833
1111.579 0.845
1112.495 0.916
1113.43 0.935
1114.398 0.968
1115.288 0.89
1116.263 0.975
1117.23 0.967
1118.17 0.94
1119.048 0.878
1119.972 0.924
1120.909 0.937
1121.836 0.927
1122.717 0.881
1123.636 0.919
1124.568 0.932
1125.517 0.949
1126.397 0.88
1127.322 0.925
1128.264 0.942
1129.221 0.957
1130.101 0.88
1130.971 0.87
1131.884 0.913
1132.814 0.93
1133.757 0.943
1134.625 0.868
1135.524 0.899
1136.447 0.923
1137.343 0.896
1138.17 0.827
1138.983 0.813
1139.806 0.823
1140.641 0.835
1141.463 0.822
1142.268 0.805
1143.112 0.844
1143.896 0.784
1144.744 0.848
1145.594 0.85
1146.466 0.872
1147.292 0.826
1148.129 0.837
1148.977 0.848
1149.868 0.891
1150.677 0.809
1151.537 0.86
1152.348 0.811
1153.179 0.831
1154.005 0.826
1154.845 0.84
1155.639 0.794
1156.426 0.787
1157.242 0.816
1158.063 0.821
1158.9 0.837
1159.691 0.791
1160.504 0.813
1161.334 0.83
1162.192 0.858
1163.01 0.818
1163.854 0.844
1164.747 0.893
1165.629 0.882
1166.448 0.819
1167.233 0.785
1168.043 0.81
1168.887 0.844
1169.792 0.905
1170.718 0.926
1171.659 0.941
1172.536 0.877
1173.444 0.908
1174.339 0.895
1175.201 0.862
1176.095 0.894
1176.481 0.386
1177.01 0.529
1177.947 0.937
1178.873 0.926
1179.824 0.951
1180.781 0.957
1181.69 0.909
1182.626 0.936
1183.569 0.943
1184.457 0.888
1185.295 0.838
1186.183 0.888
1187.133 0.95
1188.074 0.941
1188.907 0.833
1189.749 0.842
1190.179 0.43
1190.608 0.429
1191.561 0.953
1191.916 0.355
1192.522 0.606
1193.053 0.531
1193.481 0.428
1194.279 0.798
1195.254 0.975
1195.92 0.666
1196.186 0.266
1196.639 0.453
1197.028 0.389
1197.724 0.696
1198.797 1.073
1199.653 0.856
1200.521 0.868
1200.944 0.423
1201.377 0.433
1202.132 0.755
1202.514 0.382
1202.769 0.255
1203.162 0.393
1203.476 0.314
1203.755 0.279
1204.131 0.376
1205.109 0.978
1206.08 0.971
1206.933 0.853
1207.748 0.815
1208.574 0.826
1209.433 0.859
1210.378 0.945
1211.32 0.942
1212.259 0.939
1213.091 0.832
1213.881 0.79
1214.193 0.312
1214.538 0.345
1214.951 0.413
1215.544 0.593
1215.915 0.371
1216.939 1.024
1218.582 1.643
1218.905 0.323
1219.404 0.499
1220.094 0.69
1220.681 0.587
1221.086 0.405
1221.466 0.38
1221.885 0.419
1222.396 0.511
1222.902 0.506
1223.189 0.287
1223.819 0.63
1224.299 0.48
1224.676 0.377
1225.008 0.332
1225.594 0.586
1225.873 0.279
1226.158 0.285
1226.454 0.296
1226.733 0.279
1227.236 0.503
1228.2 0.964
1229.007 0.807
1229.454 0.447
1229.775 0.321
1230.493 0.718
1231.099 0.606
1231.591 0.492
1232.427 0.836
1233.226 0.799
1234.084 0.858
1234.636 0.552
1234.985 0.349
1235.899 0.914
1236.729 0.83
1237.593 0.864
1238.5 0.907
1239.285 0.785
1240.346 1.061
1241.178 0.832
1242.054 0.876
1242.951 0.897
1243.841 0.89
1244.651 0.81
1245.3 0.649
1245.643 0.343
1246.346 0.703
1247.218 0.872
1248.021 0.803
1248.643 0.622
1249.188 0.545
1249.777 0.589
1250.58 0.803
1251.397 0.817
1251.674 0.277
1252.074 0.4
1253.146 1.072
1253.995 0.849
1254.832 0.837
1255.62 0.788
1256.4 0.78
1257.211 0.811
1258.104 0.893
1259.036 0.932
1259.968 0.932
1260.923 0.955
1261.885 0.962
1262.837 0.952
1263.796 0.959
1264.124 0.328
1264.549 0.425
1265.586 1.037
1265.903 0.317
1266.426 0.523
1266.726 0.3
1267.0 0.274
1267.465 0.465
1268.216 0.751
1268.54 0.324
1270.193 1.653
1270.628 0.435
1271.01 0.382
1271.842 0.832
1272.605 0.763
1273.352 0.747
1274.168 0.816
1274.857 0.689
1275.19 0.333
1275.662 0.472
1276.553 0.891
1276.99 0.437
1277.349 0.359
1277.712 0.363
1278.179 0.467
1278.651 0.472
1279.601 0.95
1279.886 0.285
1280.544 0.658
1281.28 0.736
1281.545 0.265
1281.803 0.258
1282.376 0.573
1283.182 0.806
1283.969 0.787
1284.754 0.785
1285.546 0.792
1286.349 0.803
1287.186 0.837
1288.06 0.874
1288.425 0.365
1288.985 0.56
1289.668 0.683
1290.388 0.72
1290.651 0.263
1291.139 0.488
1291.415 0.276
1291.777 0.362
1292.703 0.926
1293.536 0.833
1294.35 0.814
1295.14 0.79
1295.951 0.811
1296.792 0.841
1297.661 0.869
1298.547 0.886
1299.484 0.937
1300.3 0.816
1300.705 0.405
1301.366 0.661
1302.228 0.862
1303.05 0.822
1303.876 0.826
1304.682 0.806
1305.495 0.813
1306.326 0.831
1307.155 0.829
1307.985 0.83
1308.82 0.835
1309.422 0.602
1310.172 0.75
1310.487 0.315
1311.328 0.841
1311.61 0.282
1311.944 0.334
1312.627 0.683
1312.898 0.271
1313.717 0.819
1314.564 0.847
1315.351 0.787
1316.144 0.793
1317.03 0.886
1317.912 0.882
1318.729 0.817
1319.092 0.363
1319.573 0.481
1319.976 0.403
1320.29 0.314
1320.657 0.367
1321.374 0.717
1322.267 0.893
1322.577 0.31
1323.146 0.569
1324.022 0.876
1324.614 0.592
1324.867 0.253
1325.668 0.801
1326.248 0.58
1326.702 0.454
1327.056 0.354
1328.01 0.954
1328.591 0.581
1328.866 0.275
1329.497 0.631
1330.241 0.744
1330.74 0.499
1331.036 0.296
1331.872 0.836
1332.793 0.921
1333.722 0.929
1334.668 0.946
1335.626 0.958
1336.561 0.935
1337.324 0.763
1337.592 0.268
1338.317 0.725
1339.087 0.77
1339.889 0.802
1340.236 0.347
1340.645 0.409
1341.05 0.405
1341.418 0.368
1342.23 0.812
1343.013 0.783
1343.763 0.75
1344.553 0.79
1345.343 0.79
1346.151 0.808
1347.001 0.85
1347.858 0.857
1348.638 0.78
1349.428 0.79
1350.268 0.84
1351.125 0.857
1351.987 0.862
1352.884 0.897
1353.779 0.895
1354.688 0.909
1355.615 0.927
1356.565 0.95
1357.435 0.87
1357.939 0.504
1358.26 0.321
1358.524 0.264
1359.409 0.885
1360.331 0.922
1361.235 0.904
1361.657 0.422
1362.095 0.438
1362.908 0.813
1363.719 0.811
1364.104 0.385
1364.514 0.41
1364.783 0.269
1365.313 0.53
1365.65 0.337
1366.122 0.472
1366.615 0.493
1366.92 0.305
1367.569 0.649
1368.09 0.521
1368.518 0.428
1368.857 0.339
1369.298 0.441
1370.065 0.767
1370.392 0.327
1370.806 0.414
1371.42 0.614
1371.715 0.295
1372.26 0.545
1372.987 0.727
1373.685 0.698
1374.036 0.351
1374.676 0.64
1375.567 0.891
1376.399 0.832
1377.288 0.889
1378.199 0.911
1379.127 0.928
1380.01 0.883
1380.874 0.864
1381.377 0.503
1381.674 0.297
1381.981 0.307
1382.635 0.654
1383.457 0.822
1384.232 0.775
1385.016 0.784
1385.826 0.81
1386.683 0.857
1387.571 0.888
1388.561 0.99
1388.963 0.402
1389.554 0.591
1390.484 0.93
1391.377 0.893
1392.263 0.886
1393.186 0.923
1394.129 0.943
1395.028 0.899
1395.874 0.846
1396.741 0.867
1397.582 0.841
1398.358 0.776
1399.111 0.753
1399.903 0.792
1400.679 0.776
1401.432 0.753
1402.176 0.744
1402.903 0.727
1403.628 0.725
1404.398 0.77
1405.21 0.812
1406.081 0.871
1406.945 0.864
1407.779 0.834
1408.662 0.883
1409.559 0.897
1410.461 0.902
1411.304 0.843
1412.12 0.816
1412.977 0.857
1413.768 0.791
1414.517 0.749
1415.298 0.781
1416.109 0.811
1416.959 0.85
1417.757 0.798
1418.629 0.872
1419.538 0.909
1420.452 0.914
1421.312 0.86
1422.247 0.935
1423.155 0.908
1423.993 0.838
1424.784 0.791
1425.616 0.832
1426.443 0.827
1427.224 0.781
1427.983 0.759
1428.477 0.494
1429.323 0.846
1430.114 0.791
1430.531 0.417
1430.809 0.278
1431.503 0.694
1431.936 0.433
1432.218 0.282
1432.937 0.719
1433.708 0.771
1433.974 0.266
1434.225 0.251
1434.599 0.374
1434.924 0.325
1435.531 0.607
1436.437 0.906
1437.354 0.917
1438.321 0.967
1439.234 0.913
1440.054 0.82
1440.882 0.828
1441.782 0.9
1442.665 0.883
1443.51 0.845
1444.358 0.848
1445.04 0.682
1446.055 1.015
1446.912 0.857
1447.684 0.772
1448.432 0.748
1449.187 0.755
1449.986 0.799
1450.902 0.916
1451.862 0.96
1452.831 0.969
1453.819 0.988
1454.791 0.972
1455.731 0.94
1456.647 0.916
1457.558 0.911
1458.414 0.856
1459.267 0.853
1460.136 0.869
1460.969 0.833
1461.537 0.568
1462.546 1.009
1463.321 0.775
1464.156 0.835
1465.005 0.849
1465.877 0.872
1466.741 0.864
1467.534 0.793
1468.287 0.753
1468.602 0.315
1468.908 0.306
1469.209 0.301
1469.658 0.449
1470.046 0.388
1470.806 0.76
1472.662 1.856
1473.468 0.806
1474.015 0.547
1474.312 0.297
1474.564 0.252
1475.151 0.587
1475.971 0.82
1476.759 0.788
1477.572 0.813
1478.398 0.826
1479.22 0.822
1480.047 0.827
1480.91 0.863