0.000 4.565
4.565 4.565
4.823 0.258
5.776 0.953
6.486 0.71
6.746 0.26
7.278 0.532
8.705 1.427
9.479 0.774
9.877 0.398
10.591 0.714
10.858 0.267
11.899 1.041
13.339 1.44
13.662 0.323
14.771 1.109
15.15 0.379
15.442 0.292
18.543 3.101
18.807 0.264
19.058 0.251
22.595 3.537
28.307 5.712
28.999 0.692
29.74 0.741
31.196 1.456
32.16 0.964
33.141 0.981
33.598 0.457
34.119 0.521
35.068 0.949
36.0 0.932
36.899 0.899
37.511 0.612
38.107 0.596
39.132 1.025
39.398 0.266
39.658 0.26
39.934 0.276
40.391 0.457
41.355 0.964
41.788 0.433
42.06 0.272
42.345 0.285
42.712 0.367
42.991 0.279
43.452 0.461
43.939 0.487
44.299 0.36
44.645 0.346
44.96 0.315
45.892 0.932
46.494 0.602
46.824 0.33
47.8 0.976
48.165 0.365
48.524 0.359
48.806 0.282
49.921 1.115
50.615 0.694
50.884 0.269
51.853 0.969
52.122 0.269
52.521 0.399
53.747 1.226
54.324 0.577
54.877 0.553
56.011 1.134
56.299 0.288
56.62 0.321
56.916 0.296
57.2 0.284
57.48 0.28
57.808 0.328
58.112 0.304
58.645 0.533
59.066 0.421
59.357 0.291
59.647 0.29
59.948 0.301
60.264 0.316
60.519 0.255
60.854 0.335
61.294 0.44
61.588 0.294
62.378 0.79
62.714 0.336
63.223 0.509
63.489 0.266
63.784 0.295
64.503 0.719
64.81 0.307
65.408 0.598
65.791 0.383
66.703 0.912
67.01 0.307
67.378 0.368
71.691 4.313
71.987 0.296
72.36 0.373
72.677 0.317
73.26 0.583
74.165 0.905
74.45 0.285
74.79 0.34
75.064 0.274
75.354 0.29
75.716 0.362
81.581 5.865
81.998 0.417
82.342 0.344
82.692 0.35
83.125 0.433
83.592 0.467
97.998 14.406
98.75 0.752
100.497 1.747
100.925 0.428
103.162 2.237
104.361 1.199
104.726 0.365
105.136 0.41
105.407 0.271
105.679 0.272
105.943 0.264
106.209 0.266
106.621 0.412
106.927 0.306
107.239 0.312
107.771 0.532
108.267 0.496
108.543 0.276
109.076 0.533
109.414 0.338
110.28 0.866
111.009 0.729
111.431 0.422
111.735 0.304
112.059 0.324
112.42 0.361
117.772 5.352
118.063 0.291
118.36 0.297
118.955 0.595
119.249 0.294
119.513 0.264
121.125 1.612
121.429 0.304
122.179 0.75
122.467 0.288
123.056 0.589
123.419 0.363
126.452 3.033
126.798 0.346
127.311 0.513
127.703 0.392
128.307 0.604
128.572 0.265
129.308 0.736
129.575 0.267
130.083 0.508
135.264 5.181
135.604 0.34
135.907 0.303
136.207 0.3
138.294 2.087
138.658 0.364
139.181 0.523
140.319 1.138
141.438 1.119
141.903 0.465
145.036 3.133
145.952 0.916
148.39 2.438
149.429 1.039
150.188 0.759
150.57 0.382
150.854 0.284
151.335 0.481
152.303 0.968
152.844 0.541
153.164 0.32
154.275 1.111
155.224 0.949
155.681 0.457
156.205 0.524
157.18 0.975
157.745 0.565
158.098 0.353
158.501 0.403
158.763 0.262
159.077 0.314
160.054 0.977
161.041 0.987
161.305 0.264
161.752 0.447
162.084 0.332
163.09 1.006
164.144 1.054
165.213 1.069
166.123 0.91
167.097 0.974
168.035 0.938
169.091 1.056
170.099 1.008
171.063 0.964
172.11 1.047
173.096 0.986
174.096 1.0
174.388 0.292
174.75 0.362
175.123 0.373
176.1 0.977
177.134 1.034
177.655 0.521
177.99 0.335
179.055 1.065
179.461 0.406
180.231 0.77
181.206 0.975
182.123 0.917
182.618 0.495
183.03 0.412
183.312 0.282
183.57 0.258
184.084 0.514
185.03 0.946
186.058 1.028
186.342 0.284
186.704 0.362
187.011 0.307
187.919 0.908
189.041 1.122
190.055 1.014
191.047 0.992
191.679 0.632
192.094 0.415
192.6 0.506
193.087 0.487
194.048 0.961
195.085 1.037
196.122 1.037
197.082 0.96
198.103 1.021
199.185 1.082
200.23 1.045
201.285 1.055
202.381 1.096
203.394 1.013
204.231 0.837
204.486 0.255
205.515 1.029
206.501 0.986
207.07 0.569
207.515 0.445
208.549 1.034
209.529 0.98
210.562 1.033
211.604 1.042
212.589 0.985
213.286 0.697
213.624 0.338
214.65 1.026
215.624 0.974
216.659 1.035
217.672 1.013
218.63 0.958
219.67 1.04
220.71 1.04
221.744 1.034
222.813 1.069
223.85 1.037
224.946 1.096
225.989 1.043
227.014 1.025
228.07 1.056
229.046 0.976
230.025 0.979
231.018 0.993
231.951 0.933
232.953 1.002
234.004 1.051
234.976 0.972
235.993 1.017
236.25 0.257
236.915 0.665
237.999 1.084
238.914 0.915
239.988 1.074
240.988 1.0
241.935 0.947
242.955 1.02
244.031 1.076
245.0 0.969
246.01 1.01
246.424 0.414
247.046 0.622
248.017 0.971
249.008 0.991
249.458 0.45
249.726 0.268
250.042 0.316
251.014 0.972
252.017 1.003
253.033 1.016
253.981 0.948
254.938 0.957
255.935 0.997
256.916 0.981
257.868 0.952
258.901 1.033
259.972 1.071
260.896 0.924
261.857 0.961
262.846 0.989
263.778 0.932
264.726 0.948
265.654 0.928
266.509 0.855
267.392 0.883
268.254 0.862
269.151 0.897
269.742 0.591
270.116 0.374
271.053 0.937
271.968 0.915
272.94 0.972
273.933 0.993
274.835 0.902
275.771 0.936
276.095 0.324
276.776 0.681
277.708 0.932
278.276 0.568
278.677 0.401
279.047 0.37
279.713 0.666
280.014 0.301
280.69 0.676
281.681 0.991
282.712 1.031
283.701 0.989
284.577 0.876
285.68 1.103
286.595 0.915
286.939 0.344
287.371 0.432
288.41 1.039
289.266 0.856
290.162 0.896
291.123 0.961
291.616 0.493
292.05 0.434
292.596 0.546
292.847 0.251
293.915 1.068
294.3 0.385
294.822 0.522
295.327 0.505
295.741 0.414
296.452 0.711
296.706 0.254
297.602 0.896
298.501 0.899
299.412 0.911
300.297 0.885
301.122 0.825
301.981 0.859
302.765 0.784
303.711 0.946
304.607 0.896
305.581 0.974
306.498 0.917
307.15 0.652
307.56 0.41
307.903 0.343
308.309 0.406
309.186 0.877
310.019 0.833
310.89 0.871
311.786 0.896
312.635 0.849
313.581 0.946
314.558 0.977
315.475 0.917
316.455 0.98
317.437 0.982
318.322 0.885
319.275 0.953
320.237 0.962
321.129 0.892
322.086 0.957
323.013 0.927
323.897 0.884
324.829 0.932
325.713 0.884
326.651 0.938
327.615 0.964
328.528 0.913
329.457 0.929
330.347 0.89
331.227 0.88
332.185 0.958
333.12 0.935
334.046 0.926
335.02 0.974
335.93 0.91
336.821 0.891
337.745 0.924
338.609 0.864
339.469 0.86
340.278 0.809
341.158 0.88
342.101 0.943
342.981 0.88
343.837 0.856
344.141 0.304
344.749 0.608
345.728 0.979
346.646 0.918
347.603 0.957
348.594 0.991
349.548 0.954
350.547 0.999
351.583 1.036
352.534 0.951
353.493 0.959
353.883 0.39
354.406 0.523
355.422 1.016
356.298 0.876
357.212 0.914
358.197 0.985
359.122 0.925
359.912 0.79
360.393 0.481
361.204 0.811
362.143 0.939
363.099 0.956
364.099 1.0
365.056 0.957
366.009 0.953
366.981 0.972
367.869 0.888
368.778 0.909
369.743 0.965
370.68 0.937
371.566 0.886
372.104 0.538
372.433 0.329
373.33 0.897
374.216 0.886
375.059 0.843
375.926 0.867
376.727 0.801
377.564 0.837
378.415 0.851
379.231 0.816
380.072 0.841
380.468 0.396
381.007 0.539
381.943 0.936
382.833 0.89
383.745 0.912
384.173 0.428
384.656 0.483
385.475 0.819
386.124 0.649
386.868 0.744
387.185 0.317
387.919 0.734
388.306 0.387
388.594 0.288
389.477 0.883
389.729 0.252
390.566 0.837
390.845 0.279
391.297 0.452
391.605 0.308
391.955 0.35
392.379 0.424
393.253 0.874
393.895 0.642
394.27 0.375
395.017 0.747
395.879 0.862
396.76 0.881
397.653 0.893
398.579 0.926
399.354 0.775
400.357 1.003
401.242 0.885
402.18 0.938
403.076 0.896
403.983 0.907
404.931 0.948
405.827 0.896
406.787 0.96
407.799 1.012
408.765 0.966
409.698 0.933
410.697 0.999
411.667 0.97
412.55 0.883
413.485 0.935
414.51 1.025
415.565 1.055
416.575 1.01
416.874 0.299
417.658 0.784
418.705 1.047
419.662 0.957
420.603 0.941
420.963 0.36
421.525 0.562
422.106 0.581
422.385 0.279
423.012 0.627
423.408 0.396
423.709 0.301
424.112 0.403
424.456 0.344
424.948 0.492
425.315 0.367
425.581 0.266
426.554 0.973
427.019 0.465
427.307 0.288
427.655 0.348
427.997 0.342
428.338 0.341
429.034 0.696
429.292 0.258
430.017 0.725
430.936 0.919
431.791 0.855
432.56 0.769
433.324 0.764
433.729 0.405
433.987 0.258
434.517 0.53
434.982 0.465
435.904 0.922
436.467 0.563
436.736 0.269
437.337 0.601
437.608 0.271
441.299 3.691
442.15 0.851
442.427 0.277
442.713 0.286
442.967 0.254
443.517 0.55
445.116 1.599
445.56 0.444
446.285 0.725
447.026 0.741
447.776 0.75
448.521 0.745
449.28 0.759
450.076 0.796
450.904 0.828
451.695 0.791
452.48 0.785
453.282 0.802
453.555 0.273
453.808 0.253
454.147 0.339
455.029 0.882
455.888 0.859
456.75 0.862
457.446 0.696
458.402 0.956
459.188 0.786
459.962 0.774
460.739 0.777
461.523 0.784
462.314 0.791
463.074 0.76
463.835 0.761
464.631 0.796
465.448 0.817
466.249 0.801
467.033 0.784
467.789 0.756
468.583 0.794
469.384 0.801
470.164 0.78
470.984 0.82
471.851 0.867
472.665 0.814
473.524 0.859
474.385 0.861
475.231 0.846
476.035 0.804
476.812 0.777
477.631 0.819
478.499 0.868
479.306 0.807
480.163 0.857
481.023 0.86
481.876 0.853
482.674 0.798
483.272 0.598
483.677 0.405
484.328 0.651
484.599 0.271
485.152 0.553
485.464 0.312
485.983 0.519
486.807 0.824
487.593 0.786
488.404 0.811
489.208 0.804
489.889 0.681
490.838 0.949
491.601 0.763
492.376 0.775
493.191 0.815
493.978 0.787
494.774 0.796
495.594 0.82
496.393 0.799
497.245 0.852
498.173 0.928
499.108 0.935
500.008 0.9
500.877 0.869
501.65 0.773
502.437 0.787
503.229 0.792
504.037 0.808
504.825 0.788
505.684 0.859
506.598 0.914
507.572 0.974
508.535 0.963
509.362 0.827
510.171 0.809
511.037 0.866
511.951 0.914
512.84 0.889
513.673 0.833
514.546 0.873
515.355 0.809
516.249 0.894
517.218 0.969
518.195 0.977
519.141 0.946
520.102 0.961
520.95 0.848
521.769 0.819
522.551 0.782
523.336 0.785
524.252 0.916
525.246 0.994
526.131 0.885
527.072 0.941
527.949 0.877
528.791 0.842
529.658 0.867
530.558 0.9
531.374 0.816
532.211 0.837
533.065 0.854
533.878 0.813
534.783 0.905
535.716 0.933
536.584 0.868
537.514 0.93
538.368 0.854
539.132 0.764
539.905 0.773
540.702 0.797
541.498 0.796
542.291 0.793
543.111 0.82
543.894 0.783
544.79 0.896
545.674 0.884
546.512 0.838
547.349 0.837
548.194 0.845
549.083 0.889
550.032 0.949
550.904 0.872
551.791 0.887
552.706 0.915
553.55 0.844
554.378 0.828
555.281 0.903
556.175 0.894
557.018 0.843
557.899 0.881
558.846 0.947
559.73 0.884
560.598 0.868
561.56 0.962
562.489 0.929
563.37 0.881
564.275 0.905
565.118 0.843
565.918 0.8
566.788 0.87
567.634 0.846
568.472 0.838
569.352 0.88
570.184 0.832
570.973 0.789
571.736 0.763
572.496 0.76
573.221 0.725
573.558 0.337
573.908 0.35
574.57 0.662
575.231 0.661
575.883 0.652
576.569 0.686
577.276 0.707
578.054 0.778
578.796 0.742
579.584 0.788
580.448 0.864
581.277 0.829
582.141 0.864
583.021 0.88
583.859 0.838
584.735 0.876
585.669 0.934
586.565 0.896
587.48 0.915
588.406 0.926
589.267 0.861
590.169 0.902
591.068 0.899
591.889 0.821
592.765 0.876
593.678 0.913
594.518 0.84
595.319 0.801
596.199 0.88
597.139 0.94
597.991 0.852
598.886 0.895
599.777 0.891
600.76 0.983
601.594 0.834
602.441 0.847
603.323 0.882
604.296 0.973
605.212 0.916
606.122 0.91
607.085 0.963
608.022 0.937
609.001 0.979
610.032 1.031
611.031 0.999
612.05 1.019
612.994 0.944
613.94 0.946
614.939 0.999
615.894 0.955
616.865 0.971
617.781 0.916
618.692 0.911
619.68 0.988
620.62 0.94
621.586 0.966
622.591 1.005
623.564 0.973
624.539 0.975
625.53 0.991
626.453 0.923
627.451 0.998
628.433 0.982
629.324 0.891
630.253 0.929
631.189 0.936
632.081 0.892
633.034 0.953
633.966 0.932
634.864 0.898
635.848 0.984
636.755 0.907
637.715 0.96
638.709 0.994
639.63 0.921
640.621 0.991
641.582 0.961
642.473 0.891
643.414 0.941
644.379 0.965
645.261 0.882
646.136 0.875
647.092 0.956
648.011 0.919
648.948 0.937
649.969 1.021
650.314 0.345
656.398 6.084
656.672 0.274
656.99 0.318
657.295 0.305
664.677 7.382
664.99 0.313
665.725 0.735
666.143 0.418
666.497 0.354
666.803 0.306
667.088 0.285
667.487 0.399
667.871 0.384
668.719 0.848
669.139 0.42
669.963 0.824
670.413 0.45
675.551 0.798
676.347 0.796
677.139 0.792
677.903 0.764
678.691 0.788
679.514 0.823
680.258 0.744
681.095 0.837
681.809 0.714
682.574 0.765
683.013 0.439
683.409 0.396
684.273 0.864
685.065 0.792
685.858 0.793
686.677 0.819
687.12 0.443
687.53 0.41
688.326 0.796
689.113 0.787
689.905 0.792
690.749 0.844
691.623 0.874
692.444 0.821
693.273 0.829
694.128 0.855
694.972 0.844
695.853 0.881
696.729 0.876
697.645 0.916
698.573 0.928
699.45 0.877
700.344 0.894
701.28 0.936
702.181 0.901
703.118 0.937
704.059 0.941
704.967 0.908
705.903 0.936
706.864 0.961
707.802 0.938
708.758 0.956
709.679 0.921
710.62 0.941
711.519 0.899
712.396 0.877
712.94 0.544
713.304 0.364
714.259 0.955
715.174 0.915
716.069 0.895
716.984 0.915
717.862 0.878
718.795 0.933
719.76 0.965
720.172 0.412
720.45 0.278
720.767 0.317
721.054 0.287
721.463 0.409
721.746 0.283
722.237 0.491
722.504 0.267
723.56 1.056
724.533 0.973
724.838 0.305
725.213 0.375
725.508 0.295
726.511 1.003
727.502 0.991
728.431 0.929
728.758 0.327
729.315 0.557
730.361 1.046
731.32 0.959
732.296 0.976
733.212 0.916
734.196 0.984
735.199 1.003
736.136 0.937
737.128 0.992
737.974 0.846
738.34 0.366
739.046 0.706
740.026 0.98
740.947 0.921
741.67 0.723
741.929 0.259
742.856 0.927
743.859 1.003
744.505 0.646
744.85 0.345
745.823 0.973
746.653 0.83
747.052 0.399
747.768 0.716
748.306 0.538
748.654 0.348
749.593 0.939
750.53 0.937
751.477 0.947
752.391 0.914
753.319 0.928
754.326 1.007
755.303 0.977
756.286 0.983
757.263 0.977
758.209 0.946
759.172 0.963
760.055 0.883
760.965 0.91
761.891 0.926
762.28 0.389
762.781 0.501
763.732 0.951
764.649 0.917
765.013 0.364
765.571 0.558
766.311 0.74
767.44 1.129
768.385 0.945
769.382 0.997
770.296 0.914
771.266 0.97
772.218 0.952
773.115 0.897
774.069 0.954
775.002 0.933
775.935 0.933
776.847 0.912
777.776 0.929
778.778 1.002
779.748 0.97
780.746 0.998
781.733 0.987
782.667 0.934
783.673 1.006
784.227 0.554
784.644 0.417
785.666 1.022
786.67 1.004
787.447 0.777
787.878 0.431
788.651 0.773
789.199 0.548
789.55 0.351
790.433 0.883
791.374 0.941
792.336 0.962
793.339 1.003
794.369 1.03
795.356 0.987
796.36 1.004
796.672 0.312
797.382 0.71
798.294 0.912
799.254 0.96
800.24 0.986
801.135 0.895
801.972 0.837
802.465 0.493
802.914 0.449
804.026 1.112
805.01 0.984
806.037 1.027
806.995 0.958
807.992 0.997
808.934 0.942
809.867 0.933
810.823 0.956
811.742 0.919
812.687 0.945
813.619 0.932
814.521 0.902
815.448 0.927
816.392 0.944
817.285 0.893
818.213 0.928
818.498 0.285
819.124 0.626
820.022 0.898
820.748 0.726
821.83 1.082
822.716 0.886
823.648 0.932
824.548 0.9
825.48 0.932
826.452 0.972
827.361 0.909
827.706 0.345
828.307 0.601
829.27 0.963
830.135 0.865
830.66 0.525
831.044 0.384
831.968 0.924
832.846 0.878
833.703 0.857
834.295 0.592
834.646 0.351
834.92 0.274
835.244 0.324
836.012 0.768
836.263 0.251
836.733 0.47
837.446 0.713
838.125 0.679
838.759 0.634
839.292 0.533
839.592 0.3
840.193 0.601
840.972 0.779
841.684 0.712
842.137 0.453
842.554 0.417
843.194 0.64
843.687 0.493
844.664 0.977
845.398 0.734
846.12 0.722
846.778 0.658
847.543 0.765
848.194 0.651
848.512 0.318
849.156 0.644
849.984 0.828
850.717 0.733
851.171 0.454
851.459 0.288
851.755 0.296
852.654 0.899
853.493 0.839
853.882 0.389
854.36 0.478
854.804 0.444
855.201 0.397
855.654 0.453
855.956 0.302
856.76 0.804
857.207 0.447
857.467 0.26
858.254 0.787
859.017 0.763
859.522 0.505
859.794 0.272
860.128 0.334
860.546 0.418
861.281 0.735
862.017 0.736
862.726 0.709
863.225 0.499
864.147 0.922
864.85 0.703
865.543 0.693
866.249 0.706
866.691 0.442
867.046 0.355
867.521 0.475
867.826 0.305
868.294 0.468
868.621 0.327
869.576 0.955
869.976 0.4
870.475 0.499
871.391 0.916
871.943 0.552
872.393 0.45
872.663 0.27
873.515 0.852
874.592 1.077
875.328 0.736
876.088 0.76
876.897 0.809
877.797 0.9
878.506 0.709
879.324 0.818
880.162 0.838
881.041 0.879
881.732 0.691
882.714 0.982
883.494 0.78
884.155 0.661
885.178 1.023
885.612 0.434
885.985 0.373
886.845 0.86
887.73 0.885
888.647 0.917
889.132 0.485
889.596 0.464
890.493 0.897
891.432 0.939
892.386 0.954
893.265 0.879
893.566 0.301
894.18 0.614
895.116 0.936
895.521 0.405
896.017 0.496
896.408 0.391
896.918 0.51
897.876 0.958
898.225 0.349
898.845 0.62
899.815 0.97
900.809 0.994
901.688 0.879
902.778 1.09
903.638 0.86
903.935 0.297
904.498 0.563
904.873 0.375
905.419 0.546
906.261 0.842
907.158 0.897
908.12 0.962
909.001 0.881
909.951 0.95
910.925 0.974
911.838 0.913
912.811 0.973
913.734 0.923
914.567 0.833
915.386 0.819
916.178 0.792
916.568 0.39
917.038 0.47
918.122 1.084
919.157 1.035
920.03 0.873
920.682 0.652
921.645 0.963
922.66 1.015
923.552 0.892
923.823 0.271
924.478 0.655
925.386 0.908
925.665 0.279
926.335 0.67
927.289 0.954
928.171 0.882
929.192 1.021
929.646 0.454
930.138 0.492
931.082 0.944
932.048 0.966
932.973 0.925
933.949 0.976
934.867 0.918
935.821 0.954
936.7 0.879
937.114 0.414
937.633 0.519
938.563 0.93
938.888 0.325
939.44 0.552
939.834 0.394
940.357 0.523
940.93 0.573
941.317 0.387
943.164 1.847
944.038 0.874
944.487 0.449
944.921 0.434
945.825 0.904
946.273 0.448
946.658 0.385
946.937 0.279
947.529 0.592
948.437 0.908
948.812 0.375
949.297 0.485
949.582 0.285
950.192 0.61
951.115 0.923
951.993 0.878
952.94 0.947
953.824 0.884
954.696 0.872
955.629 0.933
956.494 0.865
957.375 0.881
958.286 0.911
959.135 0.849
959.822 0.687
960.902 1.08
961.744 0.842
962.636 0.892
963.098 0.462
963.502 0.404
964.187 0.685
965.236 1.049
965.53 0.294
966.1 0.57
966.666 0.566
967.787 1.121
968.678 0.891
969.497 0.819
970.345 0.848
970.915 0.57
971.25 0.335
972.096 0.846
972.97 0.874
973.865 0.895
974.703 0.838
975.565 0.862
976.427 0.862
977.179 0.752
978.133 0.954
978.506 0.373
978.964 0.458
979.769 0.805
980.585 0.816
981.033 0.448
981.479 0.446
982.278 0.799
982.874 0.596
983.131 0.257
984.01 0.879
984.848 0.838
985.724 0.876
986.63 0.906
987.468 0.838
988.326 0.858
989.224 0.898
990.072 0.848
990.631 0.559
990.934 0.303
991.847 0.913
992.692 0.845
993.438 0.746
993.741 0.303
994.439 0.698
994.803 0.364
995.271 0.468
995.603 0.332
996.124 0.521
996.434 0.31
996.994 0.56
997.83 0.836
998.493 0.663
999.571 1.078
1000.47 0.899
1001.355 0.885
1002.282 0.927
1003.163 0.881
1003.968 0.805
1004.937 0.969
1005.764 0.827
1006.603 0.839
1007.479 0.876
1008.297 0.818
1009.175 0.878
1010.102 0.927
1010.991 0.889
1011.915 0.924
1012.832 0.917
1013.688 0.856
1014.571 0.883
1015.467 0.896
1016.328 0.861
1017.118 0.79
1017.983 0.865
1018.387 0.404
1018.815 0.428
1019.774 0.959
1020.823 1.049
1021.805 0.982
1022.694 0.889
1023.223 0.529
1023.543 0.32
1023.832 0.289
1024.106 0.274
1024.529 0.423
1025.401 0.872
1026.324 0.923
1027.221 0.897
1028.165 0.944
1029.136 0.971
1030.086 0.95
1030.383 0.297
1031.079 0.696
1032.026 0.947
1032.896 0.87
1033.942 1.046
1034.809 0.867
1035.728 0.919
1036.073 0.345
1036.653 0.58
1037.538 0.885
1038.008 0.47
1038.5 0.492
1039.416 0.916
1040.306 0.89
1040.595 0.289
1041.022 0.427
1042.073 1.051
1042.969 0.896
1043.282 0.313
1043.884 0.602
1044.737 0.853
1045.658 0.921
1046.048 0.39
1046.584 0.536
1047.49 0.906
1048.343 0.853
1049.045 0.702
1050.05 1.005
1050.867 0.817
1051.715 0.848
1052.573 0.858
1053.421 0.848
1054.318 0.897
1055.202 0.884
1056.084 0.882
1057.036 0.952
1057.951 0.915
1058.918 0.967
1059.865 0.947
1060.829 0.964
1061.795 0.966
1062.665 0.87
1063.545 0.88
1064.437 0.892
1065.293 0.856
1066.228 0.935
1067.162 0.934
1068.062 0.9
1068.976 0.914
1069.843 0.867
1070.734 0.891
1071.676 0.942
1072.543 0.867
1073.468 0.925
1074.447 0.979
1075.343 0.896
1076.278 0.935
1077.229 0.951
1078.115 0.886
1079.022 0.907
1079.964 0.942
1080.824 0.86
1081.692 0.868
1082.608 0.916
1083.499 0.891
1084.429 0.93
1085.315 0.886
1085.741 0.426
1086.19 0.449
1087.096 0.906
1087.949 0.853
1088.822 0.873
1089.758 0.936
1090.514 0.756
1091.546 1.032
1092.427 0.881
1092.931 0.504
1093.288 0.357
1094.185 0.897
1095.015 0.83
1095.896 0.881
1096.86 0.964
1097.13 0.27
1097.754 0.624
1098.691 0.937
1099.586 0.895
1100.437 0.851
1101.326 0.889
1102.149 0.823
1102.953 0.804
1103.792 0.839
1104.62 0.828
1106.277 1.657
1107.023 0.746
1107.882 0.859
1108.701 0.819
1109.541 0.84
1110.342 0.801
1110.729 0.387
1111.166 0.437
1112.012 0.846
1112.278 0.266
1112.84 0.562
1113.645 0.805
1114.495 0.85
1115.359 0.864
1115.629 0.27
1116.194 0.565
1117.071 0.877
1117.989 0.918
1118.845 0.856
1119.699 0.854
1120.017 0.318
1120.598 0.581
1121.201 0.603
1122.269 1.068
1123.119 0.85
1123.957 0.838
1124.767 0.81
1125.547 0.78
1125.956 0.409
1126.264 0.308
1126.967 0.703
1127.681 0.714
1128.431 0.75
1129.218 0.787
1129.939 0.721
1130.727 0.788
1131.558 0.831
1132.358 0.8
1133.21 0.852
1134.027 0.817
1134.811 0.784
1135.589 0.778
1136.374 0.785
1137.096 0.722
1137.859 0.763
1138.854 0.995
1139.305 0.451
1139.579 0.274
1139.862 0.283
1140.288 0.426
1140.565 0.277
1141.075 0.51
1141.701 0.626
1142.917 1.216
1143.525 0.608
1144.429 0.904
1145.35 0.921
1146.233 0.883
1146.56 0.327
1147.054 0.494
1147.426 0.372
1147.871 0.445
1148.658 0.787
1149.426 0.768
1149.897 0.471
1150.206 0.309
1150.98 0.774
1151.486 0.506
1151.759 0.273
1152.038 0.279
1152.37 0.332
1153.47 1.1
1154.313 0.843
1155.119 0.806
1155.73 0.611
1156.295 0.565
1156.626 0.331
1157.467 0.841
1158.244 0.777
1159.04 0.796
1159.861 0.821
1160.614 0.753
1161.593 0.979
1162.468 0.875
1163.388 0.92
1164.351 0.963
1165.268 0.917
1166.199 0.931
1167.126 0.927
1168.031 0.905
1168.868 0.837
1169.66 0.792
1170.44 0.78
1171.256 0.816
1172.068 0.812
1172.844 0.776
1173.143 0.299
1173.456 0.313
1174.028 0.572
1174.465 0.437
1174.791 0.326
1175.11 0.319
1176.099 0.989
1176.922 0.823
1177.775 0.853
1178.573 0.798
1179.354 0.781
1180.136 0.782
1180.712 0.576
1181.338 0.626
1181.651 0.313
1182.432 0.781
1183.227 0.795
1184.077 0.85
1184.915 0.838
1185.759 0.844
1186.647 0.888
1186.932 0.285
1187.459 0.527
1188.43 0.971
1189.34 0.91
1190.321 0.981
1191.282 0.961
1192.148 0.866
1193.03 0.882
1193.955 0.925
1194.907 0.952
1195.822 0.915
1196.809 0.987
1197.859 1.05
1198.871 1.012
1199.831 0.96
1200.832 1.001
1201.825 0.993
1202.787 0.962
1203.824 1.037
1204.827 1.003
1205.896 1.069
1206.914 1.018
1207.888 0.974
1208.925 1.037
1209.913 0.988
1210.94 1.027
1212.001 1.061
1212.976 0.975
1213.951 0.975
1214.978 1.027
1215.955 0.977
1216.963 1.008
1217.972 1.009
1218.933 0.961
1219.931 0.998
1220.894 0.963
1221.847 0.953
1222.826 0.979
1223.77 0.944
1224.712 0.942
1225.715 1.003
1226.685 0.97
1227.686 1.001
1228.692 1.006
1229.649 0.957
1230.661 1.012
1231.646 0.985
1232.623 0.977
1233.627 1.004
1234.581 0.954
1235.561 0.98
1236.523 0.962
1237.401 0.878
1238.309 0.908
1239.272 0.963
1240.202 0.93
1241.111 0.909
1242.02 0.909
1242.84 0.82
1243.737 0.897
1244.639 0.902
1245.503 0.864
1246.411 0.908
1247.317 0.906
1248.138 0.821
1248.963 0.825
1249.731 0.768
1250.49 0.759
1251.309 0.819
1252.109 0.8
1252.867 0.758
1253.684 0.817
1254.516 0.832
1255.315 0.799
1256.109 0.794
1256.867 0.758
1257.682 0.815
1258.447 0.765
1259.245 0.798
1260.124 0.879
1260.974 0.85
1261.852 0.878
1262.769 0.917
1263.626 0.857
1264.521 0.895
1265.435 0.914
1266.275 0.84
1267.078 0.803
1267.92 0.842
1268.685 0.765
1269.457 0.772
1270.298 0.841
1271.215 0.917
1272.157 0.942
1273.05 0.893
1273.993 0.943
1274.969 0.976
1275.836 0.867
1276.7 0.864
1277.578 0.878
1278.43 0.852
1279.307 0.877
1280.281 0.974
1281.21 0.929
1282.166 0.956
1283.149 0.983
1284.077 0.928
1285.041 0.964
1285.996 0.955
1286.939 0.943
1287.959 1.02
1288.941 0.982
1289.886 0.945
1290.86 0.974
1291.782 0.922
1292.735 0.953
1293.676 0.941
1294.54 0.864
1295.46 0.92
1296.409 0.949
1297.313 0.904
1298.272 0.959
1299.2 0.928
1300.07 0.87
1301.019 0.949
1301.935 0.916
1302.832 0.897
1303.786 0.954
1304.672 0.886
1305.614 0.942
1306.604 0.99
1307.538 0.934
1308.516 0.978
1309.44 0.924
1310.312 0.872
1311.239 0.927
1312.16 0.921
1313.051 0.891
1313.985 0.934
1314.879 0.894
1315.776 0.897
1316.716 0.94
1317.618 0.902
1318.573 0.955
1319.524 0.951
1320.395 0.871
1321.314 0.919
1322.223 0.909
1323.127 0.904
1323.982 0.855
1324.791 0.809
1325.573 0.782
1326.443 0.87
1327.428 0.985
1328.297 0.869
1329.194 0.897
1330.117 0.923
1330.95 0.833
1331.811 0.861
1332.676 0.865
1333.487 0.811
1334.271 0.784
1334.997 0.726
1335.781 0.784
1336.609 0.828
1336.958 0.349
1337.401 0.443
1338.185 0.784
1338.981 0.796
1339.839 0.858
1340.69 0.851
1341.481 0.791
1342.301 0.82
1343.162 0.861
1343.458 0.296
1343.719 0.261
1343.999 0.28
1344.85 0.851
1345.702 0.852
1346.49 0.788
1347.323 0.833
1348.168 0.845
1348.966 0.798
1349.77 0.804
1350.505 0.735
1351.298 0.793
1352.045 0.747
1352.794 0.749
1353.526 0.732
1354.257 0.731
1354.977 0.72
1355.68 0.703
1356.371 0.691
1357.036 0.665
1357.704 0.668
1358.363 0.659
1359.006 0.643
1359.669 0.663
1360.36 0.691
1361.052 0.692
1361.738 0.686
1362.441 0.703
1363.151 0.71
1363.911 0.76
1364.736 0.825
1365.577 0.841
1366.414 0.837
1367.216 0.802
1367.979 0.763
1368.712 0.733
1369.434 0.722
1370.138 0.704
1370.837 0.699
1371.528 0.691
1372.215 0.687
1372.896 0.681
1373.633 0.737
1374.326 0.693
1375.043 0.717
1375.366 0.323
1375.656 0.29
1375.999 0.343
1376.632 0.633
1377.492 0.86
1378.371 0.879
1379.177 0.806
1380.017 0.84
1380.889 0.872
1381.75 0.861
1382.613 0.863
1383.473 0.86
1384.264 0.791
1385.036 0.772
1385.819 0.783
1386.648 0.829
1387.509 0.861
1388.415 0.906
1389.305 0.89
1390.269 0.964
1391.26 0.991
1392.222 0.962
1393.163 0.941
1394.132 0.969
1395.138 1.006
1396.128 0.99
1397.052 0.924
1397.945 0.893
1398.913 0.968
1399.922 1.009
1400.971 1.049
1402.026 1.055
1403.071 1.045
1404.101 1.03
1405.071 0.97
1406.043 0.972
1406.983 0.94
1407.917 0.934
1408.914 0.997
1409.891 0.977
1410.925 1.034
1411.95 1.025
1412.971 1.021
1413.988 1.017
1414.952 0.964
1415.873 0.921
1416.857 0.984
1417.901 1.044
1418.952 1.051
1419.927 0.975
1420.937 1.01
1421.961 1.024
1422.888 0.927
1423.799 0.911
1424.743 0.944
1425.693 0.95
1426.635 0.942
1427.53 0.895
1428.402 0.872
1429.332 0.93
1430.314 0.982
1431.264 0.95
1432.148 0.884
1433.097 0.949
1434.045 0.948
1434.97 0.925
1435.906 0.936
1436.857 0.951
1437.745 0.888
1438.679 0.934
1439.64 0.961
1440.644 1.004
1441.665 1.021
1442.672 1.007
1443.657 0.985
1444.616 0.959
1445.606 0.99
1446.586 0.98
1447.574 0.988
1448.531 0.957
1449.537 1.006
1450.586 1.049
1451.614 1.028
1452.647 1.033
1453.671 1.024
1454.584 0.913
1455.527 0.943
1456.4 0.873
1457.248 0.848
1458.089 0.841
1458.979 0.89
1459.935 0.956
1460.848 0.913
1461.718 0.87
1462.648 0.93
1463.599 0.951
1464.502 0.903
1465.448 0.946
1466.383 0.935
1467.263 0.88
1468.158 0.895
1469.102 0.944
1470.098 0.996
1471.035 0.937
1471.924 0.889
1472.861 0.937
1473.842 0.981
1474.804 0.962
1475.735 0.931
1476.693 0.958
1477.608 0.915
1478.523 0.915
1479.477 0.954
1480.467 0.99
1481.395 0.928
1482.353 0.958
1483.331 0.978
1484.253 0.922
1485.207 0.954
1486.194 0.987
1487.201 1.007
1488.155 0.954
1489.127 0.972
1490.118 0.991
1491.12 1.002
1492.088 0.968
1493.035 0.947
1493.989 0.954
1494.965 0.976
1495.878 0.913
1496.836 0.958
1497.814 0.978
1498.791 0.977
1499.738 0.947
1500.654 0.916
1501.469 0.815
1502.307 0.838
1503.161 0.854
1504.027 0.866
1504.855 0.828
1505.659 0.804
1506.451 0.792
1507.254 0.803
1508.09 0.836
1508.968 0.878
1509.899 0.931
1510.851 0.952
1511.763 0.912
1512.564 0.801
1513.373 0.809
1514.164 0.791
1514.955 0.791
1515.835 0.88
1516.777 0.942
1517.768 0.991
1518.734 0.966
1519.644 0.91
1520.468 0.824
1521.317 0.849
1522.192 0.875
1523.106 0.914
1524.024 0.918
1524.868 0.844
1525.776 0.908
1526.717 0.941
1527.693 0.976
1528.613 0.92
1529.534 0.921
1530.477 0.943
1531.433 0.956
1532.36 0.927
1533.239 0.879
1534.147 0.908
1535.084 0.937
1536.045 0.961
1536.998 0.953
1537.943 0.945
1538.817 0.874
1539.707 0.89
1540.616 0.909
1541.506 0.89
1542.446 0.94
1543.437 0.991
1544.407 0.97
1545.393 0.986
1546.38 0.987
1547.325 0.945
1548.284 0.959
1549.23 0.946
1550.087 0.857
1550.967 0.88
1551.913 0.946
1552.894 0.981
1553.826 0.932
1554.804 0.978
1555.719 0.915
1556.591 0.872
1557.489 0.898
1558.436 0.947
1559.352 0.916
1560.162 0.81
1561.005 0.843
1561.89 0.885
1562.726 0.836
1563.607 0.881
1564.543 0.936
1565.472 0.929
1566.349 0.877
1567.292 0.943
1568.262 0.97
1569.167 0.905
1570.107 0.94
1571.03 0.923
1571.901 0.871
1572.826 0.925
1573.789 0.963
1574.743 0.954
1575.694 0.951
1576.67 0.976
1577.613 0.943
1578.494 0.881
1579.433 0.939
1580.436 1.003
1581.387 0.951
1582.226 0.839
1583.036 0.81
1583.872 0.836
1584.771 0.899
1585.711 0.94
1586.645 0.934
1587.493 0.848
1588.338 0.845
1589.257 0.919
1590.245 0.988
1591.185 0.94
1592.139 0.954
1593.111 0.972
1594.083 0.972
1595.024 0.941
1595.938 0.914
1596.793 0.855
1597.629 0.836
1598.495 0.866
1599.337 0.842
1600.131 0.794
1600.921 0.79
1601.692 0.771
1602.453 0.761
1603.266 0.813
1604.133 0.867
1604.997 0.864
1605.839 0.842
1606.669 0.83
1607.471 0.802
1608.313 0.842
1609.149 0.836
1609.958 0.809
1610.818 0.86
1611.71 0.892
1612.581 0.871
1613.497 0.916
1614.438 0.941
1615.33 0.892
1616.261 0.931
1617.188 0.927
1618.091 0.903
1619.04 0.949
1619.983 0.943
1620.885 0.902
1621.801 0.916
1622.663 0.862
1623.579 0.916
1624.528 0.949
1625.473 0.945
1626.465 0.992
1627.422 0.957
1628.38 0.958
1629.35 0.97
1630.225 0.875
1631.121 0.896
1631.964 0.843
1632.791 0.827
1633.669 0.878
1634.528 0.859
1635.374 0.846
1636.268 0.894
1637.156 0.888
1637.968 0.812
1638.812 0.844
1639.678 0.866
1640.499 0.821
1641.397 0.898
1642.32 0.923
1643.172 0.852
1644.067 0.895
1644.922 0.855
1645.74 0.818
1646.562 0.822
1647.412 0.85
1648.267 0.855
1649.117 0.85
1649.883 0.766
1650.654 0.771
1651.466 0.812
1652.272 0.806
1653.083 0.811
1653.892 0.809
1654.687 0.795
1655.573 0.886
1656.434 0.861
1657.272 0.838
1658.212 0.94
1659.116 0.904
1659.962 0.846
1660.852 0.89
1661.8 0.948
1662.675 0.875
1663.515 0.84
1664.411 0.896
1665.347 0.936
1666.223 0.876
1667.116 0.893
1668.083 0.967
1669.011 0.928
1669.916 0.905
1670.874 0.958
1671.836 0.962
1672.754 0.918
1673.711 0.957
1674.681 0.97
1675.621 0.94
1676.575 0.954
1677.513 0.938
1678.373 0.86
1679.271 0.898
1680.206 0.935
1681.08 0.874
1682.0 0.92
1682.932 0.932
1683.835 0.903
1684.74 0.905
1685.651 0.911
1686.482 0.831
1687.354 0.872
1688.156 0.802
1688.901 0.745
1689.622 0.721
1690.434 0.812
1691.288 0.854
1692.182 0.894
1693.098 0.916
1694.027 0.929
1694.943 0.916
1695.852 0.909
1696.725 0.873
1697.526 0.801
1698.29 0.764
1699.033 0.743
1699.744 0.711
1700.511 0.767
1701.35 0.839
1702.112 0.762
1702.932 0.82
1703.794 0.862
1704.652 0.858
1705.534 0.882
1706.432 0.898
1707.264 0.832
1708.102 0.838
1708.937 0.835
1709.803 0.866
1710.587 0.784
1711.399 0.812
1712.226 0.827
1713.096 0.87
1713.993 0.897
1714.869 0.876
1715.727 0.858
1716.571 0.844
1717.361 0.79
1718.127 0.766
1718.867 0.74
1719.579 0.712
1720.256 0.677
1720.964 0.708
1721.708 0.744
1722.595 0.887
1723.512 0.917
1724.398 0.886
1725.323 0.925
1726.294 0.971
1727.262 0.968
1728.198 0.936
1729.139 0.941
1730.056 0.917
1730.898 0.842
1731.729 0.831
1732.584 0.855
1733.375 0.791
1734.218 0.843
1735.108 0.89
1735.989 0.881
1736.829 0.84
1737.601 0.772
1738.382 0.781
1739.129 0.747
1739.92 0.791
1740.741 0.821
1741.583 0.842
1742.43 0.847
1743.274 0.844
1744.112 0.838
1744.926 0.814
1745.656 0.73
1746.415 0.759
1747.219 0.804
1748.086 0.867
1748.978 0.892
1749.86 0.882
1750.719 0.859
1751.555 0.836
1752.358 0.803
1753.126 0.768
1753.858 0.732
1754.655 0.797
1755.546 0.891
1756.45 0.904
1757.349 0.899
1758.325 0.976
1759.316 0.991
1760.246 0.93
1761.118 0.872
1762.036 0.918
1762.96 0.924
1763.844 0.884
1764.68 0.836
1765.494 0.814
1766.312 0.818
1767.075 0.763
1767.869 0.794
1768.646 0.777