0.000 7.552
7.552 7.552
7.881 0.329
11.382 3.501
11.649 0.267
11.947 0.298
13.428 1.481
13.974 0.546
16.951 2.977
17.247 0.296
21.94 4.693
22.36 0.42
23.161 0.801
23.632 0.471
24.806 1.174
25.088 0.282
26.115 1.027
26.554 0.439
26.843 0.289
27.162 0.319
27.435 0.273
42.999 15.564
43.53 0.531
43.985 0.455
44.258 0.273
44.53 0.272
44.799 0.269
45.099 0.3
45.409 0.31
45.808 0.399
46.119 0.311
46.705 0.586
50.086 3.381
51.04 0.954
51.941 0.901
62.881 4.882
63.357 0.476
64.965 1.608
65.27 0.305
71.999 6.729
72.944 0.945
73.89 0.946
74.781 0.891
75.636 0.855
76.454 0.818
76.725 0.271
77.02 0.295
77.319 0.299
78.398 1.079
78.978 0.58
79.34 0.362
80.919 1.579
81.408 0.489
81.698 0.29
82.128 0.43
82.581 0.453
82.901 0.32
89.658 6.757
89.999 0.341
94.906 4.907
96.145 1.239
96.561 0.416
96.849 0.288
97.141 0.292
97.919 0.778
99.039 1.12
99.547 0.508
100.03 0.483
100.42 0.39
102.485 2.065
102.743 0.258
103.118 0.375
114.998 6.374
118.048 3.05
118.63 0.582
119.164 0.534
145.998 26.834
146.269 0.271
146.854 0.585
147.269 0.415
147.641 0.372
150.989 3.348
152.047 1.058
154.047 2.0
154.696 0.649
155.375 0.679
155.757 0.382
156.757 1.0
157.446 0.689
158.124 0.678
158.816 0.692
159.373 0.557
159.688 0.315
160.197 0.509
160.861 0.664
161.304 0.443
161.965 0.661
162.795 0.83
163.11 0.315
164.628 1.518
165.311 0.683
168.114 2.803
168.474 0.36
169.478 1.004
170.387 0.909
175.949 0.917
176.845 0.896
177.712 0.867
178.55 0.838
179.364 0.814
180.197 0.833
181.026 0.829
181.842 0.816
182.596 0.754
183.438 0.842
184.362 0.924
185.307 0.945
186.237 0.93
187.165 0.928
188.078 0.913
188.934 0.856
189.813 0.879
190.705 0.892
191.557 0.852
192.335 0.778
193.109 0.774
193.947 0.838
194.89 0.943
195.917 1.027
196.963 1.046
197.994 1.031
198.979 0.985
199.941 0.962
200.864 0.923
201.765 0.901
202.623 0.858
203.398 0.775
204.129 0.731
204.908 0.779
205.787 0.879
206.768 0.981
207.751 0.983
208.663 0.912
209.555 0.892
210.461 0.906
211.45 0.989
212.47 1.02
213.444 0.974
214.417 0.973
215.395 0.978
216.352 0.957
217.249 0.897
218.175 0.926
219.129 0.954
220.08 0.951
220.966 0.886
221.793 0.827
222.665 0.872
223.595 0.93
224.556 0.961
225.475 0.919
226.469 0.994
227.494 1.025
228.469 0.975
229.452 0.983
230.416 0.964
231.343 0.927
232.287 0.944
233.258 0.971
234.23 0.972
235.151 0.921
236.095 0.944
237.059 0.964
238.034 0.975
238.941 0.907
239.834 0.893
240.755 0.921
241.739 0.984
242.666 0.927
243.697 1.031
244.782 1.085
245.801 1.019
246.823 1.022
247.833 1.01
248.812 0.979
249.74 0.928
250.694 0.954
251.677 0.983
252.632 0.955
253.562 0.93
254.539 0.977
255.521 0.982
256.507 0.986
257.556 1.049
258.617 1.061
259.609 0.992
260.668 1.059
261.705 1.037
262.688 0.983
263.663 0.975
264.673 1.01
265.66 0.987
266.616 0.956
267.597 0.981
268.585 0.988
269.53 0.945
270.516 0.986
271.536 1.02
272.551 1.015
273.542 0.991
274.557 1.015
275.575 1.018
276.524 0.949
277.478 0.954
278.421 0.943
279.353 0.932
280.235 0.882
281.16 0.925
282.142 0.982
283.143 1.001
284.102 0.959
285.121 1.019
286.181 1.06
287.244 1.063
288.21 0.966
289.191 0.981
290.167 0.976
291.107 0.94
292.049 0.942
292.992 0.943
293.918 0.926
294.775 0.857
295.619 0.844
296.463 0.844
297.247 0.784
298.017 0.77
298.919 0.902
299.985 1.066
301.077 1.092
302.112 1.035
303.135 1.023
304.203 1.068
305.284 1.081
306.326 1.042
307.276 0.95
308.223 0.947
309.157 0.934
310.113 0.956
311.051 0.938
312.074 1.023
313.143 1.069
314.148 1.005
315.178 1.03
316.231 1.053
317.246 1.015
318.276 1.03
319.368 1.092
320.466 1.098
321.465 0.999
322.496 1.031
323.558 1.062
324.597 1.039
325.664 1.067
326.76 1.096
327.83 1.07
328.834 1.004
329.853 1.019
330.885 1.032
331.934 1.049
332.924 0.99
333.939 1.015
334.973 1.034
336.005 1.032
337.071 1.066
338.155 1.084
339.209 1.054
340.248 1.039
341.269 1.021
342.228 0.959
343.219 0.991
344.227 1.008
345.193 0.966
346.186 0.993
347.197 1.011
348.191 0.994
349.124 0.933
350.093 0.969
351.081 0.988
351.993 0.912
352.93 0.937
353.901 0.971
354.897 0.996
355.827 0.93
356.778 0.951
357.741 0.963
358.718 0.977
359.671 0.953
360.678 1.007
361.714 1.036
362.741 1.027
363.734 0.993
364.739 1.005
365.745 1.006
366.666 0.921
367.602 0.936
368.583 0.981
369.619 1.036
370.658 1.039
371.738 1.08
372.816 1.078
373.895 1.079
374.914 1.019
375.909 0.995
376.885 0.976
377.859 0.974
378.785 0.926
379.691 0.906
380.652 0.961
381.748 1.096
382.86 1.112
383.954 1.094
385.008 1.054
386.019 1.011
386.977 0.958
387.903 0.926
388.9 0.997
389.953 1.053
391.026 1.073
392.0 0.974
392.974 0.974
393.938 0.964
394.93 0.992
395.899 0.969
396.896 0.997
397.892 0.996
398.844 0.952
399.799 0.955
400.763 0.964
401.73 0.967
402.621 0.891
403.549 0.928
404.539 0.99
405.488 0.949
406.476 0.988
407.464 0.988
408.45 0.986
409.368 0.918
410.321 0.953
411.31 0.989
412.312 1.002
413.241 0.929
414.167 0.926
415.074 0.907
415.967 0.893
416.826 0.859
417.761 0.935
418.753 0.992
419.741 0.988
420.718 0.977
421.715 0.997
422.694 0.979
423.621 0.927
424.522 0.901
425.455 0.933
426.459 1.004
427.482 1.023
428.461 0.979
429.475 1.014
430.5 1.025
431.462 0.962
432.488 1.026
433.535 1.047
434.501 0.966
435.485 0.984
436.466 0.981
437.369 0.903
438.286 0.917
439.257 0.971
440.237 0.98
441.185 0.948
442.074 0.889
442.967 0.893
443.858 0.891
444.726 0.868
445.607 0.881
446.544 0.937
447.518 0.974
448.488 0.97
449.421 0.933
450.383 0.962
451.353 0.97
452.28 0.927
453.179 0.899
454.094 0.915
455.045 0.951
455.957 0.912
456.944 0.987
457.957 1.013
458.948 0.991
459.894 0.946
460.905 1.011
461.913 1.008
462.898 0.985
463.81 0.912
464.758 0.948
465.711 0.953
466.569 0.858
467.458 0.889
468.438 0.98
469.422 0.984
470.401 0.979
471.393 0.992
472.361 0.968
473.327 0.966
474.26 0.933
475.193 0.933
476.178 0.985
477.191 1.013
478.13 0.939
479.096 0.966
480.095 0.999
481.042 0.947
482.024 0.982
483.026 1.002
483.909 0.883
484.697 0.788
485.495 0.798
486.37 0.875
487.271 0.901
488.173 0.902
489.073 0.9
489.897 0.824
490.728 0.831
491.526 0.798
492.301 0.775
493.046 0.745
493.831 0.785
494.633 0.802
495.412 0.779
496.245 0.833
497.157 0.912
498.115 0.958
499.001 0.886
499.862 0.861
500.804 0.942
501.798 0.994
502.752 0.954
503.678 0.926
504.602 0.924
505.513 0.911
506.363 0.85
507.197 0.834
508.023 0.826
508.85 0.827
509.681 0.831
510.466 0.785
511.275 0.809
512.075 0.8
512.887 0.812
513.694 0.807
514.524 0.83
515.358 0.834
516.196 0.838
516.981 0.785
517.797 0.816
518.627 0.83
519.479 0.852
520.335 0.856
521.23 0.895
522.086 0.856
522.997 0.911
523.977 0.98
524.981 1.004
525.846 0.865
526.686 0.84
527.499 0.813
528.286 0.787
529.056 0.77
529.801 0.745
530.531 0.73
531.284 0.753
532.066 0.782
532.902 0.836
533.783 0.881
534.689 0.906
535.606 0.917
536.473 0.867
537.425 0.952
538.43 1.005
539.375 0.945
540.33 0.955
541.27 0.94
542.18 0.91
543.053 0.873
543.847 0.794
544.652 0.805
545.465 0.813
546.292 0.827
547.094 0.802
547.955 0.861
548.86 0.905
549.767 0.907
550.738 0.971
551.722 0.984
552.681 0.959
553.598 0.917
554.495 0.897
555.355 0.86
556.147 0.792
556.932 0.785
557.701 0.769
558.581 0.88
559.611 1.03
560.686 1.075
561.744 1.058
562.767 1.023
563.746 0.979
564.691 0.945
565.584 0.893
566.5 0.916
567.408 0.908
568.339 0.931
569.236 0.897
570.179 0.943
571.135 0.956
572.1 0.965
573.083 0.983
574.041 0.958
574.987 0.946
575.96 0.973
576.958 0.998
577.959 1.001
578.886 0.927
579.825 0.939
580.814 0.989
581.804 0.99
582.758 0.954
583.749 0.991
584.738 0.989
585.668 0.93
586.552 0.884
587.47 0.918
588.42 0.95
589.324 0.904
590.251 0.927
591.209 0.958
592.137 0.928
592.989 0.852
593.9 0.911
594.836 0.936
595.747 0.911
596.65 0.903
597.555 0.905
598.427 0.872
599.278 0.851
600.169 0.891
601.107 0.938
602.052 0.945
602.974 0.922
604.015 1.041
605.093 1.078
606.045 0.952
607.04 0.995
608.053 1.013
609.025 0.972
610.046 1.021
611.073 1.027
611.999 0.926
612.965 0.966
613.997 1.032
614.997 1.0
615.955 0.958
616.966 1.011
617.961 0.995
618.811 0.85
619.75 0.939
620.698 0.948
621.656 0.958
622.531 0.875
623.454 0.923
624.421 0.967
625.432 1.011
626.355 0.923
627.329 0.974
628.322 0.993
629.301 0.979
630.279 0.978
631.288 1.009
632.304 1.016
633.263 0.959
634.256 0.993
635.235 0.979
636.158 0.923
637.145 0.987
638.127 0.982
639.064 0.937
640.034 0.97
641.021 0.987
641.968 0.947
642.951 0.983
643.945 0.994
644.897 0.952
645.887 0.99
646.965 1.078
647.854 0.889
648.658 0.804
649.55 0.892
650.477 0.927
651.432 0.955
652.29 0.858
653.183 0.893
654.12 0.937
655.081 0.961
656.027 0.946
657.02 0.993
657.988 0.968
658.885 0.897
659.798 0.913
660.771 0.973
661.736 0.965
662.798 1.062
663.881 1.083
664.937 1.056
665.898 0.961
666.884 0.986
667.849 0.965
668.777 0.928
669.76 0.983
670.736 0.976
671.702 0.966
672.719 1.017
673.779 1.06
674.834 1.055
675.807 0.973
676.824 1.017
677.834 1.01
678.791 0.957
679.674 0.883
680.596 0.922
681.506 0.91
682.393 0.887
683.34 0.947
684.329 0.989
685.259 0.93
686.272 1.013
687.314 1.042
688.283 0.969
689.291 1.008
690.238 0.947
691.1 0.862
691.957 0.857
692.884 0.927
693.947 1.063
695.011 1.064
696.036 1.025
697.087 1.051
698.098 1.011
698.998 0.9
699.952 0.954
700.961 1.009
701.916 0.955
702.796 0.88
703.691 0.895
704.713 1.022
705.77 1.057
706.751 0.981
707.718 0.967
708.673 0.955
709.575 0.902
710.527 0.952
711.493 0.966
712.425 0.932
713.418 0.993
714.487 1.069
715.524 1.037
716.586 1.062
717.638 1.052
718.651 1.013
719.665 1.014
720.681 1.016
721.674 0.993
722.612 0.938
723.649 1.037
724.684 1.035
725.651 0.967
726.669 1.018
727.708 1.039
728.698 0.99
729.745 1.047
730.784 1.039
731.773 0.989
732.725 0.952
733.698 0.973
734.674 0.976
735.562 0.888
736.526 0.964
737.475 0.949
738.358 0.883
739.366 1.008
740.438 1.072
741.519 1.081
742.479 0.96
743.442 0.963
744.46 1.018
745.5 1.04
746.452 0.952
747.467 1.015
748.488 1.021
749.361 0.873
750.262 0.901
751.181 0.919
752.141 0.96
753.147 1.006
754.184 1.037
755.137 0.953
756.174 1.037
757.212 1.038
758.186 0.974
759.2 1.014
760.236 1.036
761.123 0.887
761.945 0.822
762.867 0.922
763.862 0.995
764.86 0.998
765.872 1.012
766.843 0.971
767.843 1.0
768.817 0.974
769.709 0.892
770.666 0.957
771.704 1.038
772.761 1.057
773.746 0.985
774.792 1.046
775.83 1.038
776.919 1.089
777.999 1.08
779.028 1.029
780.059 1.031
781.066 1.007
782.032 0.966
782.965 0.933
783.948 0.983
784.96 1.012
785.945 0.985
786.989 1.044
788.047 1.058
789.101 1.054
790.053 0.952
791.044 0.991
792.033 0.989
792.949 0.916
793.87 0.921
794.824 0.954
795.779 0.955
796.656 0.877
797.566 0.91
798.512 0.946
799.486 0.974
800.403 0.917
801.339 0.936
802.335 0.996
803.286 0.951
804.2 0.914
805.218 1.018
806.272 1.054
807.285 1.013
808.338 1.053
809.375 1.037
810.311 0.936
811.267 0.956
812.239 0.972
813.195 0.956
814.237 1.042
815.314 1.077
816.331 1.017
817.35 1.019
818.301 0.951
819.177 0.876
820.126 0.949
821.095 0.969
822.016 0.921
822.91 0.894
823.886 0.976
824.899 1.013
825.832 0.933
826.757 0.925
827.728 0.971
828.736 1.008
829.68 0.944
830.671 0.991
831.692 1.021
832.625 0.933
833.508 0.883
834.451 0.943
835.428 0.977
836.372 0.944
837.33 0.958
838.314 0.984
839.287 0.973
840.184 0.897
841.129 0.945
842.085 0.956
843.005 0.92
843.868 0.863
844.805 0.937
845.807 1.002
846.822 1.015
847.753 0.931
848.647 0.894
849.515 0.868
850.397 0.882
851.278 0.881
852.094 0.816
852.913 0.819
853.713 0.8
854.51 0.797
855.307 0.797
856.085 0.778
856.899 0.814
857.731 0.832
858.559 0.828
859.404 0.845
860.278 0.874
861.163 0.885
862.044 0.881
862.928 0.884
863.814 0.886
864.641 0.827
865.422 0.781
866.222 0.8
867.105 0.883
867.985 0.88
868.929 0.944
869.898 0.969
870.872 0.974
871.85 0.978
872.793 0.943
873.711 0.918
874.62 0.909
875.473 0.853
876.264 0.791
877.039 0.775
877.908 0.869
878.999 1.091
880.085 1.086
881.123 1.038
882.141 1.018
883.203 1.062
884.268 1.065
885.252 0.984
886.263 1.011
887.287 1.024
888.284 0.997
889.204 0.92
890.16 0.956
891.109 0.949
892.023 0.914
892.998 0.975
893.972 0.974
894.947 0.975
895.853 0.906
896.806 0.953
897.765 0.959
898.713 0.948
899.624 0.911
900.578 0.954
901.55 0.972
902.508 0.958
903.483 0.975
904.46 0.977
905.387 0.927
906.345 0.958
907.311 0.966
908.234 0.923
909.212 0.978
910.183 0.971
911.104 0.921
912.042 0.938
912.949 0.907
913.938 0.989
915.001 1.063
915.989 0.988
916.878 0.889
917.777 0.899
918.705 0.928
919.693 0.988
920.656 0.963
921.664 1.008
922.713 1.049
923.761 1.048
924.745 0.984
925.775 1.03
926.827 1.052
927.802 0.975
928.734 0.932
929.694 0.96
930.679 0.985
931.627 0.948
932.591 0.964
933.621 1.03
934.617 0.996
935.555 0.938
936.524 0.969
937.524 1.0
938.511 0.987
939.476 0.965
940.467 0.991
941.415 0.948
942.26 0.845
943.126 0.866
944.178 1.052
945.195 1.017
946.24 1.045
947.33 1.09
948.402 1.072
949.407 1.005
950.383 0.976
951.376 0.993
952.367 0.991
953.301 0.934
954.269 0.968
955.27 1.001
956.273 1.003
957.216 0.943
958.171 0.955
959.147 0.976
960.116 0.969
961.053 0.937
961.997 0.944
962.957 0.96
963.894 0.937
964.835 0.941
965.787 0.952
966.761 0.974
967.694 0.933
968.645 0.951
969.607 0.962
970.565 0.958
971.55 0.985
972.559 1.009
973.556 0.997
974.461 0.905
975.391 0.93
976.348 0.957
977.325 0.977
978.185 0.86
979.063 0.878
980.014 0.951
980.981 0.967
981.959 0.978
982.955 0.996
983.888 0.933
984.826 0.938
985.771 0.945
986.732 0.961
987.663 0.931
988.697 1.034
989.776 1.079
990.813 1.037
991.84 1.027
992.921 1.081
993.989 1.068
994.991 1.002
995.923 0.932
996.866 0.943
997.851 0.985
998.846 0.995
999.84 0.994
1000.787 0.947
1001.761 0.974
1002.765 1.004
1003.755 0.99
1004.732 0.977
1005.773 1.041
1006.801 1.028
1007.76 0.959
1008.74 0.98
1009.743 1.003
1010.763 1.02
1011.658 0.895
1012.56 0.902
1013.542 0.982
1014.547 1.005
1015.514 0.967
1016.466 0.952
1017.423 0.957
1018.381 0.958
1019.296 0.915
1020.238 0.942
1021.192 0.954
1022.116 0.924
1023.028 0.912
1023.98 0.952
1024.945 0.965
1025.88 0.935
1026.86 0.98
1027.875 1.015
1028.878 1.003
1029.812 0.934
1030.718 0.906
1031.665 0.947
1032.655 0.99
1033.658 1.003
1034.644 0.986
1035.629 0.985
1036.627 0.998
1037.577 0.95
1038.556 0.979
1039.612 1.056
1040.693 1.081
1041.735 1.042
1042.684 0.949
1043.555 0.871
1044.443 0.888
1045.371 0.928
1046.336 0.965
1047.341 1.005
1048.356 1.015
1049.286 0.93
1050.206 0.92
1051.162 0.956
1052.132 0.97
1052.99 0.858
1053.88 0.89
1054.821 0.941
1055.83 1.009
1056.812 0.982
1057.82 1.008
1058.824 1.004
1059.842 1.018
1060.789 0.947
1061.747 0.958
1062.703 0.956
1063.625 0.922
1064.573 0.948
1065.566 0.993
1066.565 0.999
1067.513 0.948
1068.501 0.988
1069.507 1.006
1070.48 0.973
1071.506 1.026
1072.552 1.046
1073.568 1.016
1074.579 1.011
1075.569 0.99
1076.536 0.967
1077.454 0.918
1078.391 0.937
1079.334 0.943
1080.236 0.902
1081.08 0.844
1081.98 0.9
1082.933 0.953
1083.962 1.029
1084.952 0.99
1085.978 1.026
1087.008 1.03
1088.016 1.008
1089.049 1.033
1090.078 1.029
1091.08 1.002
1092.057 0.977
1093.051 0.994
1093.995 0.944
1094.925 0.93
1095.899 0.974
1096.879 0.98
1097.851 0.972
1098.727 0.876
1099.625 0.898
1100.536 0.911
1101.443 0.907
1102.316 0.873
1103.199 0.883
1104.103 0.904
1105.022 0.919
1105.905 0.883
1106.812 0.907
1107.744 0.932
1108.685 0.941
1109.582 0.897
1110.513 0.931
1111.472 0.959
1112.45 0.978
1113.332 0.882
1114.204 0.872
1115.196 0.992
1116.242 1.046
1117.213 0.971
1118.174 0.961
1119.108 0.934
1119.993 0.885
1120.81 0.817
1121.635 0.825
1122.451 0.816
1123.264 0.813
1124.038 0.774
1124.831 0.793
1125.629 0.798
1126.435 0.806
1127.22 0.785
1128.054 0.834
1128.908 0.854
1129.751 0.843
1130.627 0.876
1131.52 0.893
1132.411 0.891
1133.266 0.855
1134.165 0.899
1135.079 0.914
1135.977 0.898
1136.838 0.861
1137.689 0.851
1138.535 0.846
1139.347 0.812
1140.198 0.851
1141.068 0.87
1141.994 0.926
1142.899 0.905
1143.875 0.976
1144.927 1.052
1145.947 1.02
1146.869 0.922
1147.818 0.949
1148.759 0.941
1149.69 0.931
1150.609 0.919
1151.563 0.954
1152.521 0.958
1153.449 0.928
1154.386 0.937
1155.318 0.932
1156.248 0.93
1157.148 0.9
1158.07 0.922
1158.975 0.905
1159.876 0.901
1160.743 0.867
1161.6 0.857
1162.483 0.883
1163.368 0.885
1164.214 0.846
1165.082 0.868
1165.949 0.867
1166.826 0.877
1167.674 0.848
1168.541 0.867
1169.413 0.872
1170.304 0.891
1171.124 0.82
1171.917 0.793
1172.743 0.826
1173.595 0.852
1174.433 0.838
1175.301 0.868
1176.187 0.886
1177.097 0.91
1177.993 0.896
1178.934 0.941
1179.899 0.965
1180.852 0.953
1181.752 0.9
1182.693 0.941
1183.671 0.978
1184.635 0.964
1185.547 0.912
1186.459 0.912
1187.352 0.893
1188.221 0.869
1189.123 0.902
1190.061 0.938
1191.007 0.946
1191.92 0.913
1192.849 0.929
1193.775 0.926
1194.7 0.925
1195.586 0.886
1196.486 0.9
1197.385 0.899
1198.27 0.885
1199.129 0.859
1200.022 0.893
1200.943 0.921
1201.874 0.931
1202.811 0.937
1203.783 0.972
1204.76 0.977
1205.675 0.915
1206.599 0.924
1207.511 0.912
1208.429 0.918
1209.321 0.892
1210.224 0.903
1211.119 0.895
1212.051 0.932
1212.978 0.927
1213.935 0.957
1214.9 0.965
1215.875 0.975
1216.863 0.988
1217.788 0.925
1218.699 0.911
1219.623 0.924
1220.487 0.864
1221.403 0.916
1222.372 0.969
1223.348 0.976
1224.247 0.899
1225.119 0.872
1225.955 0.836
1226.791 0.836
1227.602 0.811
1228.391 0.789
1229.236 0.845
1230.139 0.903
1231.117 0.978
1232.062 0.945
1233.058 0.996
1234.017 0.959
1234.965 0.948
1235.885 0.92
1236.807 0.922
1237.718 0.911
1238.639 0.921
1239.551 0.912
1240.446 0.895
1241.319 0.873
1242.19 0.871
1243.072 0.882
1243.967 0.895
1244.849 0.882
1245.746 0.897
1246.646 0.9
1247.553 0.907
1248.461 0.908
1249.385 0.924
1250.31 0.925
1251.249 0.939
1252.155 0.906
1253.078 0.923
1254.004 0.926
1254.93 0.926
1255.848 0.918
1256.773 0.925
1257.689 0.916
1258.598 0.909
1259.499 0.901
1260.409 0.91
1261.317 0.908
1262.231 0.914
1263.105 0.874
1264.028 0.923
1264.98 0.952
1265.941 0.961
1266.904 0.963
1267.844 0.94
1268.782 0.938
1269.683 0.901
1270.582 0.899
1271.455 0.873
1272.315 0.86
1273.14 0.825
1274.008 0.868
1274.869 0.861
1275.714 0.845
1276.596 0.882
1277.496 0.9
1278.431 0.935
1279.307 0.876
1280.204 0.897
1281.093 0.889
1281.888 0.795
1282.718 0.83
1283.554 0.836
1284.439 0.885
1285.345 0.906
1286.2 0.855
1287.055 0.855
1287.903 0.848
1288.722 0.819
1289.565 0.843
1290.364 0.799
1291.226 0.862
1292.146 0.92
1293.09 0.944
1294.05 0.96
1295.043 0.993
1296.04 0.997
1297.024 0.984
1297.987 0.963
1298.943 0.956
1299.877 0.934
1300.776 0.899
1301.702 0.926
1302.614 0.912
1303.489 0.875
1304.418 0.929
1305.389 0.971
1306.355 0.966
1307.372 1.017
1308.373 1.001
1309.312 0.939
1310.281 0.969
1311.238 0.957
1312.16 0.922
1313.047 0.887
1313.943 0.896
1314.827 0.884
1315.719 0.892
1316.604 0.885
1317.487 0.883
1318.341 0.854
1319.17 0.829
1319.998 0.828
1320.846 0.848
1321.721 0.875
1322.582 0.861
1323.484 0.902
1324.396 0.912
1325.303 0.907
1326.201 0.898
1327.112 0.911
1328.015 0.903
1328.885 0.87
1329.771 0.886
1330.662 0.891
1331.577 0.915
1332.503 0.926
1333.412 0.909
1334.367 0.955
1335.323 0.956
1336.227 0.904
1337.144 0.917
1338.054 0.91
1338.953 0.899
1339.782 0.829
1340.641 0.859
1341.531 0.89
1342.455 0.924
1343.304 0.849
1344.208 0.904
1345.126 0.918
1345.981 0.855
1346.856 0.875
1347.714 0.858
1348.593 0.879
1349.419 0.826
1350.267 0.848
1351.133 0.866
1352.001 0.868
1352.848 0.847
1353.721 0.873
1354.636 0.915
1355.557 0.921
1356.498 0.941
1357.408 0.91
1358.331 0.923
1359.271 0.94
1360.221 0.95
1361.141 0.92
1362.056 0.915
1362.895 0.839
1363.69 0.795
1364.485 0.795
1365.378 0.893
1366.606 1.228
1367.792 1.186
1368.916 1.124
1370.054 1.138
1371.216 1.162
1372.363 1.147
1373.454 1.091
1374.529 1.075
1375.549 1.02
1376.546 0.997
1377.547 1.001
1378.55 1.003
1379.544 0.994
1380.52 0.976
1381.436 0.916
1382.261 0.825
1383.055 0.794
1383.862 0.807
1384.759 0.897
1385.852 1.093
1386.999 1.147
1388.085 1.086
1389.127 1.042
1390.141 1.014
1391.12 0.979
1392.068 0.948
1392.98 0.912
1393.859 0.879
1394.707 0.848
1395.538 0.831
1396.365 0.827
1397.195 0.83
1398.037 0.842
1398.883 0.846
1399.739 0.856
1400.615 0.876
1401.512 0.897
1402.424 0.912
1403.33 0.906
1404.239 0.909
1405.145 0.906
1406.044 0.899
1406.928 0.884
1407.802 0.874
1408.653 0.851
1409.506 0.853
1410.344 0.838
1411.224 0.88
1412.118 0.894
1413.047 0.929
1413.984 0.937
1414.903 0.919
1415.815 0.912
1416.712 0.897
1417.588 0.876
1418.431 0.843
1419.245 0.814
1420.088 0.843
1421.037 0.949
1422.226 1.189
1423.376 1.15
1424.453 1.077
1425.487 1.034
1426.492 1.005
1427.436 0.944
1428.331 0.895
1429.208 0.877
1430.061 0.853
1430.926 0.865
1431.791 0.865
1432.693 0.902
1433.598 0.905
1434.497 0.899
1435.413 0.916
1436.323 0.91
1437.242 0.919
1438.131 0.889
1439.049 0.918
1439.958 0.909
1440.838 0.88
1441.682 0.844
1442.582 0.9
1443.51 0.928
1444.474 0.964
1445.425 0.951
1446.356 0.931
1447.224 0.868
1448.046 0.822
1448.873 0.827
1449.738 0.865
1450.703 0.965
1451.74 1.037
1452.796 1.056
1453.809 1.013
1454.8 0.991
1455.755 0.955
1456.658 0.903
1457.567 0.909
1458.464 0.897
1459.359 0.895
1460.236 0.877
1461.116 0.88
1461.999 0.883
1462.894 0.895
1463.794 0.9
1464.679 0.885
1465.586 0.907
1466.499 0.913
1467.34 0.841
1468.175 0.835
1469.05 0.875
1470.006 0.956
1471.096 1.09
1472.212 1.116
1473.308 1.096
1474.368 1.06
1475.386 1.018
1476.329 0.943
1477.233 0.904
1478.123 0.89
1478.986 0.863
1479.86 0.874
1480.723 0.863
1481.576 0.853
1482.405 0.829
1483.24 0.835
1484.072 0.832
1484.895 0.823
1485.721 0.826
1486.505 0.784
1487.357 0.852
1488.206 0.849
1489.036 0.83
1489.931 0.895
1491.089 1.158
1492.202 1.113
1493.268 1.066
1494.309 1.041
1495.258 0.949
1496.191 0.933
1497.108 0.917
1498.011 0.903
1498.913 0.902
1499.794 0.881
1500.678 0.884
1501.522 0.844
1502.359 0.837
1503.235 0.876
1504.161 0.926
1505.094 0.933
1506.016 0.922
1506.927 0.911
1507.82 0.893
1508.699 0.879
1509.573 0.874
1510.438 0.865
1511.278 0.84
1512.087 0.809
1512.918 0.831
1513.79 0.872
1514.732 0.942
1515.671 0.939
1516.6 0.929
1517.483 0.883
1518.342 0.859
1519.183 0.841
1520.065 0.882
1521.107 1.042
1522.137 1.03
1523.161 1.024
1524.171 1.01
1525.166 0.995
1526.164 0.998
1527.135 0.971
1528.084 0.949
1529.013 0.929
1529.905 0.892
1530.795 0.89
1531.676 0.881
1532.569 0.893
1533.477 0.908
1534.367 0.89
1535.25 0.883
1536.184 0.934
1537.17 0.986
1538.178 1.008
1539.188 1.01
1540.187 0.999
1541.166 0.979
1542.121 0.955
1543.048 0.927
1543.956 0.908
1544.856 0.9
1545.737 0.881
1546.604 0.867
1547.452 0.848
1548.331 0.879
1549.198 0.867
1550.031 0.833
1550.814 0.783
1551.581 0.767
1552.412 0.831
1553.269 0.857
1554.178 0.909
1555.059 0.881
1555.986 0.927
1556.96 0.974
1557.958 0.998
1558.821 0.863
1559.691 0.87
1560.589 0.898
1561.623 1.034
1562.81 1.187
1563.961 1.151
1565.02 1.059
1566.023 1.003
1566.977 0.954
1567.845 0.868
1568.661 0.816
1569.48 0.819
1570.317 0.837
1571.212 0.895
1572.145 0.933
1573.035 0.89
1573.961 0.926
1574.931 0.97
1575.915 0.984
1576.919 1.004
1577.914 0.995
1578.847 0.933
1579.758 0.911
1580.638 0.88
1581.529 0.891
1582.407 0.878
1583.295 0.888
1584.177 0.882
1585.087 0.91
1585.989 0.902
1586.87 0.881
1587.767 0.897
1588.672 0.905
1589.594 0.922
1590.513 0.919
1591.439 0.926
1592.363 0.924
1593.287 0.924
1594.198 0.911
1595.079 0.881
1595.977 0.898
1596.884 0.907
1597.817 0.933
1598.703 0.886
1599.529 0.826
1600.363 0.834
1601.244 0.881
1602.282 1.038
1603.358 1.076
1604.418 1.06
1605.511 1.093
1606.598 1.087
1607.625 1.027
1608.636 1.011
1609.605 0.969
1610.517 0.912
1611.42 0.903
1612.3 0.88
1613.178 0.878
1614.031 0.853
1614.919 0.888
1615.804 0.885
1616.71 0.906
1617.646 0.936
1618.576 0.93
1619.537 0.961
1620.513 0.976
1621.476 0.963
1622.331 0.855
1623.154 0.823
1624.016 0.862
1625.032 1.016
1626.092 1.06
1627.193 1.101
1628.305 1.112
1629.36 1.055
1630.36 1.0
1631.31 0.95
1632.222 0.912
1633.078 0.856
1633.92 0.842
1634.72 0.8
1635.544 0.824
1636.381 0.837
1637.232 0.851
1638.092 0.86
1638.958 0.866
1639.828 0.87
1640.682 0.854
1641.554 0.872
1642.417 0.863
1643.283 0.866
1644.175 0.892
1645.091 0.916
1646.019 0.928
1646.928 0.909
1647.82 0.892
1648.691 0.871
1649.532 0.841
1650.349 0.817
1651.187 0.838
1652.053 0.866
1652.939 0.886